0	file:/C:/Users/apovzner/Documents/Hakluyt/CC_ML_FR_trimmed_MAlem_AMER_cat_mod/enc_full_part/10_32-1595-En-enc_part-expl_y-The_voyage_of_sir_Walter_Ralegh_himselfe_to_the_Isle_of_Trinidad_where_he_tooke_the_citie_of_Saint_J-348_431.txt	0.0017943135936655692	0.07931539635986873	0.0830692700327831	1.895329221043328E-6	0.19623699822701138	8.601827920945132E-6	5.850188929779912E-6	0.04265053271433957	0.0013893115976864377	0.009380853697838077	5.6298112619209365E-6	8.579903223649381E-5	4.951466206967108E-4	0.3840205502069399	0.0018784518433308237	0.1092499241429949	1.1511149986659904E-5	0.009285378255823947	9.00243929153357E-6	0.08110558292817242
1	file:/C:/Users/apovzner/Documents/Hakluyt/CC_ML_FR_trimmed_MAlem_AMER_cat_mod/enc_full_part/10_34-1594-Sp-enc_part-expl_y-Foure_severall_testimonies_concerning_the_rich_Empire_of_Guiana-433_439.txt	6.441412870703149E-5	0.0700156345157393	0.03626274558708981	3.038690528675168E-5	0.2132535373071238	1.379089856393453E-4	9.379327609425458E-5	1.433309164153823E-4	9.46102687407434E-5	0.06168050501422308	9.026006653562202E-5	7.089495635220122E-5	1.1036961845220737E-4	0.1305014035976393	0.001413362372202035	0.06981940269004663	1.845527523675693E-4	1.3452135269614166E-4	0.39154827730746433	0.02435008838118438
2	file:/C:/Users/apovzner/Documents/Hakluyt/CC_ML_FR_trimmed_MAlem_AMER_cat_mod/enc_full_part/10_39-1596-En-enc_part-expl_y-A_table_of_the_names_of_the_rivers_nations_townes_and_Caciques_or_captaines-490_495.txt	8.936495708698434E-5	0.017494101579396765	0.0358287459866841	0.4326435964183876	0.08046165107537169	1.9132806468007555E-4	1.3012412434130726E-4	0.007439041631665253	1.3125757928759586E-4	0.06747198496863714	1.2522232520306858E-4	9.835613489260005E-5	0.029113887116963888	0.15571048386259004	0.003770876492423415	0.07514339090848356	2.5603930576510833E-4	1.866282312945655E-4	0.01106052592692339	0.08265339330992177
3	file:/C:/Users/apovzner/Documents/Hakluyt/CC_ML_FR_trimmed_MAlem_AMER_cat_mod/enc_full_part/10_4-1565-En-enc_part-expl_y-The_second_voyage_made_by_the_R_W_sir_John_Hawkins_knight_with_the_Jesus_of_Lubec-009_063.txt	6.418171118572227E-6	0.06781500439537219	0.19522910790167436	3.027726398058535E-6	0.2809828743979424	0.0010537189816137034	9.345485343477182E-6	0.014053982256372046	5.294158113431442E-4	0.02031549320029534	8.993439231851311E-6	7.063915486331289E-6	0.0010509749815837076	3.3301168819147996E-6	0.26936509038834694	0.01865649893302829	1.8388685353268553E-5	5.333925191166593E-4	0.0020943367882072486	0.1282635419052905
4	file:/C:/Users/apovzner/Documents/Hakluyt/CC_ML_FR_trimmed_MAlem_AMER_cat_mod/enc_full_part/11_1-1597-En-enc_part-expl_y-The_3_voyage_set_forth_by_sir_Walter_Ralegh_to_Guiana_with_a_pinnesse_called_The_Wat_begun_in_the_ye-001_015.txt	2.3857104115926505E-5	0.06652180940180369	0.38888882174785633	1.1254418521812546E-5	0.14953226639302417	0.02662791018096415	3.4738278667583846E-5	0.002469161271180276	3.504086878283448E-5	0.023811080354014445	3.3429681470110886E-5	2.625741260401309E-5	4.0877669720959274E-5	0.049783537929745166	0.1324412013763851	0.0316576407598585	6.835292685769542E-5	0.026143440360396973	5.345626415676534E-5	0.10179586559987347
5	file:/C:/Users/apovzner/Documents/Hakluyt/CC_ML_FR_trimmed_MAlem_AMER_cat_mod/enc_full_part/11_20.2-1579-En-enc_part-expl_y-The_famous_voyage_of_sir_Francis_Drake_into_the_South_sea_and_therehence_about_the_globe_2-119_132.txt	2.4019596976978323E-5	0.06989393354288802	0.11520196451127103	1.1331073368779619E-5	0.2707178154021775	5.142533666219362E-5	3.49748841776777E-5	5.3447138318004394E-5	3.527953526115458E-5	0.011324094330058846	3.365737400813787E-5	2.6436254179969314E-5	4.115609117034447E-5	1.2462750511335567E-5	4.052699607711854E-5	0.02165663016791401	0.35035339915424396	5.016211103708625E-5	5.382035953321028E-5	0.16038346339016465
6	file:/C:/Users/apovzner/Documents/Hakluyt/CC_ML_FR_trimmed_MAlem_AMER_cat_mod/enc_full_part/11_23-1578-Sp-enc_part-expl_y-The_voyage_of_Nunno_de_Silva_a_Portugal_Pilot_taken_by_sir_Francis_Drake_at_the_yles_of_Cabo_Verde_a-133_146.txt	2.5247924570149185E-5	0.046364772010483536	0.6370812940814226	1.1910528140333677E-5	0.0953492637920885	5.4055154309459575E-5	3.676344937902443E-5	0.1371075202540284	3.708367988011113E-5	0.04463187039014153	3.537856363706845E-5	2.7788166141708646E-5	4.326075439429626E-5	1.3100077621967361E-5	4.2599488284109526E-5	2.631527886995312E-4	7.233776291817122E-5	0.03227001991899769	5.6572655200468194E-5	0.006476008559661333
7	file:/C:/Users/apovzner/Documents/Hakluyt/CC_ML_FR_trimmed_MAlem_AMER_cat_mod/enc_full_part/11_25.2-1578-En-enc_part-expl_y-The_voyage_of_M_John_Winter_into_the_South_sea_by_the_Streight_of_Magellan_in_consort_with_sir_Franc-156_157.txt	1.595351635659519E-4	0.08293166703585945	0.25784068510554464	7.525957429671529E-5	0.28905005035971126	0.03265470568421527	2.322988130622651E-4	3.549892182565483E-4	2.343222675140451E-4	0.15599608294325837	2.2354807504618602E-4	1.7558629891728723E-4	2.733536180015507E-4	8.277603255430195E-5	2.691752469534215E-4	0.0016627950179181016	0.003688398283570676	0.03587762999937179	3.5746810696026904E-4	0.137859673155422
8	file:/C:/Users/apovzner/Documents/Hakluyt/CC_ML_FR_trimmed_MAlem_AMER_cat_mod/enc_full_part/11_29-1579-Sp-enc_part-expl_y-A_discourse_of_the_West_Indies_and_the_South_sea_written_by_Lopez_Vaz_a_Portugall_conteining_divers_2-274_290.txt	1.8812015080811273E-5	0.05207333736396433	0.0662207071589588	8.874433792522228E-6	0.24250701762993873	0.005374683205855604	2.7392135231524215E-5	0.48318673724547834	2.7630736269761682E-5	0.027539392934413556	4.073893519706483E-4	2.0704727593489615E-5	0.0011753204724333573	9.760757051516814E-6	3.174051846554516E-5	0.09126202384854235	8.159564221925621E-4	0.002706490270798597	4.2151806966779745E-5	0.026543876965001163
9	file:/C:/Users/apovzner/Documents/Hakluyt/CC_ML_FR_trimmed_MAlem_AMER_cat_mod/enc_full_part/11_3-1518-Sp-enc_part-expl_y-A_briefe_description_of_the_foresayd_river_of_Amazones_or_Orellana_and_of_the_countries_thereabout_a-019_022.txt	0.026551630178044846	0.09698423263622623	0.2763015599663125	4.738971748817815E-5	0.07010125689235086	2.1507513867755317E-4	1.462747461267572E-4	2.2353087858565355E-4	1.475488821515239E-4	0.045325823542254555	0.002175470204515883	0.030631148622972344	1.7212628230386153E-4	0.12009975631448352	1.6949523070169657E-4	0.027498208211136077	2.8781814777886967E-4	2.0979197586063874E-4	0.04702332184415345	0.2556885405878751
10	file:/C:/Users/apovzner/Documents/Hakluyt/CC_ML_FR_trimmed_MAlem_AMER_cat_mod/enc_full_part/11_5-1530-En-enc_part-expl_y-The_second_voyage_of_M_William_Hawkins_to_Brasil_1532-024_024.txt	2.8792875944612763E-4	0.015541898765868964	0.01629636746804123	1.3582833639518455E-4	0.28840217010314223	6.164480363028798E-4	0.06456982532370457	6.406838652038255E-4	4.229043822557107E-4	0.007443531221764037	0.00623532940094858	0.011980638339455806	4.933480892991965E-4	1.4939402594701083E-4	0.13461882297031333	0.14879776580096352	0.029984295242392878	0.14056619170092	0.006477028019561067	0.12633960014807386
11	file:/C:/Users/apovzner/Documents/Hakluyt/CC_ML_FR_trimmed_MAlem_AMER_cat_mod/enc_full_part/7_23.1-1497-En-enc_full-expl_n-Extract_taken_from_map_of_Sebastian_Cabot_concerning_his_discovery_of_the_West_Indies-145_146.txt	1.9027748309198244E-4	0.025686797573125433	0.037747347541115514	0.4201743068474745	0.028722896851967245	0.11602697866330856	2.7706263927494533E-4	0.004277382053224621	2.794760120488843E-4	0.0010650648162076326	2.6662563988447233E-4	2.0942166151104448E-4	0.004180015327293991	9.872691877274662E-5	3.210451373611205E-4	0.1368727472429719	0.09689482976048018	0.069769131898177	4.263519725539181E-4	0.05651351396015438
12	file:/C:/Users/apovzner/Documents/Hakluyt/CC_ML_FR_trimmed_MAlem_AMER_cat_mod/enc_full_part/7_23.2-1497-En-enc_part-expl_y-A_discourse_of_Sebastian_Cabot_touching_his_discovery_of_part_of_the_West_India_out_of_England-147_149.txt	0.13644853867243512	0.18545275309285858	0.06062889293933302	0.04735643013542853	0.16538936295049952	2.94051947952155E-4	1.9998766151798367E-4	0.03646980694156884	0.0029835907642867744	7.687785784321264E-4	1.9245409038465592E-4	1.511634642130252E-4	0.0057990542217785206	7.126246131887971E-5	0.028050345807348012	0.2851813436506646	3.935066020682325E-4	0.014196134261711122	3.077467759556859E-4	0.029664794980244647
13	file:/C:/Users/apovzner/Documents/Hakluyt/CC_ML_FR_trimmed_MAlem_AMER_cat_mod/enc_full_part/7_23.4-1497-En-enc_part-expl_y-Another_testimonie_of_the_voyage_of_Cabot_out_of_Peter_Martyr-150_153.txt	0.04656475320967777	0.009032431036560191	0.06349693809380551	0.54024907127922	0.08219769905130173	0.06603597318582298	1.3919426231225743E-4	0.0021489257486479547	1.4040672330603132E-4	5.350808459586047E-4	1.3395078944737683E-4	1.0521192522572334E-4	1.6379444520843843E-4	4.959968859351484E-5	1.6129075064347592E-4	0.1578297648337139	2.738862026493829E-4	1.996369167760996E-4	2.1419614156683976E-4	0.030328194869562137
14	file:/C:/Users/apovzner/Documents/Hakluyt/CC_ML_FR_trimmed_MAlem_AMER_cat_mod/enc_full_part/7_23.7-1497-En-enc_full-expl_n-Of_three_Savages_which_Cabot_brought_home-155_155.txt	8.031613961012169E-4	0.09215631096874229	0.14306390125548574	0.016646566136742112	0.2188454516382579	0.0017195478020788357	0.0011694816041895044	0.0017871523102675909	0.0011796684524436013	0.053298680821315975	0.04992846847071632	8.839689872907207E-4	0.0013761672884904984	4.1672639676424084E-4	0.0013551317609652013	0.268654037622836	0.002301135623832147	0.01794498885614194	0.0017996319897787274	0.12466982061755941
15	file:/C:/Users/apovzner/Documents/Hakluyt/CC_ML_FR_trimmed_MAlem_AMER_cat_mod/enc_full_part/7_26-1576-En-enc_part-expl_y-A_discourse_written_by_sir_Humfrey_Gilbert_knight_to_proove_a_passage_by_the_Northwest_to_Cataya_and-158_203.txt	0.5225412565035382	0.03542662561011183	0.04780165081871392	3.6890479310566962E-6	0.1456334702607512	1.6742503171876618E-5	1.1386743330963504E-5	1.7579220242757159E-4	1.1485928325413471E-5	4.377212216245869E-5	1.0957802664276201E-5	0.0019093043849133973	0.014427022287378707	4.057487097011882E-6	1.319433968560907E-5	0.2055152338358706	0.004615757602848424	0.0014418544029511956	0.0014430454158064385	0.01895370070031992
16	file:/C:/Users/apovzner/Documents/Hakluyt/CC_ML_FR_trimmed_MAlem_AMER_cat_mod/enc_full_part/7_27-1576-En-enc_part-expl_y-The_first_voyage_of_M_Martin_Frobisher_to_the_Northwest_for_the_search_of_a_passage_to_China_anno_15-204_211.txt	4.25077977151048E-5	0.004877427928988649	0.6713848002830118	2.0052750057244633E-5	0.041716712040516135	0.18261807453553183	0.0603302665079325	0.0018165395628991065	6.243465907448057E-5	2.3793440519151462E-4	5.956389890016936E-5	0.005212644958761419	7.283447760968619E-5	2.2055494029205638E-5	7.17211597221278E-5	0.004747931762243185	0.010453509722317417	8.877254980467745E-5	9.524660043982633E-5	0.016068968905253864
17	file:/C:/Users/apovzner/Documents/Hakluyt/CC_ML_FR_trimmed_MAlem_AMER_cat_mod/enc_full_part/7_28-1577-En-enc_part-expl_y-The_second_voyage_of_M_Martin_Frobisher_to_the_West_and_Northwest_regions_in_the_yeere_1577-211_230.txt	0.010668158324186931	0.03699228492960564	0.16313313874672788	8.002379901567426E-6	0.24478946319876121	0.03576935919325586	0.2584020731902513	0.0014120938695785382	2.4915578138287994E-5	0.014869189710320696	2.3769954049045998E-5	3.622570915491404E-4	0.00449569591118575	8.80160784104977E-6	0.0014029692365249097	0.08572995167890496	0.01963305701348314	3.542614685466519E-5	0.0014123574507816773	0.12082703478809768
18	file:/C:/Users/apovzner/Documents/Hakluyt/CC_ML_FR_trimmed_MAlem_AMER_cat_mod/enc_full_part/7_29-1578-En-enc_part-expl_y-The_third_and_last_voyage_of_M_Martin_Frobisher_for_the_discovery_of_a_Northwest_passage_in_the_yere-231_250.txt	1.8088335963231468E-5	0.01599759977651278	0.25748367169567954	8.533043336029148E-6	0.23830721685499187	0.0037024394747453104	0.21142256779575777	4.0249209638944815E-5	2.6567809902975087E-5	0.01878618354211494	0.006986400563740944	1.9908237747493777E-5	0.0040610773390924075	9.385270639263315E-6	0.0025951184632405032	0.14710341406084437	5.1824844250346116E-5	0.020920938411871592	4.053026975563704E-5	0.07241828500017403
19	file:/C:/Users/apovzner/Documents/Hakluyt/CC_ML_FR_trimmed_MAlem_AMER_cat_mod/enc_full_part/7_30.2-1578-En-enc_part-expl_y-Frobishers_first_voyage-278_283.txt	0.04251743138517315	0.031761674393083424	0.16240184312577025	2.4123650846245373E-5	0.3743795088203821	0.04671883079327637	0.13058063299878184	1.1378799355999448E-4	7.510949430464745E-5	0.01064387008030426	7.165594225264995E-5	5.628230837136133E-5	8.76205758516382E-5	2.6532971072951897E-5	8.628124374388899E-5	0.1652193511742614	1.4651331285025202E-4	0.003214084041656274	1.1458257479612393E-4	0.031760283119661094
20	file:/C:/Users/apovzner/Documents/Hakluyt/CC_ML_FR_trimmed_MAlem_AMER_cat_mod/enc_full_part/7_30.3-1578-En-enc_part-expl_y-Frobishers_second_voyage-284_319.txt	9.131944596090895E-6	0.03619088551017316	0.2418942455970732	4.307929659149246E-6	0.330243625518172	1.9551257487150047E-5	0.26303141877232045	2.0319920705056855E-5	1.3412829602823254E-5	0.024466299716056975	1.2796104571896546E-5	1.0050726859865332E-5	0.0055645525437661	4.738178883413436E-6	1.5407847316378956E-5	0.03930744566178308	2.616391067465847E-5	1.9070995206650534E-5	2.0461814653677747E-5	0.05912611322043821
21	file:/C:/Users/apovzner/Documents/Hakluyt/CC_ML_FR_trimmed_MAlem_AMER_cat_mod/enc_full_part/7_33-1578-En-enc_full-expl_n-A_generall_and_briefe_description_of_the_country_and_condition_of_the_people_which_are_founde_in_Met-367_375.txt	4.088841492424317E-5	0.07011758737387465	0.09672638753771175	1.9288817788398525E-5	0.20327830462623098	0.06882621900875746	0.17397667456322433	9.098274089088818E-5	0.0033727635118692297	0.0035415773960047214	5.729474457977791E-5	4.500227589119714E-5	7.005976553419772E-5	2.12152649560783E-5	6.898886075493429E-5	0.061711256080596584	0.010883448250030498	8.539065878275047E-5	9.16180731123445E-5	0.30697505203448494
22	file:/C:/Users/apovzner/Documents/Hakluyt/CC_ML_FR_trimmed_MAlem_AMER_cat_mod/enc_full_part/7_35-1585-En-enc_part-expl_y-The_first_voyage_of_M_John_Davis_for_the_discovery_of_a_Northwest_passage_1585-381_393.txt	2.5856158043337384E-5	0.00977495246601543	0.45656315265991076	1.2197457938391851E-5	0.10969148623774751	0.2718583031695198	0.039839236536216883	0.0016286490506427556	3.797704184138485E-5	1.4472802439240905E-4	0.008415512414790011	2.8457595138097727E-5	4.430292476457272E-5	1.3415664183900644E-5	4.362572846646963E-5	0.020693991071290597	7.408041105782875E-5	5.3997553414632844E-5	5.7935515045223186E-5	0.08099814231957998
23	file:/C:/Users/apovzner/Documents/Hakluyt/CC_ML_FR_trimmed_MAlem_AMER_cat_mod/enc_full_part/7_36-1586-En-enc_part-expl_y-The_second_voyage_of_M_John_Davis_for_the_discovery_of_the_Northwest_pass_1586-393_407.txt	2.3294296283152934E-5	0.035699933265967404	0.3282867158351362	1.0988917945271087E-5	0.22762880156195026	0.2614357790421457	0.025983783144608457	5.183323752931985E-5	3.421422715347576E-5	0.02089027967892834	3.264104901551453E-5	2.563797960786664E-5	9.835447649793924E-4	1.2086422731918282E-5	3.930323456265324E-5	0.012981814937509198	6.67404276020616E-5	5.204631214124843E-4	5.2195188879898176E-5	0.08523994966605143
24	file:/C:/Users/apovzner/Documents/Hakluyt/CC_ML_FR_trimmed_MAlem_AMER_cat_mod/enc_full_part/7_38-1586-En-enc_full-expl_n-The_voyage_and_course_which_the_Sunshine_a_barke_of_50_tunnes-408_413.txt	6.578743329131447E-5	0.027536011362301806	0.5593740999755318	3.1034751918695854E-5	0.1058704655194557	0.2626424623256692	0.013420747923222702	1.463867212292296E-4	9.662735285551658E-5	0.0017007360245833339	0.013417139385890777	7.24064317150651E-5	1.1272269076768271E-4	3.413430994186177E-5	1.1099965804905875E-4	0.0020181814238676606	1.884874037547076E-4	1.3738933824604778E-4	1.4740893928816683E-4	0.01287677102841966
25	file:/C:/Users/apovzner/Documents/Hakluyt/CC_ML_FR_trimmed_MAlem_AMER_cat_mod/enc_full_part/7_39-1587-En-enc_part-expl_y-The_third_voyage_Northwestward_made_by_M_John_Davis_Gentleman_for_the_discovery_of_a_passage_to_the_-414_422.txt	3.9450835128280024E-5	0.03329280075367508	0.500845863826792	1.8610649784283125E-5	0.13300563770755494	0.26217591267713664	0.02482828248828673	8.778391427145518E-5	5.794464954279349E-5	0.0074123569464778685	5.528034105312219E-5	4.3420058465713466E-5	6.759656162598845E-5	2.0469365749093386E-5	6.656330836921426E-5	0.006004601244992775	0.0025102083763474587	0.008072981413278852	8.83969090957054E-5	0.02130583797237197
26	file:/C:/Users/apovzner/Documents/Hakluyt/CC_ML_FR_trimmed_MAlem_AMER_cat_mod/enc_full_part/7_42-1587-En-enc_part-expl_y-A_report_of_M_John_Davis_concerning_his_three_voyages_made_for_the_discovery_of_the_Northwest_passag-440_444.txt	0.049293258560796444	0.032819602085257756	0.1868303677907267	2.866647877590652E-5	0.20733374535056986	0.30906398441658195	8.848294793780595E-5	1.352158975907353E-4	8.92536846133454E-5	0.007725013667259161	8.514977939472535E-5	6.688107072473936E-5	1.0412078146847448E-4	0.0012623417931636525	1.0252923399975215E-4	0.15202327201003932	1.7410386180677113E-4	1.2690510815694875E-4	1.3616010981990474E-4	0.052510945371315995
27	file:/C:/Users/apovzner/Documents/Hakluyt/CC_ML_FR_trimmed_MAlem_AMER_cat_mod/enc_full_part/7_43-1385-It-enc_part-expl_y-The_voyage_of_M_Nicolas_Zeno_and_M_Anthony_his_brother-445_464.txt	3.526740455030975E-4	0.11079420024830977	0.10277173072381003	0.18451639553259275	0.28380468543300136	0.002724174337988933	0.0027128102779923943	0.002053408648781797	3.6045247070685076E-4	0.017569098768943452	2.3250692825284898E-5	0.0010265058456765466	0.006750054451841622	8.609334282204072E-6	2.799626425676523E-5	0.210223680942116	4.754017496392768E-5	0.0017150581542114312	0.011800020699740073	0.060717652952455736
28	file:/C:/Users/apovzner/Documents/Hakluyt/CC_ML_FR_trimmed_MAlem_AMER_cat_mod/enc_full_part/7_44-1385-It-enc_full-expl_n-A_testimony_of_Ortelius_for_the_credit_of_the_history_of_M_Nicolas_andamp_M_Antonio_Zeni-464_466.txt	0.003688845135090392	0.04803641186920346	0.009822998378834926	0.24966743967973481	0.06838214025640689	3.7157778094500695E-4	2.527137534736706E-4	0.0039014761302357233	2.549150336384353E-4	0.05721609915251363	2.4319398098514164E-4	1.910172164592329E-4	2.9737654669920177E-4	9.005057584538493E-5	2.928309710371539E-4	0.4341895538110897	0.014558411983832103	3.624502456661695E-4	3.8888320549809827E-4	0.10779161429281091
29	file:/C:/Users/apovzner/Documents/Hakluyt/CC_ML_FR_trimmed_MAlem_AMER_cat_mod/enc_full_part/8_14.2-1583-En-enc_full-expl_n-A_discourse_of_the_necessitie_and_commoditie_of_planting_English_colonies_upon_the_North_partes_of_A-097_107.txt	3.110077659399987E-5	0.07412100821205767	5.003956394811443E-4	1.4671569291957753E-5	0.2843847924367426	6.65859593037733E-5	4.5285774788541604E-5	6.991363427916225E-4	4.5680239578913216E-5	1.7408440751231932E-4	4.357985151753691E-5	3.422988470711854E-5	0.40321011335924106	1.6136874393492242E-5	5.247469606706675E-5	0.1741855359936803	0.014577555120298782	6.495032411838966E-5	0.006369012431750674	0.04136367010608302
30	file:/C:/Users/apovzner/Documents/Hakluyt/CC_ML_FR_trimmed_MAlem_AMER_cat_mod/enc_full_part/8_14.4-1583-En-enc_full-expl_n-A_discourse_of_the_necessitie_and_commoditie_of_planting_English_colonies_upon_the_North_partes_of_A-119_131.txt	2.6466015071949826E-5	0.014830027020090737	0.017043606678278193	1.2485153637128878E-5	0.2152017645227492	5.92720538117416E-4	3.853710837335474E-5	0.06599396125021824	0.0021831027224860243	0.0012202566231943118	0.008077947661211579	0.005925761129636507	0.26861014711494197	0.0016219045436665295	0.030063873784484964	0.31654976391088674	0.02580658691926782	5.5271168288992544E-5	5.930201276686423E-5	0.02608651412263143
31	file:/C:/Users/apovzner/Documents/Hakluyt/CC_ML_FR_trimmed_MAlem_AMER_cat_mod/enc_full_part/8_2-1536-En-enc_part-expl_y-The_voyage_of_M_Hore_and_divers_other_gentlemen_to_Newfoundland_and_Cape_Briton_in_the_yere_1536-003_007.txt	6.881331663396337E-5	0.07479737945649627	0.07358390970168634	3.246219078012991E-5	0.2752064071513361	0.016872728730209504	1.0019892429758411E-4	1.531197569959707E-4	0.012645122611416655	0.010141661726949781	0.030759659940391326	7.573675491915012E-5	0.029387359448891592	3.570431251983939E-5	1.1610507103641593E-4	0.1512458347210138	1.97156854237674E-4	0.19666717260377017	1.541889918245605E-4	0.12775927773459317
32	file:/C:/Users/apovzner/Documents/Hakluyt/CC_ML_FR_trimmed_MAlem_AMER_cat_mod/enc_full_part/8_25-1594-En-enc_part-expl_y-The_voyage_of_The_Grace_of_Bristoll_up_into_the_gulfe_of_S_Laurence_to_the_Northwest_of_Newfoundland-162_165.txt	9.395674461547412E-5	0.04693877826934801	0.38783137307907395	4.4323423400901615E-5	0.09601428020190994	0.009716421449854741	1.3681021641568137E-4	2.090675846970183E-4	1.3800191101715615E-4	0.00813812625284864	1.316565509879729E-4	1.0340991087226847E-4	1.6098906035640247E-4	4.87501712923092E-5	1.5852824775118975E-4	0.023815917564308467	0.004075300218927762	0.386515874600575	2.1052750304767948E-4	0.03551790703869943
33	file:/C:/Users/apovzner/Documents/Hakluyt/CC_ML_FR_trimmed_MAlem_AMER_cat_mod/enc_full_part/8_26-1597-En-enc_part-expl_y-The_voyage_of_M_Charles_Leigh_and_divers_others_to_Cape_Briton_and_the_isle_of_Ramea_1597-166_180.txt	2.276792529949753E-5	0.051955946772111336	0.37297900135041	1.0740606192134154E-5	0.22617440792008298	9.710541464680189E-4	4.943066309720055E-4	0.0014341248944247868	0.002339212619623778	0.0038166762851564898	3.190347356489804E-5	2.505864944132755E-5	0.010184406101184734	1.1813311145075627E-5	3.841511663085957E-5	0.006693464623724463	9.875409300025054E-4	0.32101094321558155	5.101575711776929E-5	7.67199670865712E-4
34	file:/C:/Users/apovzner/Documents/Hakluyt/CC_ML_FR_trimmed_MAlem_AMER_cat_mod/enc_full_part/8_28-1534-Fr-enc_part-expl_y-The_first_voyage_of_Jaques_Cartier_of_Saint_Malo_to_Newfound-land_the_gulfe_of_Saint_Laurence_and_th-183_209.txt	1.3554422553638707E-5	0.05042317831488003	0.45622713258859304	6.394202058174691E-6	0.08440773489972121	2.901966855441339E-5	1.9736565911708888E-5	3.0160585031437187E-5	1.990848259793919E-5	0.010508346660473048	1.8993085928519524E-5	0.32589254667958206	2.322466321618963E-5	7.032815195572447E-6	2.2869660560309187E-5	6.903520713490719E-4	5.879124636166438E-4	5.773845445760734E-4	3.0491005774403935E-4	0.07018960756785685
35	file:/C:/Users/apovzner/Documents/Hakluyt/CC_ML_FR_trimmed_MAlem_AMER_cat_mod/enc_full_part/8_30-1535-Fr-enc_full-expl_n-The_second_voyage_of_Jaques_Cartier_by_the_Grand_bay_up_the_river_of_Canada_to_Hochelaga_Anno_1535-210_262.txt	6.635547007289362E-6	0.20021109927951583	0.21124929344119112	3.1302719214500515E-6	0.15609934976760192	1.4206534735563008E-5	9.662005913667781E-6	1.4765068666811156E-5	1.4414625077213133E-4	0.008101147005560277	0.0014876989527748481	0.31221869668044966	2.801697652705724E-4	3.4429040144740196E-6	1.1195807647884263E-5	0.017541171472776083	0.007142215903632679	1.3857561643955918E-5	0.004315670838872626	0.08113244494003116
36	file:/C:/Users/apovzner/Documents/Hakluyt/CC_ML_FR_trimmed_MAlem_AMER_cat_mod/enc_full_part/8_31-1540-Fr-enc_part-expl_y-The_third_voyage_of_Jaques_Cartier_unto_the_countries_of_Canada_Hochelaga_and_Saguenay_Anno_1540-263_266.txt	7.89349997712665E-5	0.10178718920430135	0.13556869209133704	3.723702252914909E-5	0.35565608892232436	1.6899779548999798E-4	1.1493708563099981E-4	1.756419916183481E-4	1.1593825285406405E-4	0.002040626773155992	1.1060738496903845E-4	0.29906129288489197	1.3525023131033596E-4	4.095602477029489E-5	0.0017319765207707597	0.0280022120867336	0.04339358552264414	1.6484648876638898E-4	1.7686849914739386E-4	0.03143812021698337
37	file:/C:/Users/apovzner/Documents/Hakluyt/CC_ML_FR_trimmed_MAlem_AMER_cat_mod/enc_full_part/8_33-1540-Fr-enc_full-expl_n-A_description_of_the_3_saults_or_falles_of_water_in_the_river_of_Canada-269_272.txt	9.806233561456817E-5	0.2555556249379219	0.14458485234303778	4.626020663991782E-5	0.3504721674017564	2.0994892744010502E-4	1.4278835875553234E-4	2.1820312890352803E-4	0.027950964223662486	5.488970200837287E-4	1.3740949563202312E-4	0.2106461287383946	1.6802373615170454E-4	5.0880388396798305E-5	1.6545539438375033E-4	0.004994498013098424	2.809581423288788E-4	2.047916862372268E-4	2.1972684073345904E-4	0.003304358680827191
38	file:/C:/Users/apovzner/Documents/Hakluyt/CC_ML_FR_trimmed_MAlem_AMER_cat_mod/enc_full_part/8_37-1542-Fr-enc_part-expl_y-The_voyage_of_John_Francis_de_la_Roche_knight_lord_of_Roberval_with_three_tall_ships_to_the_countrie-283_286.txt	0.0018756477343819652	0.022637421452711373	0.12296310748025124	0.00719123339399365	0.26891942528413315	1.8893420500264572E-4	1.2849603650776133E-4	1.9636220670971995E-4	0.08592485823746186	0.08092699571930968	1.2365556773066705E-4	0.13057739080767758	0.00730080906997889	4.5787543900253416E-5	1.4889422766977984E-4	0.04024259436753105	0.0413630563610401	0.12172755398908863	0.001985134297766461	0.06553264201715342
39	file:/C:/Users/apovzner/Documents/Hakluyt/CC_ML_FR_trimmed_MAlem_AMER_cat_mod/enc_full_part/8_38-1542-Fr-enc_full-expl_n-A_description_of_the_Salvages_in_Canada-287_287.txt	3.020194661904647E-4	0.07135793276002154	0.01709388187900818	1.4247552669113627E-4	0.15570153296235556	0.06181932909904421	0.018791583870773693	6.720377614863002E-4	0.07385085641735836	0.0016905327000450983	4.232036924288729E-4	3.3240621743829934E-4	5.174916422480803E-4	0.006273976418631044	5.095814777094644E-4	0.003147873186516532	0.06815529973180494	6.307322313912311E-4	0.08020125778993174	0.4383859951689252
40	file:/C:/Users/apovzner/Documents/Hakluyt/CC_ML_FR_trimmed_MAlem_AMER_cat_mod/enc_full_part/8_41-1584-En-enc_part-expl_y-The_first_voyage_made_to_the_coast_of_Virginia-297_310.txt	2.4954414028282167E-5	0.11557658769816963	0.17831661958939293	1.177206663793657E-5	0.23121523722110346	5.342675582118015E-5	3.633606930197462E-5	5.552724383729987E-5	3.665257708012482E-5	0.009237612633195105	0.08697076249862822	2.7465124947606432E-5	4.275784226666506E-5	1.2947787445773251E-5	0.012172680340057656	0.09730470221464309	0.03545234371669245	0.0015684363763785385	0.004604881019145858	0.22727829681122622
41	file:/C:/Users/apovzner/Documents/Hakluyt/CC_ML_FR_trimmed_MAlem_AMER_cat_mod/enc_full_part/8_42-1585-En-enc_part-expl_y-The_second_voyage_made_to_Virginia_by_sir_Richard_Grinvile_for_sir_Walter_Ralegh_Anno_1585_at_what_t-310_317.txt	5.025244494610259E-5	0.02001583999375727	0.2237157477484378	2.370623209001401E-5	0.29156342190308654	0.009268159523340968	0.001091013626962416	0.038789782730152086	7.380985222751582E-5	0.015548901750873178	0.13544328881316567	5.530843873164798E-5	8.610445078311612E-5	2.6073863127185964E-5	0.053012528017355905	0.018844909310127583	0.0011618192976485119	0.18229851192493085	1.1259991818407014E-4	0.008818220160071553
42	file:/C:/Users/apovzner/Documents/Hakluyt/CC_ML_FR_trimmed_MAlem_AMER_cat_mod/enc_full_part/8_44-1585-En-enc_part-expl_y-An_extract_of_M_Ralph_Lanes_letter_to_M_Richard_Hakluyt_esquire_and_another_Gentleman_of_the_middle_-319_320.txt	2.647674207406553E-4	0.03574267974333068	0.04716195315211238	1.249021402378385E-4	0.08286933323730936	5.668602084297643E-4	3.855272793836785E-4	0.005951894019993851	0.011114380524990563	0.0014820169981573463	0.1398024404931878	2.9140617305042644E-4	4.5366257049955663E-4	1.373765892651422E-4	4.4672807091600085E-4	0.34597544715209183	0.011484079531759613	5.529357037474523E-4	5.932604860356599E-4	0.3145983485047603
43	file:/C:/Users/apovzner/Documents/Hakluyt/CC_ML_FR_trimmed_MAlem_AMER_cat_mod/enc_full_part/8_45-1585-En-enc_full-expl_n-An_account_of_the_particular_employments_of_the_Englishmen_left_in_Virginia_by_S_Richard_Grinvile_un-320_345.txt	1.4544708291914025E-5	0.05528548098548626	0.13722146527535792	6.86136228435203E-6	0.39724968795634263	3.2573650782361603E-4	2.1178518873375208E-5	3.2364116542755925E-5	2.1362995787964313E-5	0.0036165729377379357	0.30168736371854243	1.6008078975974465E-5	2.4921456470806426E-5	7.5466324799710145E-6	2.4540517330669496E-5	0.05966012179151055	0.0032822352997668013	3.0374917324395658E-5	3.2590115076733256E-5	0.041439042107992936
44	file:/C:/Users/apovzner/Documents/Hakluyt/CC_ML_FR_trimmed_MAlem_AMER_cat_mod/enc_full_part/8_47-1586-En-enc_part-expl_y-A_briefe_and_true_report_of_the_commodities_aswell_marchantable_as_others_which_are_to_be_found_and_-348_374.txt	1.4489218112926042E-5	0.016923103417188293	0.009624251618525068	6.835185188626311E-6	0.17856429946599972	0.006487421188349588	6.080431876188025E-4	9.126588445437474E-4	2.128149284983714E-5	0.0033093024516814536	0.10214881437549515	1.5947005824846063E-5	2.4826377487271563E-5	7.51784097871396E-6	2.4446891685396594E-5	0.09376881961469075	9.219312228886135E-4	3.0259032594001103E-5	3.2465779044510984E-5	0.5865532857892527
45	file:/C:/Users/apovzner/Documents/Hakluyt/CC_ML_FR_trimmed_MAlem_AMER_cat_mod/enc_full_part/8_48-1586-En-enc_full-expl_n-A_description_of_the_nature_and_maners_of_the_people_of_Virginia-374_382.txt	1.229765730475457E-4	0.01161973640133356	0.004469466710079481	5.801332025588899E-5	0.3174640053542665	2.632896662085652E-4	1.7906592700235686E-4	2.736409739033515E-4	1.8062569281595967E-4	6.883527101701908E-4	0.1471316649029817	1.3534947927654463E-4	2.107127383116494E-4	6.380732991063704E-5	2.074918700031552E-4	0.2453837159140223	3.523398590995538E-4	0.002747658495063704	0.0052572245003057435	0.2631908615819416
46	file:/C:/Users/apovzner/Documents/Hakluyt/CC_ML_FR_trimmed_MAlem_AMER_cat_mod/enc_full_part/8_49.2-1587-En-enc_full-expl_n-The_fourth_voyage_made_to_Virginia_with_3_ships_Anno_1587_wherein_was_transported_the_second_colonie-392_397.txt	7.855820469036816E-5	0.12994222283500254	0.1587889846548276	3.705927214013355E-5	0.4032843870838443	1.681910869550285E-4	0.0032967121359660104	1.7480356710916007E-4	1.1538482327922465E-4	4.39724020312491E-4	0.27219875582511033	8.646209464326703E-5	1.3460461628536893E-4	4.076052177781607E-5	1.325471054474179E-4	0.007183439876391987	2.2507690762383487E-4	1.6405959643408358E-4	1.760242199222374E-4	0.023332241552236795
47	file:/C:/Users/apovzner/Documents/Hakluyt/CC_ML_FR_trimmed_MAlem_AMER_cat_mod/enc_full_part/8_52-1590-En-enc_part-expl_y-The_fifth_voyage_to_Virginia_made_by_master_John_White_in_the_yeere_1590-406_422.txt	0.005652818825968297	0.019348297085287142	0.41923598835395726	1.0089229376055526E-5	0.2128909794418543	4.5789308782988624E-5	3.1141765425491224E-5	4.758952840865686E-5	3.141302786999458E-5	0.01917994332657292	0.026887565933303343	2.3538937890942594E-5	3.664553485140662E-5	1.1096878863379936E-5	0.037290171941182435	0.0036884091959138304	6.127623175337268E-5	0.2547586516709459	4.792184595048811E-5	7.206719358416815E-4
48	file:/C:/Users/apovzner/Documents/Hakluyt/CC_ML_FR_trimmed_MAlem_AMER_cat_mod/enc_full_part/8_53-1524-Fr-enc_full-expl_n-The_voyage_of_John_de_Verazzano_a_Florentine_to_the_coast_of_Florida_sailing_from_thence_Northerly_t-423_438.txt	0.0038914135447018173	0.16541375841809747	0.1822401820557376	1.0015473626482497E-5	0.1937038403426457	4.5454573129169986E-5	0.001750995332647612	4.724163252793304E-5	3.118338779238781E-5	0.11192411743086958	8.89790180493379E-4	0.02453452430608529	3.6377643341487675E-5	1.1015756848210759E-5	3.58215896376864E-5	0.10041601451705709	0.019841762360539104	4.433801492494733E-5	4.7571520713816435E-5	0.1950845819185832
49	file:/C:/Users/apovzner/Documents/Hakluyt/CC_ML_FR_trimmed_MAlem_AMER_cat_mod/enc_full_part/8_56-1587-Fr-enc_full-expl_n-A_description_of_Florida_nat-452_456.txt	0.07498128113928897	0.024962899397534013	0.057525104336645316	3.9645661359639014E-5	0.08077458912896976	0.05975727949179173	1.223716738099408E-4	0.02742236332730198	1.2343760051390605E-4	4.704126280485881E-4	1.1776191087579767E-4	0.05796763657619304	1.4399875460356673E-4	4.3605223468365286E-5	0.029079367768427462	0.35493561796452255	2.4078516236873812E-4	1.7550941579289416E-4	0.006997149085797075	0.22411918375268663
50	file:/C:/Users/apovzner/Documents/Hakluyt/CC_ML_FR_trimmed_MAlem_AMER_cat_mod/enc_full_part/8_57-1587-Fr-enc_part-expl_y-The_voyage_of_captaine_John_Ribault_to_Florida_1562-457_468.txt	2.802860943956199E-5	0.17636673658806945	0.15202877361403838	1.3222296372788658E-5	0.2755950088990497	6.000852878522943E-5	4.081239871549945E-5	6.300749255531661E-4	0.15672833977604614	0.06714633121751215	3.927498832472241E-5	0.02557767012286695	0.004589682441516707	1.4542857107874337E-5	0.0011827054798234221	0.005401499470412907	0.006325083285242084	0.01822516308690719	6.280329510520078E-5	0.10994423811911087
51	file:/C:/Users/apovzner/Documents/Hakluyt/CC_ML_FR_trimmed_MAlem_AMER_cat_mod/enc_full_part/8_58-1587-Fr-enc_part-expl_y-An_oration_of_captaine_John_Ribault_to_his_company-468_486.txt	1.9697649611223657E-5	0.10519368987220902	0.05258163107820369	9.292225558622453E-6	0.4175003556032065	4.2172158995089625E-5	2.868170579153874E-5	4.383016935378642E-5	0.28409359282263963	0.006493731741445885	2.760126078225348E-5	2.1679467493537883E-5	0.006816193457496756	1.0220275261057642E-5	3.32348027857269E-5	0.04329376352165495	0.02878207558960539	4.1136230883259404E-5	0.002038972339816884	0.05292844802720524
52	file:/C:/Users/apovzner/Documents/Hakluyt/CC_ML_FR_trimmed_MAlem_AMER_cat_mod/enc_full_part/9_1.1-1564-Fr-enc_full-expl_n-The_voiage_of_captaine_Rene_Laudonniere_to_Florida_1564_where_he_fortified_and_inhabited_two_summers-001_035.txt	1.0193432151892536E-5	0.17625064585535813	0.07325207923606585	4.808678834348273E-6	0.3469521288825193	2.182387492415983E-5	1.4842634921275313E-5	2.2681886739380706E-5	0.29587713953018213	0.03618816611258681	1.4283510197596363E-5	1.121901269167768E-5	1.746581440913027E-5	5.288939772179499E-6	2.236623196846354E-4	0.01868795683625409	2.920517590574017E-5	2.1287787465473252E-5	2.2840274290116653E-5	0.05237228020504611
53	file:/C:/Users/apovzner/Documents/Hakluyt/CC_ML_FR_trimmed_MAlem_AMER_cat_mod/enc_full_part/9_10-1539-Sp-enc_part-expl_y-A_letter_of_the_sayd_Francis_Vasquez_de_Coronado_governour_of_Nueva_Galicia-118_120.txt	1.4894670342432482E-4	0.07441058451522044	0.008430176328427191	7.026454382879491E-5	0.30908464554114023	3.18891044494261E-4	2.168809787235662E-4	3.31428336102421E-4	0.0032356200385438294	8.337186866754687E-4	2.0871103329654395E-4	1.6393251372069057E-4	0.0032720608510604376	7.728212950627004E-5	0.0183524093186776	0.05585573241430043	4.267468119930424E-4	3.110577201998854E-4	0.516215076189622	0.008035834301042658
54	file:/C:/Users/apovzner/Documents/Hakluyt/CC_ML_FR_trimmed_MAlem_AMER_cat_mod/enc_full_part/9_11-1539-Sp-enc_part-expl_y-A_letter_written_by_Don_Antonio_de_Mendoca_a_viceroy_of_Nueva_Espanna_to_the_emperour_Charles_the_fi-121_124.txt	8.904261429961513E-5	0.021038037594442557	0.05553821880573263	4.200521751234689E-5	0.38496612561260035	1.9063793709896005E-4	1.2965476169277685E-4	1.981329215152776E-4	1.3078412822411337E-4	0.04558638354641892	1.247706435298203E-4	9.800136058609775E-5	0.02359831536887387	4.6200437416031406E-5	1.5023689547645562E-4	0.06405123214181402	2.5511576228468046E-4	0.0019894740074471533	0.3933666478570711	0.008410982385963163
55	file:/C:/Users/apovzner/Documents/Hakluyt/CC_ML_FR_trimmed_MAlem_AMER_cat_mod/enc_full_part/9_12-1539-Sp-enc_part-expl_y-The_voyage_of_frier_Marco_de_Nica_from_the_towne_of_S_Michael_in_the_province_of_Culiacan_to_the_kin-125_144.txt	1.8275816524188002E-5	0.12129129786440733	0.04138276513435223	8.621485952008698E-6	0.24151754197576336	3.912805108402288E-5	2.6611377651282086E-5	4.0666381479212775E-5	2.6843177848048707E-5	0.05044522960263935	2.560892227493501E-5	2.0114581083229197E-5	3.131447924804406E-5	9.482546353721222E-6	3.083581898946088E-5	0.0224006013158702	5.236199431717869E-5	3.816689924724384E-5	0.4553483501171111	0.06724618245780378
56	file:/C:/Users/apovzner/Documents/Hakluyt/CC_ML_FR_trimmed_MAlem_AMER_cat_mod/enc_full_part/9_13-1540-Sp-enc_full-expl_n-The_voyage_of_Francis_Vasquez_de_Coronado_from_Nueva_Galicia_to_Cibola_Acuco_Tiguex_Quivira_andamp_t-145_166.txt	1.6126753964004847E-5	0.11878764331975009	0.016591486332990454	7.607681034013104E-6	0.3084963394664138	0.0029742896786887634	2.348213221868678E-5	0.01865438159620259	2.3686674912421736E-5	0.05431255844726369	2.259755607989446E-5	1.774929726335036E-5	2.763219370668197E-5	8.367488905151821E-6	0.01864570701455584	0.012907056879086927	0.001679406229125315	3.3678834153026185E-5	0.3730593594890987	0.07371084293458657
57	file:/C:/Users/apovzner/Documents/Hakluyt/CC_ML_FR_trimmed_MAlem_AMER_cat_mod/enc_full_part/9_14-1540-Sp-enc_full-expl_n-A_testimony_of_Francis_Lopez_de_Gomara-167_169.txt	0.03205831815024556	0.1329147417379459	0.002534085735012277	7.429923748245467E-5	0.13861791100311663	0.003527284108971645	2.2933460413366802E-4	0.04182152375947395	2.3133223864399627E-4	8.815920422936768E-4	2.2069552840039242E-4	1.7334576024156687E-4	2.6986553631717583E-4	8.17197832711619E-5	2.6574048265196645E-4	0.04311264152884759	0.08658346175337503	3.289191128913446E-4	0.08967519907816368	0.4263979888185204
58	file:/C:/Users/apovzner/Documents/Hakluyt/CC_ML_FR_trimmed_MAlem_AMER_cat_mod/enc_full_part/9_15.2-1583-Sp-enc_part-expl_y-A_briefe_relation_of_two_notable_voyages_En-186_204.txt	1.7648650765035376E-5	0.10354528572468087	0.02030203426891521	8.325624983227413E-6	0.32152347221638267	3.7785305394395514E-5	3.831638142742269E-4	0.029351454256367746	0.010034960246402932	0.029410970491209526	2.4730108507113283E-5	1.9424314987681326E-5	0.012541537666958874	0.0017964853933998548	2.977763536193196E-5	0.032713321735986525	5.0565103334320783E-5	3.6857137119285344E-5	0.38967710504911535	0.048495095255853195
59	file:/C:/Users/apovzner/Documents/Hakluyt/CC_ML_FR_trimmed_MAlem_AMER_cat_mod/enc_full_part/9_17.2-1540-Sp-enc_part-expl_y-The_voyage_of_the_right_worshipfull_knight_Francisco_de_Ulloa-217_267.txt	5.6830803381102645E-6	0.07639334274756747	0.26081171527837715	2.680952571082534E-6	0.14658497168739254	1.2167328200624092E-5	8.275121218243216E-6	1.2775398039880227E-4	3.5367207296461235E-4	0.46449376179525786	7.963395915485282E-6	0.0013875543488117556	9.737606036763821E-6	2.948709441612574E-6	9.588760993337797E-6	0.008231921929393298	9.371489006618863E-4	1.1868446719826328E-5	0.00668901482938813	0.03391822902835139
60	file:/C:/Users/apovzner/Documents/Hakluyt/CC_ML_FR_trimmed_MAlem_AMER_cat_mod/enc_full_part/9_18-1540-Sp-enc_full-expl_n-The_voyage_and_discovery_of_Fernando_Alarchon-279_318.txt	9.55800417538681E-6	0.5086979869921407	0.06287796939957699	4.508920223524682E-6	0.23433538583309227	2.0463440040606083E-5	1.3917389593352261E-5	2.126796597360008E-5	1.4038617952458327E-5	0.05600192540904348	1.3393119027378738E-5	1.0519653101420218E-5	1.6377047942385538E-5	4.95924313544143E-6	0.0011776857148466523	0.0010675865146466134	0.0038992479452909646	4.07147103908195E-4	0.08481522346023807	0.046590838226050486
61	file:/C:/Users/apovzner/Documents/Hakluyt/CC_ML_FR_trimmed_MAlem_AMER_cat_mod/enc_full_part/9_2.1-1565-Fr-enc_full-expl_n-The_voiage_of_captaine_Rene_Laudonniere_the_rest-049_076.txt	1.1858276917221926E-5	0.12961899312241362	0.041022103941387986	5.594057465041234E-6	0.4322000862509567	2.538826456106393E-5	9.780035250604381E-4	2.665705896654784E-4	0.28007216911627053	0.018080189242915944	1.661636794645402E-5	1.3051360646084363E-5	0.004824001988810674	6.152757136404625E-6	0.005063875588054318	0.005407647770355571	3.397511830616791E-5	0.002186422225211187	0.0019480440940185153	0.0782192563419006
62	file:/C:/Users/apovzner/Documents/Hakluyt/CC_ML_FR_trimmed_MAlem_AMER_cat_mod/enc_full_part/9_20-1578-En-enc_part-expl_y-The_voyage_and_course_which_sir_Francis_Drake_held_from_the_haven_of_Guatulco-319_326.txt	4.876344181732668E-5	0.07572063802499311	0.12128178849364811	2.3003805495817893E-5	0.2878626734216853	0.001092083314992755	7.100434413202542E-5	0.025788239022958393	7.162283225228609E-5	2.729499326607975E-4	6.832959773400429E-5	5.3669624174317244E-5	8.355313618031222E-5	2.5301282533002047E-5	8.227597728353759E-5	0.022237254135578657	0.38533570983367416	1.0183672879006622E-4	0.001096945576359335	0.07868235747305664
