0	file:/C:/Users/apovzner/Documents/Hakluyt/CC_ML_FR_trimmed_MAlem_AMER_cat_mod/enc_full_part/10_32-1595-En-enc_part-expl_y-The_voyage_of_sir_Walter_Ralegh_himselfe_to_the_Isle_of_Trinidad_where_he_tooke_the_citie_of_Saint_J-348_431.txt	0.010427228200842246	0.01971422630340525	0.0022095368954310308	0.019645423943483228	0.06865304310141968	0.03402843171022541	0.0026130063177261407	5.143220584495619E-6	2.528607889314798E-6	0.3155800013544466	1.156038619323948E-5	9.010027279878432E-5	0.08501449475110254	0.4374417163283707	0.004563558606081343
1	file:/C:/Users/apovzner/Documents/Hakluyt/CC_ML_FR_trimmed_MAlem_AMER_cat_mod/enc_full_part/10_34-1594-Sp-enc_part-expl_y-Foure_severall_testimonies_concerning_the_rich_Empire_of_Guiana-433_439.txt	0.008000461229076564	3.094042408286288E-4	0.0537612264485639	0.037092986689717174	7.423827654083579E-4	1.5855728908237987E-4	0.021043678908163346	8.256581666730794E-5	4.059257657391497E-5	0.30135599682080844	1.8558269305260475E-4	0.38555324706021254	0.013859367451819529	0.17771684547186078	9.710453816453946E-5
2	file:/C:/Users/apovzner/Documents/Hakluyt/CC_ML_FR_trimmed_MAlem_AMER_cat_mod/enc_full_part/10_39-1596-En-enc_part-expl_y-A_table_of_the_names_of_the_rivers_nations_townes_and_Caciques_or_captaines-490_495.txt	2.242413620857659E-4	0.011310637466917527	2.7110445552640163E-4	0.0496750461825218	0.02823338528739651	0.0020336183614353127	0.02195651222614248	0.0019281350140189315	0.4588783877214256	0.12451942312663009	2.5760632165159833E-4	1.942271269676176E-4	0.10447382738967091	0.1959090576790508	1.3479027855875357E-4
3	file:/C:/Users/apovzner/Documents/Hakluyt/CC_ML_FR_trimmed_MAlem_AMER_cat_mod/enc_full_part/10_4-1565-En-enc_part-expl_y-The_second_voyage_made_by_the_R_W_sir_John_Hawkins_knight_with_the_Jesus_of_Lubec-009_063.txt	1.6076292266965946E-5	0.015372576718721562	1.9435997094292345E-5	0.04789646122781077	0.14257046980918445	0.008726793112715717	0.273955818912388	8.216549859917486E-6	4.03957645942056E-6	0.37647983138593627	0.003268846745226986	1.439396525350427E-4	0.13152437041457973	3.460232269903299E-6	9.663372950916557E-6
4	file:/C:/Users/apovzner/Documents/Hakluyt/CC_ML_FR_trimmed_MAlem_AMER_cat_mod/enc_full_part/11_1-1597-En-enc_part-expl_y-The_3_voyage_set_forth_by_sir_Walter_Ralegh_to_Guiana_with_a_pinnesse_called_The_Wat_begun_in_the_ye-001_015.txt	5.9779862669347515E-5	0.0025318077923623685	7.227296057102064E-5	0.08382827746047727	0.31936007644106024	5.867383104380805E-5	0.1823171965497193	3.055332747657333E-5	1.5021207749668843E-5	0.2551046398428073	6.867453170926769E-5	5.1778453666122834E-5	0.1066557929518084	0.04980952143245061	3.5933354428713866E-5
5	file:/C:/Users/apovzner/Documents/Hakluyt/CC_ML_FR_trimmed_MAlem_AMER_cat_mod/enc_full_part/11_20.2-1579-En-enc_part-expl_y-The_famous_voyage_of_sir_Francis_Drake_into_the_South_sea_and_therehence_about_the_globe_2-119_132.txt	6.018723862857905E-5	0.02007232280339414	0.2400440999807266	0.03426353489692265	0.08545911184781325	5.9073669837942934E-5	5.388818198295277E-4	3.076153623672604E-5	1.512357129890756E-5	0.38972781130924083	6.91425212960719E-5	5.21313032092279E-5	0.22955868468250654	1.29545931288474E-5	3.6178225930172E-5
6	file:/C:/Users/apovzner/Documents/Hakluyt/CC_ML_FR_trimmed_MAlem_AMER_cat_mod/enc_full_part/11_23-1578-Sp-enc_part-expl_y-The_voyage_of_Nunno_de_Silva_a_Portugal_Pilot_taken_by_sir_Francis_Drake_at_the_yles_of_Cabo_Verde_a-133_146.txt	6.326679592006552E-5	1.2117287818386527E-4	7.64886107597278E-5	0.05136655755796014	0.5866563459908116	0.1274661412024362	5.479156845314571E-5	3.233548970881892E-5	1.5897388229673866E-5	0.22598177846259904	7.268028711588425E-5	0.003124775655035119	0.004916121349997427	1.361743150849752E-5	3.8029331280657425E-5
7	file:/C:/Users/apovzner/Documents/Hakluyt/CC_ML_FR_trimmed_MAlem_AMER_cat_mod/enc_full_part/11_25.2-1578-En-enc_part-expl_y-The_voyage_of_M_John_Winter_into_the_South_sea_by_the_Streight_of_Magellan_in_consort_with_sir_Franc-156_157.txt	0.0101281692513215	7.678744610539896E-4	0.0069695405838253325	0.13096576310594013	0.19962978024472303	0.010120751482867472	0.01655929263762538	2.0491051384782848E-4	1.0074200268234862E-4	0.3944771671500878	0.09449062618772036	3.472600342828897E-4	0.1349108359847615	8.629388058820145E-5	2.4099247867223476E-4
8	file:/C:/Users/apovzner/Documents/Hakluyt/CC_ML_FR_trimmed_MAlem_AMER_cat_mod/enc_full_part/11_29-1579-Sp-enc_part-expl_y-A_discourse_of_the_West_Indies_and_the_South_sea_written_by_Lopez_Vaz_a_Portugall_conteining_divers_2-274_290.txt	0.006908426537309283	0.036683837724480015	0.0019628980024446775	0.047034707733153686	0.04786447060941006	0.5115938094302788	0.003471465841477297	2.4089570941000985E-5	1.1843372869374447E-5	0.31663402300344623	0.0015788778727700917	4.0824382671961936E-5	0.026152249669670002	1.0144831122465004E-5	2.8331417955126014E-5
9	file:/C:/Users/apovzner/Documents/Hakluyt/CC_ML_FR_trimmed_MAlem_AMER_cat_mod/enc_full_part/11_3-1518-Sp-enc_part-expl_y-A_briefe_description_of_the_foresayd_river_of_Amazones_or_Orellana_and_of_the_countries_thereabout_a-019_022.txt	0.02268225160443943	4.8290358111922183E-4	3.048258373021388E-4	0.1761608829113527	0.18263872120689997	0.030833993214337975	2.1835781255451098E-4	1.2886484180014797E-4	6.335498357069058E-5	0.21953275999972566	0.008446055257463116	2.1838610689645086E-4	0.20515019536079676	0.1529868910874984	1.5155619424284692E-4
10	file:/C:/Users/apovzner/Documents/Hakluyt/CC_ML_FR_trimmed_MAlem_AMER_cat_mod/enc_full_part/11_5-1530-En-enc_part-expl_y-The_second_voyage_of_M_William_Hawkins_to_Brasil_1532-024_024.txt	7.255906598991973E-4	0.018994090107358235	0.1534486033926751	0.002296896250900713	0.03854321871190808	7.121659683524223E-4	0.25882610220541286	3.7084744019009785E-4	1.823230692892476E-4	0.3677058732486974	8.335515766707562E-4	6.284718747509988E-4	0.13266742276387175	1.561748302674691E-4	0.023908667899755636
11	file:/C:/Users/apovzner/Documents/Hakluyt/CC_ML_FR_trimmed_MAlem_AMER_cat_mod/enc_full_part/7_23.1-1497-En-enc_full-expl_n-Extract_taken_from_map_of_Sebastian_Cabot_concerning_his_discovery_of_the_West_Indies-145_146.txt	4.78496999297558E-4	9.16450055104482E-4	0.03927638231226174	0.001514707981365814	0.06024575490610881	0.015948798607486755	0.02363312943934064	2.445585329789038E-4	0.6154166313147499	0.05673694401074881	0.008289270072337901	4.144511814044594E-4	0.1764938117754863	1.0299083461075856E-4	2.8762197671711165E-4
12	file:/C:/Users/apovzner/Documents/Hakluyt/CC_ML_FR_trimmed_MAlem_AMER_cat_mod/enc_full_part/7_23.2-1497-En-enc_part-expl_y-A_discourse_of_Sebastian_Cabot_touching_his_discovery_of_part_of_the_West_India_out_of_England-147_149.txt	0.2681931335916905	0.04530210960326192	4.170905089773244E-4	0.07921446615868777	0.04901684798179203	0.03381962698442028	0.030989709930919696	1.763246282907167E-4	0.08099914742113631	0.3924575409455928	3.9632381402517335E-4	2.9881578702507826E-4	0.018437234119818298	7.425551833703219E-5	2.073730060249448E-4
13	file:/C:/Users/apovzner/Documents/Hakluyt/CC_ML_FR_trimmed_MAlem_AMER_cat_mod/enc_full_part/7_23.4-1497-En-enc_part-expl_y-Another_testimonie_of_the_voyage_of_Cabot_out_of_Peter_Martyr-150_153.txt	0.17873786678710527	0.004339870896634162	2.900402962757733E-4	0.033742748088793864	0.014683841381077499	2.3546531379267156E-4	2.0776639279650646E-4	1.2261426795721076E-4	0.6054011993882652	0.10799419665036188	0.02549813758413058	2.0779331472475177E-4	0.02834261816270351	5.1636496335990284E-5	1.442049790453099E-4
14	file:/C:/Users/apovzner/Documents/Hakluyt/CC_ML_FR_trimmed_MAlem_AMER_cat_mod/enc_full_part/7_23.7-1497-En-enc_full-expl_n-Of_three_Savages_which_Cabot_brought_home-155_155.txt	0.002046767140037971	0.13634403159261893	0.002474510883844416	0.006479151442044617	0.22459476045542234	0.002008898381464229	0.0017725819717933902	0.0010460971957022413	0.033620283120042935	0.3916687446311907	0.0023513064196465303	0.0017728116592034245	0.1755962214238708	4.4054248264010327E-4	0.01778329120047733
15	file:/C:/Users/apovzner/Documents/Hakluyt/CC_ML_FR_trimmed_MAlem_AMER_cat_mod/enc_full_part/7_26-1576-En-enc_part-expl_y-A_discourse_written_by_sir_Humfrey_Gilbert_knight_to_proove_a_passage_by_the_Northwest_to_Cataya_and-158_203.txt	0.6365433087903101	0.05991953932246	3.405180534678648E-4	0.003230368778554418	0.035892496735898956	1.922587720521601E-5	1.6964244503517322E-5	1.6842957383452254E-4	4.922056230716324E-6	0.2306030562330254	0.012062274561489204	1.6966442694317636E-5	0.021165938762132432	4.216149384692232E-6	1.177441880865327E-5
16	file:/C:/Users/apovzner/Documents/Hakluyt/CC_ML_FR_trimmed_MAlem_AMER_cat_mod/enc_full_part/7_27-1576-En-enc_part-expl_y-The_first_voyage_of_M_Martin_Frobisher_to_the_Northwest_for_the_search_of_a_passage_to_China_anno_15-204_211.txt	9.683193078683832E-4	2.0408417311270458E-4	1.2882515554142485E-4	0.016710804472421948	0.7441910247714634	1.0458496996262056E-4	0.0018158078511315992	5.446071578332277E-5	0.0034738264441579307	0.08243753600153508	0.11646039684312354	9.229409304020344E-5	0.033271049672117796	2.2935018883628832E-5	6.405050985638401E-5
17	file:/C:/Users/apovzner/Documents/Hakluyt/CC_ML_FR_trimmed_MAlem_AMER_cat_mod/enc_full_part/7_28-1577-En-enc_part-expl_y-The_second_voyage_of_M_Martin_Frobisher_to_the_West_and_Northwest_regions_in_the_yeere_1577-211_230.txt	0.026164616155476526	0.04098313332736268	0.0014262298355764748	0.023163243208922914	0.1424920988637921	4.1713465461507504E-5	3.6806509249214134E-5	2.1721526407174467E-5	1.0679149793169417E-5	0.34325200224836067	0.30045316159934427	3.681127855856985E-5	0.12188308886132743	9.147577499933356E-6	2.554639286736068E-5
18	file:/C:/Users/apovzner/Documents/Hakluyt/CC_ML_FR_trimmed_MAlem_AMER_cat_mod/enc_full_part/7_29-1578-En-enc_part-expl_y-The_third_and_last_voyage_of_M_Martin_Frobisher_for_the_discovery_of_a_Northwest_passage_in_the_yere-231_250.txt	4.5319176850922176E-5	0.12250232598868722	0.007385061322102564	0.031663626083927386	0.2410076696388961	7.775078045681486E-4	0.014699790443706824	2.3162509739336603E-5	1.138759341564602E-5	0.29418632397129535	0.21116387033456127	3.9253300258341206E-5	0.07645770629993362	9.75441821913399E-6	2.724111383810119E-5
19	file:/C:/Users/apovzner/Documents/Hakluyt/CC_ML_FR_trimmed_MAlem_AMER_cat_mod/enc_full_part/7_30.2-1578-En-enc_part-expl_y-Frobishers_first_voyage-278_283.txt	0.05404707424989751	0.06764413830209065	1.5500663121315676E-4	0.048103317499025154	0.12605424141803687	1.25840048873235E-4	1.1103687673824102E-4	6.552891049540036E-5	3.221656884722592E-5	0.47454976555143275	0.19508471328246837	1.110512646610802E-4	0.03381140556936439	2.759616317962274E-5	7.706766367637464E-5
20	file:/C:/Users/apovzner/Documents/Hakluyt/CC_ML_FR_trimmed_MAlem_AMER_cat_mod/enc_full_part/7_30.3-1578-En-enc_part-expl_y-Frobishers_second_voyage-284_319.txt	0.003907870336849936	0.02076378651696683	3.9765521006956495E-4	0.057607341718066626	0.21303986064064329	2.2451879308458835E-5	0.005014804621205161	1.1691406693107626E-5	5.7479516415255866E-6	0.3808519115072612	0.2651309530844926	1.981332344946821E-5	0.0530224383282944	4.923597301758562E-6	1.9874987775602652E-4
21	file:/C:/Users/apovzner/Documents/Hakluyt/CC_ML_FR_trimmed_MAlem_AMER_cat_mod/enc_full_part/7_33-1578-En-enc_full-expl_n-A_generall_and_briefe_description_of_the_country_and_condition_of_the_people_which_are_founde_in_Met-367_375.txt	0.03906099047550168	1.9630252669733297E-4	0.0017817214869297804	0.03679623307909559	0.0775590969276708	1.0059718764614503E-4	8.87634550756636E-5	8.812883419225674E-4	2.5754092204017287E-5	0.3014405495260559	0.22640858770109923	8.877495685579363E-5	0.3154876714372948	2.2060515952998783E-5	6.160828999766226E-5
22	file:/C:/Users/apovzner/Documents/Hakluyt/CC_ML_FR_trimmed_MAlem_AMER_cat_mod/enc_full_part/7_35-1585-En-enc_part-expl_y-The_first_voyage_of_M_John_Davis_for_the_discovery_of_a_Northwest_passage_1585-381_393.txt	6.479176670422558E-5	1.2409360613247904E-4	0.003222307404313261	0.019068952581527243	0.5352975168762747	6.359300612081939E-5	0.0032000873806364506	3.311489818652591E-5	1.6280575844000542E-5	0.18007720642139755	0.17404105583440538	5.61195248774164E-5	0.08153801335040349	1.394566348079459E-5	0.0031829211096956406
23	file:/C:/Users/apovzner/Documents/Hakluyt/CC_ML_FR_trimmed_MAlem_AMER_cat_mod/enc_full_part/7_36-1586-En-enc_part-expl_y-The_second_voyage_of_M_John_Davis_for_the_discovery_of_the_Northwest_pass_1586-393_407.txt	5.8368903389291346E-5	0.023242325238637916	7.056713188789281E-5	0.03794890563775179	0.40953705435945775	5.728897696902347E-5	5.05497981852926E-5	2.9832189972827086E-5	1.466666841943859E-5	0.2977048356985585	0.12468870156212726	5.0556348320861895E-5	0.10461049224725068	0.001900770004689084	3.50852343824171E-5
24	file:/C:/Users/apovzner/Documents/Hakluyt/CC_ML_FR_trimmed_MAlem_AMER_cat_mod/enc_full_part/7_38-1586-En-enc_full-expl_n-The_voyage_and_course_which_the_Sunshine_a_barke_of_50_tunnes-408_413.txt	0.0014993746042741443	3.1601004318822245E-4	1.99476727398617E-4	0.016534854055338014	0.6559385216448862	1.6194249838509037E-4	1.4289242091746032E-4	0.0014187080099158562	4.145923094618801E-5	0.18903020135890164	0.10293675925415448	0.01748984323074064	0.014155265924220924	3.551326983075623E-5	9.917772690176124E-5
25	file:/C:/Users/apovzner/Documents/Hakluyt/CC_ML_FR_trimmed_MAlem_AMER_cat_mod/enc_full_part/7_39-1587-En-enc_part-expl_y-The_third_voyage_Northwestward_made_by_M_John_Davis_Gentleman_for_the_discovery_of_a_passage_to_the_-414_422.txt	0.020892032749108568	1.8939495474037794E-4	1.1955280084221013E-4	0.030703014217594	0.6250485446109371	9.705733350354171E-5	8.564001105587034E-5	5.054083637938361E-5	2.484784688930672E-5	0.20366207346584603	0.09928091124335822	8.565110810675304E-5	0.01968001418715328	2.1284241679220095E-5	5.944039280620147E-5
26	file:/C:/Users/apovzner/Documents/Hakluyt/CC_ML_FR_trimmed_MAlem_AMER_cat_mod/enc_full_part/7_42-1587-En-enc_part-expl_y-A_report_of_M_John_Davis_concerning_his_three_voyages_made_for_the_discovery_of_the_Northwest_passag-440_444.txt	0.17762079122125476	2.9186371358246147E-4	1.842347092657419E-4	0.0054120700022020785	0.3950745256988531	0.00138198793837242	1.3197401003776864E-4	7.788505355631646E-5	3.829133082020451E-5	0.2855041544213742	0.07658506874975697	0.01738586365482	0.040186890239371935	3.279970063510566E-5	9.159955609693752E-5
27	file:/C:/Users/apovzner/Documents/Hakluyt/CC_ML_FR_trimmed_MAlem_AMER_cat_mod/enc_full_part/7_43-1385-It-enc_part-expl_y-The_voyage_of_M_Nicolas_Zeno_and_M_Anthony_his_brother-445_464.txt	0.027273843760898926	0.08614704952808055	5.0258760354953166E-5	0.03072587705160816	0.08256025897525278	0.001385605490056152	3.600217445456009E-5	2.124684462292838E-5	0.23669587786231008	0.43728356736093965	0.00677177436272491	0.015837449038369786	0.07517725298931839	8.947674954973921E-6	2.4988126053140614E-5
28	file:/C:/Users/apovzner/Documents/Hakluyt/CC_ML_FR_trimmed_MAlem_AMER_cat_mod/enc_full_part/7_44-1385-It-enc_full-expl_n-A_testimony_of_Ortelius_for_the_credit_of_the_history_of_M_Nicolas_andamp_M_Antonio_Zeni-464_466.txt	0.08864707713329247	0.15608659744071782	5.274661572855232E-4	0.05783599918392488	0.0020049561090785253	4.282163059237801E-4	3.7784315568774904E-4	2.2298583189376514E-4	0.27532728937712847	0.24226743708982468	5.01203922710132E-4	3.7789211580198357E-4	0.1750388796295783	9.390593185760658E-5	2.6225061529432206E-4
29	file:/C:/Users/apovzner/Documents/Hakluyt/CC_ML_FR_trimmed_MAlem_AMER_cat_mod/enc_full_part/8_14.2-1583-En-enc_full-expl_n-A_discourse_of_the_necessitie_and_commoditie_of_planting_English_colonies_upon_the_North_partes_of_A-097_107.txt	0.04546337732901385	0.5372102566757883	0.008919177277635982	8.77085364576968E-4	0.0016188913334287697	0.0025979137466721814	0.0019585613407895985	0.003821955897759276	1.958510535715364E-5	0.3527844557020525	7.198931906499488E-4	6.751031522773996E-5	0.03883488339936818	1.6776267078256975E-5	0.005089677054601215
30	file:/C:/Users/apovzner/Documents/Hakluyt/CC_ML_FR_trimmed_MAlem_AMER_cat_mod/enc_full_part/8_14.4-1583-En-enc_full-expl_n-A_discourse_of_the_necessitie_and_commoditie_of_planting_English_colonies_upon_the_North_partes_of_A-119_131.txt	0.09714786487344226	0.37450778314455035	0.03869825367564934	0.0012826664542254873	0.005132035451913072	0.11860112268967227	5.937986211117764E-4	3.3896407576760084E-5	5.530269180359698E-4	0.29159944082897526	7.618875288609143E-5	0.0016665303069856418	0.04591695651321371	0.019859673282631572	0.0043307620791304
31	file:/C:/Users/apovzner/Documents/Hakluyt/CC_ML_FR_trimmed_MAlem_AMER_cat_mod/enc_full_part/8_2-1536-En-enc_part-expl_y-The_voyage_of_M_Hore_and_divers_other_gentlemen_to_Newfoundland_and_Cape_Briton_in_the_yere_1536-003_007.txt	1.7259535052395459E-4	0.07431033875778902	0.21377291377616295	0.0019422046249462806	0.15991946193016443	1.6940203579259697E-4	1.4947445694699158E-4	0.015442505402077028	0.001439213724347467	0.3177801258274202	0.029511015880656917	0.005732872873288777	0.1502042401075819	3.714911321595246E-5	0.029416486139085568
32	file:/C:/Users/apovzner/Documents/Hakluyt/CC_ML_FR_trimmed_MAlem_AMER_cat_mod/enc_full_part/8_25-1594-En-enc_part-expl_y-The_voyage_of_The_Grace_of_Bristoll_up_into_the_gulfe_of_S_Laurence_to_the_Northwest_of_Newfoundland-162_165.txt	2.3578670479362717E-4	4.5159476217874507E-4	0.19669550175768682	7.463954929187678E-4	0.5159458701214149	2.3142423989761448E-4	2.0420068992215695E-4	0.0535136390432037	5.924739400799916E-5	0.16716151087035075	2.7086950039576646E-4	2.0422714981419116E-4	0.06408725184455465	5.075030679913428E-5	1.4173012206119222E-4
33	file:/C:/Users/apovzner/Documents/Hakluyt/CC_ML_FR_trimmed_MAlem_AMER_cat_mod/enc_full_part/8_26-1597-En-enc_part-expl_y-The_voyage_of_M_Charles_Leigh_and_divers_others_to_Cape_Briton_and_the_isle_of_Ramea_1597-166_180.txt	5.7049322152740176E-5	0.01533479608260213	0.1597063609141057	0.002026111646523813	0.545151639068299	5.599381028471319E-5	0.015736318059395772	0.012025030927627325	1.433509014187651E-5	0.24622060720516095	6.553771300614709E-5	4.941339025999496E-5	7.419571113019173E-4	1.2279193623187125E-5	0.00280257046551474
34	file:/C:/Users/apovzner/Documents/Hakluyt/CC_ML_FR_trimmed_MAlem_AMER_cat_mod/enc_full_part/8_28-1534-Fr-enc_part-expl_y-The_first_voyage_of_Jaques_Cartier_of_Saint_Malo_to_Newfound-land_the_gulfe_of_Saint_Laurence_and_th-183_209.txt	3.395643955098039E-5	3.396544300476338E-4	4.1052827946000326E-5	0.10061795102776123	0.2871326331303678	5.825656730942274E-4	2.9407630891144385E-5	0.40700233279650483	8.532417274954497E-6	0.15479201551255162	5.882463182554994E-4	2.9411441469544772E-5	0.048774520597765374	7.308723053434391E-6	2.0411033465759777E-5
35	file:/C:/Users/apovzner/Documents/Hakluyt/CC_ML_FR_trimmed_MAlem_AMER_cat_mod/enc_full_part/8_30-1535-Fr-enc_full-expl_n-The_second_voyage_of_Jaques_Cartier_by_the_Grand_bay_up_the_river_of_Canada_to_Hochelaga_Anno_1535-210_262.txt	1.6620854878490568E-5	0.004467667812034354	2.0094365153263344E-5	0.0639017459887301	0.10788059915044478	1.6313340101469534E-5	1.4394323192456587E-5	0.4113313227550287	4.176411636939426E-6	0.34702493882536906	1.909387834665121E-5	0.0028371999091280626	0.062452264236395036	3.577442948216996E-6	9.990706612366635E-6
36	file:/C:/Users/apovzner/Documents/Hakluyt/CC_ML_FR_trimmed_MAlem_AMER_cat_mod/enc_full_part/8_31-1540-Fr-enc_part-expl_y-The_third_voyage_of_Jaques_Cartier_unto_the_countries_of_Canada_Hochelaga_and_Saguenay_Anno_1540-263_266.txt	1.9802530880664576E-4	3.7927156373885067E-4	0.0386755676267257	0.032656991419906085	0.04415069975660157	1.9436149553546416E-4	1.7149781500936506E-4	0.33161307284916874	4.975888485609028E-5	0.527955077908813	2.27489571598709E-4	1.7152003733227192E-4	0.023395011200435727	4.262261175720967E-5	1.1903194971462088E-4
37	file:/C:/Users/apovzner/Documents/Hakluyt/CC_ML_FR_trimmed_MAlem_AMER_cat_mod/enc_full_part/8_33-1540-Fr-enc_full-expl_n-A_description_of_the_3_saults_or_falles_of_water_in_the_river_of_Canada-269_272.txt	2.4611151201126946E-4	4.7136953643530684E-4	0.020201526553758578	0.03859664391161076	0.021034982782934586	2.415580201907977E-4	2.1314238474333502E-4	0.26285834159607957	6.184176387213417E-5	0.6143592952477287	2.827305396989501E-4	0.00618436442742618	0.0012104144120284595	5.297259975834028E-5	0.03398470471172299
38	file:/C:/Users/apovzner/Documents/Hakluyt/CC_ML_FR_trimmed_MAlem_AMER_cat_mod/enc_full_part/8_37-1542-Fr-enc_part-expl_y-The_voyage_of_John_Francis_de_la_Roche_knight_lord_of_Roberval_with_three_tall_ships_to_the_countrie-283_286.txt	2.214303741254086E-4	0.05593866040048627	0.0414559293292892	0.07591422711622191	0.09234798783243026	0.030660802933986698	0.046752367805492745	0.1523305195084444	5.5640001554071205E-5	0.3700878440390919	2.543770856982526E-4	1.9179238383904197E-4	0.06018517526265785	4.766027597420032E-5	0.07355558565070791
39	file:/C:/Users/apovzner/Documents/Hakluyt/CC_ML_FR_trimmed_MAlem_AMER_cat_mod/enc_full_part/8_38-1542-Fr-enc_full-expl_n-A_description_of_the_Salvages_in_Canada-287_287.txt	7.613313913796254E-4	0.0014581537535384716	9.20438274256419E-4	0.02703875069380377	0.021970222201096543	7.472454340223899E-4	6.593433481128029E-4	0.037332187285478276	0.030977197879604405	0.15800250380543476	0.03166050422990902	0.11764582615316878	0.5394189016937194	1.63867601110697E-4	0.031243526255364553
40	file:/C:/Users/apovzner/Documents/Hakluyt/CC_ML_FR_trimmed_MAlem_AMER_cat_mod/enc_full_part/8_41-1584-En-enc_part-expl_y-The_first_voyage_made_to_the_coast_of_Virginia-297_310.txt	6.253091676424983E-5	0.014785396807316276	0.07947230355074567	0.06088332429684172	0.12772665635673136	0.03596689008195274	5.4154267756109294E-5	3.1959383845960364E-5	1.5712479914656502E-5	0.3937780756394468	0.01827744871142392	5.598727792625832E-4	0.25417470684680643	0.013667669388608302	5.432984925832036E-4
41	file:/C:/Users/apovzner/Documents/Hakluyt/CC_ML_FR_trimmed_MAlem_AMER_cat_mod/enc_full_part/8_42-1585-En-enc_part-expl_y-The_second_voyage_made_to_Virginia_by_sir_Richard_Grinvile_for_sir_Walter_Ralegh_Anno_1585_at_what_t-310_317.txt	1.2599130879107671E-4	2.4130713892411517E-4	0.19375092377045144	0.03708067267233371	0.244105653687021	0.028653980568507292	0.20185923575018358	6.439382000570686E-5	3.165851407975639E-5	0.29005300194411093	1.447376046767251E-4	0.0031659476709757634	6.19644707818723E-4	2.7118142987612704E-5	7.573269913262427E-5
42	file:/C:/Users/apovzner/Documents/Hakluyt/CC_ML_FR_trimmed_MAlem_AMER_cat_mod/enc_full_part/8_44-1585-En-enc_part-expl_y-An_extract_of_M_Ralph_Lanes_letter_to_M_Richard_Hakluyt_esquire_and_another_Gentleman_of_the_middle_-319_320.txt	0.08156778278116367	0.25476673754561396	0.10328072424867416	0.002111075292951284	0.00845807354573898	6.545511055102998E-4	0.00597094597096225	3.4084555109206195E-4	1.6757297015946646E-4	0.13840260352282574	0.006159509379954601	5.776279388245466E-4	0.3969975461655313	1.435401470263299E-4	4.0086383397134955E-4
43	file:/C:/Users/apovzner/Documents/Hakluyt/CC_ML_FR_trimmed_MAlem_AMER_cat_mod/enc_full_part/8_45-1585-En-enc_full-expl_n-An_account_of_the_particular_employments_of_the_Englishmen_left_in_Virginia_by_S_Richard_Grinvile_un-320_345.txt	0.005340833694577565	0.03042271919012273	0.3029839809358594	0.007482562816437715	0.13631360489552935	0.0015092071317489829	3.155682243196285E-5	1.8623400201882285E-5	9.15599008494878E-6	0.4678658202404637	4.185970541765643E-5	3.262495572693939E-4	0.047624080026353134	7.842864882770132E-6	2.1902728618842762E-5
44	file:/C:/Users/apovzner/Documents/Hakluyt/CC_ML_FR_trimmed_MAlem_AMER_cat_mod/enc_full_part/8_47-1586-En-enc_part-expl_y-A_briefe_and_true_report_of_the_commodities_aswell_marchantable_as_others_which_are_to_be_found_and_-348_374.txt	0.007081835394938247	0.054965993331119366	0.04583987145789111	0.017141619399001072	0.0051573997742604535	0.007961855847989007	3.143639111413314E-5	1.855232711986909E-5	9.121047785091323E-6	0.22565135973670197	0.00415159617889187	3.1440464574977674E-5	0.6319282865741777	7.812933904914906E-6	2.181914053017126E-5
45	file:/C:/Users/apovzner/Documents/Hakluyt/CC_ML_FR_trimmed_MAlem_AMER_cat_mod/enc_full_part/8_48-1586-En-enc_full-expl_n-A_description_of_the_nature_and_maners_of_the_people_of_Virginia-374_382.txt	0.03277536118439514	0.18040621576406493	0.10526529063980039	0.030946668438898418	0.0064139646755246105	0.0028005192991894996	2.674377625447847E-4	1.5782959427254647E-4	7.759518587399887E-5	0.308835639052247	3.547526365120631E-4	2.6747241656248415E-4	0.3311791653907263	6.646671225251891E-5	1.8562124713532456E-4
46	file:/C:/Users/apovzner/Documents/Hakluyt/CC_ML_FR_trimmed_MAlem_AMER_cat_mod/enc_full_part/8_49.2-1587-En-enc_full-expl_n-The_fourth_voyage_made_to_Virginia_with_3_ships_Anno_1587_wherein_was_transported_the_second_colonie-392_397.txt	1.9707844154225678E-4	3.774580590399711E-4	0.24250329834247977	0.006999258021304109	0.13160128085921144	0.009756525572700125	1.7067779019574311E-4	1.0072626289422365E-4	4.95209604237707E-5	0.5684645564573028	2.2640181958541957E-4	1.7069990626157489E-4	0.03922163590442403	4.2418809748068165E-5	1.1846279288673674E-4
47	file:/C:/Users/apovzner/Documents/Hakluyt/CC_ML_FR_trimmed_MAlem_AMER_cat_mod/enc_full_part/8_52-1590-En-enc_part-expl_y-The_fifth_voyage_to_Virginia_made_by_master_John_White_in_the_yeere_1590-406_422.txt	5.358790956295503E-5	1.0263521556874843E-4	0.03906952400148953	0.0530427233693096	0.3954942641485747	5.2596439859335786E-5	0.2613781472987594	0.0021943184712781894	1.346532237566278E-5	0.23951574274708273	0.007862508679426906	4.798012473573163E-4	6.969395792922453E-4	1.153416539505299E-5	3.221140466766057E-5
48	file:/C:/Users/apovzner/Documents/Hakluyt/CC_ML_FR_trimmed_MAlem_AMER_cat_mod/enc_full_part/8_53-1524-Fr-enc_full-expl_n-The_voyage_of_John_de_Verazzano_a_Florentine_to_the_coast_of_Florida_sailing_from_thence_Northerly_t-423_438.txt	0.02930790586075037	0.02978681077228335	4.945294724176385E-4	0.17569665400586398	0.11037983962191975	5.2211766462188604E-5	4.6069844448232107E-5	0.030142330844477164	1.3366841350791496E-5	0.3814562533050369	0.025443874016713938	4.607581408090376E-5	0.2170906522051222	1.1449808229479833E-5	3.1975820843098867E-5
49	file:/C:/Users/apovzner/Documents/Hakluyt/CC_ML_FR_trimmed_MAlem_AMER_cat_mod/enc_full_part/8_56-1587-Fr-enc_full-expl_n-A_description_of_Florida_nat-452_456.txt	0.27817240600581916	0.010635562125418717	0.007076065881625743	0.019425622119040222	0.04530641713461888	0.10252409069888262	1.8261101950292312E-4	0.10242490312453718	5.298330297912551E-5	0.12049805311777341	2.42231089612745E-4	0.001887920255399289	0.25512458028295415	4.5384593304796946E-5	0.056401169248531106
50	file:/C:/Users/apovzner/Documents/Hakluyt/CC_ML_FR_trimmed_MAlem_AMER_cat_mod/enc_full_part/8_57-1587-Fr-enc_part-expl_y-The_voyage_of_captaine_John_Ribault_to_Florida_1562-457_468.txt	7.023889000756621E-5	0.025696723598620935	8.491776831518265E-5	0.07577283919829295	0.11961303567712717	6.893934815145904E-5	0.0023330249947297365	0.061953221234906736	1.7649303825697582E-5	0.4582231257370231	8.068976179702256E-5	6.0837562172612485E-5	0.07816813523467231	1.5118092516007618E-5	0.17784150359784148
51	file:/C:/Users/apovzner/Documents/Hakluyt/CC_ML_FR_trimmed_MAlem_AMER_cat_mod/enc_full_part/8_58-1587-Fr-enc_part-expl_y-An_oration_of_captaine_John_Ribault_to_his_company-468_486.txt	4.935291511728486E-5	0.06675022660870279	0.0024544825970380475	0.027297473455908397	0.022977549274564885	4.843980019037033E-5	4.274159276893886E-5	2.5224142548509286E-5	1.2401172534118828E-5	0.5538655857594359	8.549680413145905E-4	0.002437562791362972	0.046143358743628266	1.062263279783337E-5	0.27703001047208703
52	file:/C:/Users/apovzner/Documents/Hakluyt/CC_ML_FR_trimmed_MAlem_AMER_cat_mod/enc_full_part/9_1.1-1564-Fr-enc_full-expl_n-The_voiage_of_captaine_Rene_Laudonniere_to_Florida_1564_where_he_fortified_and_inhabited_two_summers-001_035.txt	0.0010580779455917819	0.023797401102718146	3.087103302481004E-5	0.05955532410787067	0.046994808911190726	2.506223297806636E-5	2.211404158602894E-5	1.3050700761320855E-5	6.416233634941167E-6	0.5009200967030379	0.001474894569608844	2.2116907076606026E-5	0.04369890972223848	5.496036254762954E-6	0.32237535975242687
53	file:/C:/Users/apovzner/Documents/Hakluyt/CC_ML_FR_trimmed_MAlem_AMER_cat_mod/enc_full_part/9_10-1539-Sp-enc_part-expl_y-A_letter_of_the_sayd_Francis_Vasquez_de_Coronado_governour_of_Nueva_Galicia-118_120.txt	3.7422784658072575E-4	7.167466695172816E-4	0.009532008026248873	0.0011846383716038061	0.004746281909311643	3.6730397932855074E-4	3.2409623997566766E-4	1.912668486824169E-4	9.403424461332299E-5	0.4226889181195744	4.299093535669296E-4	0.5027271306729818	0.023026178680487522	8.054812947733474E-5	0.0335167109080497
54	file:/C:/Users/apovzner/Documents/Hakluyt/CC_ML_FR_trimmed_MAlem_AMER_cat_mod/enc_full_part/9_11-1539-Sp-enc_part-expl_y-A_letter_written_by_Don_Antonio_de_Mendoca_a_viceroy_of_Nueva_Espanna_to_the_emperour_Charles_the_fi-121_124.txt	0.0020304028412749158	0.027532508333061444	2.701246992738318E-4	0.044074607735279346	0.0010267732982324796	0.05623542522481133	0.01826321887630107	1.1419496767832103E-4	5.6142701143697543E-5	0.46197315753416573	0.011098506596044104	0.3670088157972479	0.010133727361546524	4.809087986536709E-5	1.3430315407403367E-4
55	file:/C:/Users/apovzner/Documents/Hakluyt/CC_ML_FR_trimmed_MAlem_AMER_cat_mod/enc_full_part/9_12-1539-Sp-enc_part-expl_y-The_voyage_of_frier_Marco_de_Nica_from_the_towne_of_S_Michael_in_the_province_of_Culiacan_to_the_kin-125_144.txt	4.578908178795254E-5	8.283260834197696E-4	5.535831557439832E-5	0.06939363907580176	0.01576360496310448	0.009302788331153118	3.965517097406204E-5	2.3402676892335247E-5	1.1505668957585117E-5	0.3779651004414732	5.260205709367383E-5	0.4714492003806754	0.05503164862220625	9.855559713696169E-6	2.7523571172329435E-5
56	file:/C:/Users/apovzner/Documents/Hakluyt/CC_ML_FR_trimmed_MAlem_AMER_cat_mod/enc_full_part/9_13-1540-Sp-enc_full-expl_n-The_voyage_of_Francis_Vasquez_de_Coronado_from_Nueva_Galicia_to_Cibola_Acuco_Tiguex_Quivira_andamp_t-145_166.txt	0.002000923175870991	0.017068558406341063	3.7559983602163994E-4	0.0628645476412602	0.003779957908093594	0.010169010317622736	0.018006426747853847	3.4740317807729323E-4	1.015224309066982E-5	0.3841513797935593	0.00886875585118074	0.4169723163201823	0.06914367205730154	8.696238208912988E-6	0.00623260028533514
57	file:/C:/Users/apovzner/Documents/Hakluyt/CC_ML_FR_trimmed_MAlem_AMER_cat_mod/enc_full_part/9_14-1540-Sp-enc_full-expl_n-A_testimony_of_Francis_Lopez_de_Gomara-167_169.txt	0.04200750134370728	7.580429007917727E-4	4.7850351701522417E-4	0.0012528927524763883	0.005019744715288645	3.884666449166704E-4	0.003543670354830555	2.022869208421547E-4	9.945214200779457E-5	0.27099310396577525	0.11568711207026876	0.15078515689379632	0.408460969863851	8.518900794261441E-5	2.379069064895697E-4
58	file:/C:/Users/apovzner/Documents/Hakluyt/CC_ML_FR_trimmed_MAlem_AMER_cat_mod/enc_full_part/9_15.2-1583-Sp-enc_part-expl_y-A_briefe_relation_of_two_notable_voyages_En-186_204.txt	0.0014746215228818298	0.02368635976157316	5.345788094238686E-5	0.0484161191633723	9.184013905557622E-4	0.03437310386380608	3.829382066064507E-5	2.2599269903042087E-5	1.1110682738720355E-5	0.4214906426046307	5.079624400166397E-5	0.41342516077483493	0.05028161963672252	9.517221258065357E-6	0.005748196162118154
59	file:/C:/Users/apovzner/Documents/Hakluyt/CC_ML_FR_trimmed_MAlem_AMER_cat_mod/enc_full_part/9_17.2-1540-Sp-enc_part-expl_y-The_voyage_of_the_right_worshipfull_knight_Francisco_de_Ulloa-217_267.txt	1.4234805733366469E-5	0.004056545044287988	1.7209667395760886E-5	0.5915435961750671	0.12336143199227129	3.593384291205679E-4	3.576949015704781E-4	7.275371031589161E-6	3.5768562296599987E-6	0.24125743735453248	3.6171980011765056E-4	0.014287498513588232	0.02436082074975311	3.063874016250086E-6	8.55646528447484E-6
60	file:/C:/Users/apovzner/Documents/Hakluyt/CC_ML_FR_trimmed_MAlem_AMER_cat_mod/enc_full_part/9_18-1540-Sp-enc_full-expl_n-The_voyage_and_discovery_of_Fernando_Alarchon-279_318.txt	7.984741248909012E-4	4.3312224378101515E-4	2.8946230637252755E-5	0.1338761146091569	0.011534367938638353	2.349960804630815E-5	2.07352357647556E-5	1.2236992325827364E-5	6.0161828232389846E-6	0.585673932197227	0.001770200973393551	0.221924023345704	0.043878785197199975	5.153359555322176E-6	1.4391760855591176E-5
61	file:/C:/Users/apovzner/Documents/Hakluyt/CC_ML_FR_trimmed_MAlem_AMER_cat_mod/enc_full_part/9_2.1-1565-Fr-enc_full-expl_n-The_voiage_of_captaine_Rene_Laudonniere_the_rest-049_076.txt	2.9706186376612053E-5	0.020717992550064287	0.0026786128192954617	0.023397832252182192	0.011428044172338777	2.915657016574127E-5	0.003148915859492786	1.5182752183038023E-5	7.464433290548113E-6	0.5486389826817732	3.4126181412727015E-5	0.0017074472927904026	0.06621356170874909	6.393906194858837E-6	0.32194658063369025
62	file:/C:/Users/apovzner/Documents/Hakluyt/CC_ML_FR_trimmed_MAlem_AMER_cat_mod/enc_full_part/9_20-1578-En-enc_part-expl_y-The_voyage_and_course_which_sir_Francis_Drake_held_from_the_haven_of_Guatulco-319_326.txt	0.0030884043791171256	0.020008484018402828	0.2275526492548105	0.032025937357576625	0.09448990568207252	0.024837910315795318	0.0010945937485350504	6.24838026094599E-5	3.0719475013176635E-5	0.43371196932691736	1.4044446998151428E-4	0.004060757629591163	0.15879594040787706	2.6313778145525958E-5	7.348635355481526E-5
63	file:/C:/Users/apovzner/Documents/Hakluyt/CC_ML_FR_trimmed_MAlem_AMER_cat_mod/enc_full_part/9_24-1572-En_Sp_col)-enc_part-expl_y-The_memorable_voyage_of_M_John_Chilton_to_all_the_principall_parts_of_Nueva_Espanna-360_377.txt	4.578908178795254E-5	0.0019392676546796323	4.256721726610192E-4	0.04680449379351788	0.0372418086741285	0.5866220915291952	0.0018912244564071668	2.3402676892335247E-5	1.1505668957585117E-5	0.26872251260092	5.260205709367383E-5	0.013741273021611933	0.04244097748126114	9.855559713696169E-6	2.7523571172329435E-5
64	file:/C:/Users/apovzner/Documents/Hakluyt/CC_ML_FR_trimmed_MAlem_AMER_cat_mod/enc_full_part/9_25-1572-En_Sp_col)-enc_part-expl_y-The_voyage_of_Henrie_Hawks_merchant_to_Nueva_Espanna_in_which_countrey_he_travelled_for_the_space_of-378_397.txt	0.00249478858967904	0.010939514593165925	5.2353306567055214E-5	0.027453627553268183	0.016658971793070278	0.3061279240864844	0.01894895883820324	0.002473617383397314	1.0881108067422466E-5	0.29651115021412855	0.013357808481338216	3.750743344306189E-5	0.30489754653531675	9.32057151174731E-6	2.6029512358781477E-5
65	file:/C:/Users/apovzner/Documents/Hakluyt/CC_ML_FR_trimmed_MAlem_AMER_cat_mod/enc_full_part/9_5-1568-Fr-enc_full-expl_n-The_voyage_of_captaine_Dominique_Gourgues_to_Florida_1567-100_112.txt	7.003995942300946E-5	0.04941442537110865	0.025574477299745546	0.03477455530596176	0.06206382755725577	6.874409812935229E-5	0.02724977743607493	3.579723540908016E-5	1.7599317467332755E-5	0.4671212662127152	8.046123225334245E-5	6.066525802878701E-5	0.026400707369894163	1.5075275054324092E-5	0.3070525810714787
66	file:/C:/Users/apovzner/Documents/Hakluyt/CC_ML_FR_trimmed_MAlem_AMER_cat_mod/enc_full_part/9_7-1586-Sp-enc_full-expl_n-The_relation_of_Nicolas_Burgoignon_alias_Holy_whom_sir_Francis_Drake_brought_also_from_S_Augustines-113_115.txt	0.017462300816681566	0.021256188507065336	0.06867301675368126	0.0013340242626722974	0.09395738589262088	0.3105576723977865	3.649655945071828E-4	2.1538608144338397E-4	1.0589220039057499E-4	0.21356147725371108	4.8412200900736443E-4	0.11624300976070984	0.06001160176315859	0.013723410966744627	0.08204954573981951
67	file:/C:/Users/apovzner/Documents/Hakluyt/CC_ML_FR_trimmed_MAlem_AMER_cat_mod/enc_full_part/9_9-1539-Sp-enc_full-expl_n-An_extract_of_a_letter_of_C_Francis_Vasquez_de_Coronado-116_118.txt	4.5896013338673906E-4	0.07882654895929682	5.548759422115316E-4	0.027435368728746214	0.002109143676331643	0.048703693529844716	3.9747777961597077E-4	0.026217079040182802	1.1532538223700103E-4	0.3439397440895657	5.272489903145735E-4	0.26764615982422335	0.20269370969782463	9.878575468593657E-5	2.758784715323852E-4
