0	file:/C:/Users/apovzner/Documents/Hakluyt/text-data/CC_ML_FR_trimmed_cleaned_EN_cl_MAlem_chunked_pages/01_01_NNE-_0517_The_voyage_of_Arthur_K_of_Britaine_to_Island_and_the_most_Northeastern_parts_of_Europe_Anno_517_pp.003-004_0.txt	9.603042414921544E-4	0.0010817188296396668	0.0018485373977602266	2.277446081235189E-4	0.5996226724045934	0.001196847560174169	0.17194339006048195	4.351509405805676E-4	0.002033018445620023	0.01663511611245275	2.8378589519202543E-4	0.04598942206458962	0.0031976528665479745	7.789715114758164E-4	0.1342816994918644	0.015744931941685258	9.923733997578726E-4	9.717955741792912E-4	8.331758742154665E-4	9.41690779573845E-4
1	file:/C:/Users/apovzner/Documents/Hakluyt/text-data/CC_ML_FR_trimmed_cleaned_EN_cl_MAlem_chunked_pages/01_02_NNE-_0517_Two_testimonies_of_Galfridus_Monumetensis_in_his_history_of_the_Kings_of_Brittaine_concerning_the_co_pp.004-004_0.txt	0.0010031884830030168	0.0011300250741950741	0.0019310874072074756	2.379149836728239E-4	0.7305994902257475	0.0012502951006561768	9.941251454205088E-4	0.11953973627762628	0.0021238068127343206	0.002492345262813883	2.96458902704604E-4	0.07781445678051455	0.0033404502341654175	8.137579895364606E-4	0.050964443633549704	0.001562408197787563	0.0010366897514986974	0.0010151929833561331	8.70382952833969E-4	9.837438009757367E-4
2	file:/C:/Users/apovzner/Documents/Hakluyt/text-data/CC_ML_FR_trimmed_cleaned_EN_cl_MAlem_chunked_pages/01_03_NNE-_0580_A_testimony_of_M_Lambard_in_his_touching_the_right_and_appendances_of_the_Crowne_of_the_kingdome_of__pp.005-007_0.txt	3.191277338203643E-4	3.5947615746998016E-4	6.143048475062202E-4	7.568395258499885E-5	0.49759162189932926	0.043015646009828774	0.15658191581532613	0.09485107652632854	0.010146258221983095	0.06235205233774928	9.430755973970607E-5	0.0010772072472099493	0.0010626420969046442	2.588673489368651E-4	0.06830103128740574	4.970230379536813E-4	0.01927107842236696	3.229465266576463E-4	2.768805104922105E-4	0.042930852460405976
3	file:/C:/Users/apovzner/Documents/Hakluyt/text-data/CC_ML_FR_trimmed_cleaned_EN_cl_MAlem_chunked_pages/01_04_NNE-_0580_The_voyage_of_Malgo_king_of_Britaine_to_Island_Gotland_Orkney_Denmark_and_Norway_Anno_580_pp.007-008_0.txt	0.0012213566475559583	0.001375776994709496	0.0023510501583353578	2.896554852704553E-4	0.7988719525488633	0.0015222027151087969	0.0012103222628984476	5.53443868104217E-4	0.05695436867063914	0.0030343674257803295	3.6093122845821615E-4	0.040368448813701295	0.0040669138137578885	9.907298048786903E-4	0.007679235769863171	0.07439377586633082	0.0012621435960427198	0.0012359718236223509	0.0010596692679135905	0.001197683238165792
4	file:/C:/Users/apovzner/Documents/Hakluyt/text-data/CC_ML_FR_trimmed_cleaned_EN_cl_MAlem_chunked_pages/01_05_NNE-_0624_The_conquest_of_the_Isles_of_Anglesey_and_Man_by_Edwin_the_Saxon_king_of_Northumberland_Anno_624_pp.008-010_0.txt	5.176957229703939E-4	5.831497845837337E-4	9.965382461336442E-4	1.227760999700608E-4	0.6919774786007472	6.452151684626091E-4	5.13018584843513E-4	2.3458792646282854E-4	0.008777732339231382	0.03969488145904589	1.5298770726239296E-4	0.0017474682565420975	0.009405581548354582	4.1994005897568235E-4	0.08007240499394531	8.062812275388434E-4	5.349840628069712E-4	0.11575000842449415	4.4916138857540374E-4	0.04659810839905333
5	file:/C:/Users/apovzner/Documents/Hakluyt/text-data/CC_ML_FR_trimmed_cleaned_EN_cl_MAlem_chunked_pages/01_06_NNE-_0624_The_voyage_of_Bertus_into_Ireland_Anno_684_pp.010-010_0.txt	9.085210372530349E-4	0.001023388495705606	0.0017488573323435307	2.1546376519139405E-4	0.3246319028363538	0.0011323090535491336	9.003129756564884E-4	4.116859707748369E-4	0.0019233904706067527	0.002257151215079836	2.6848309599989035E-4	0.0030666887952852015	0.0030252234381233237	7.369664477342152E-4	0.2214072865017595	0.06881965452487059	0.014419797988972418	9.193927142083661E-4	7.882479080590669E-4	0.351395275432473
6	file:/C:/Users/apovzner/Documents/Hakluyt/text-data/CC_ML_FR_trimmed_cleaned_EN_cl_MAlem_chunked_pages/01_07_NNE-_0890_The_voyage_of_Octher_to_the_North_parts_beyond_Norway_about_the_yeere_890_pp.011-014_0.txt	4.7735926904271953E-4	5.377134532116466E-4	0.2346650033241981	1.1320995468408724E-4	5.724042718738843E-4	5.949429897264192E-4	0.5387974227657997	0.014382740874316584	0.0010105965976403204	0.0932677638854654	1.4106761340864683E-4	0.008694529096847512	0.0015895267031788578	3.8722027380135867E-4	0.10216639581871206	7.434595271763909E-4	4.933005814800692E-4	4.8307151515686217E-4	4.141648126863691E-4	4.681066715931108E-4
7	file:/C:/Users/apovzner/Documents/Hakluyt/text-data/CC_ML_FR_trimmed_cleaned_EN_cl_MAlem_chunked_pages/01_07_NNE-_0890_The_voyage_of_Octher_to_the_North_parts_beyond_Norway_about_the_yeere_890_pp.011-014_1.txt	0.05924117305000466	0.007900742227830798	9.52631054883042E-4	1.1736661997939963E-4	5.934209128435424E-4	6.167871719362439E-4	0.47046070995707356	2.2425204924763102E-4	0.001047702096151422	0.023259364576171324	1.46247112460515E-4	0.009013761159582625	0.22928975000380003	4.0143761960140695E-4	0.19403701134558524	7.707567063308829E-4	5.114128173953428E-4	5.008081762818466E-4	4.2937146574295734E-4	4.852938770976526E-4
8	file:/C:/Users/apovzner/Documents/Hakluyt/text-data/CC_ML_FR_trimmed_cleaned_EN_cl_MAlem_chunked_pages/01_07_NNE-_0890_The_voyage_of_Octher_to_the_North_parts_beyond_Norway_about_the_yeere_890_pp.011-014_2.txt	5.257734338520255E-4	0.08640985916783897	0.001012087433576354	1.2469180024481303E-4	0.031836861752412536	6.552825909967958E-4	5.210233173946966E-4	2.3824824923972067E-4	0.008914693069031953	0.6878471270259006	1.5537480534506338E-4	0.032981138130880674	0.001750737792534718	4.2649246849639006E-4	0.14373459844333775	8.188617963099673E-4	5.433315271453668E-4	5.320650206069313E-4	4.5616974440126744E-4	5.155824304535015E-4
9	file:/C:/Users/apovzner/Documents/Hakluyt/text-data/CC_ML_FR_trimmed_cleaned_EN_cl_MAlem_chunked_pages/01_07_NNE-_0890_The_voyage_of_Octher_to_the_North_parts_beyond_Norway_about_the_yeere_890_pp.011-014_3.txt	0.02374532471689025	5.876640678567513E-4	0.05519270259800434	1.2372653519111948E-4	6.255774722742286E-4	6.502099127281276E-4	0.27920044681711986	2.3640392019287672E-4	0.016586889718140846	0.3883564888200416	1.5417201679337377E-4	0.009502202904975832	0.0017371849686441617	0.10105888365303728	0.04972743352798279	8.125228175300406E-4	5.391254852509226E-4	0.07019881040736008	4.5263843992127475E-4	5.115912000643497E-4
10	file:/C:/Users/apovzner/Documents/Hakluyt/text-data/CC_ML_FR_trimmed_cleaned_EN_cl_MAlem_chunked_pages/01_08_NNE-_0890_The_second_voyage_of_Octher_into_the_Sound_of_Denmarke_pp.014-015_0.txt	0.008327374377437108	5.922487884030535E-4	0.08682969781301227	1.2469180024481303E-4	6.304579780722088E-4	6.552825909967958E-4	0.5544346903119356	0.015841450136409887	0.0011130921254468701	0.0013062439904132587	0.06256818235402574	0.06418754190522101	0.009552338736119801	0.18766491511453837	0.0033057814588062623	8.188617963099673E-4	5.433315271453668E-4	5.320650206069313E-4	4.5616974440126744E-4	5.155824304535015E-4
11	file:/C:/Users/apovzner/Documents/Hakluyt/text-data/CC_ML_FR_trimmed_cleaned_EN_cl_MAlem_chunked_pages/01_09_NNE-_0890_Wolstans_Navigation_into_the_East_sea_or_the_Sound_of_Denmarke_pp.015-016_0.txt	0.007252354795184004	0.007310248536294761	0.07562044730507055	1.0859475441332474E-4	5.490692183628232E-4	5.706891062677098E-4	4.53761988238248E-4	0.04097422710299213	9.693978735168413E-4	0.17099901249291963	0.36024147972123294	0.0015456256242912473	0.0015247268886098438	0.3061219502999007	0.02326239043358429	7.131511093283291E-4	4.7319032718690915E-4	4.6337826650420653E-4	3.972806653427512E-4	4.49023490758785E-4
12	file:/C:/Users/apovzner/Documents/Hakluyt/text-data/CC_ML_FR_trimmed_cleaned_EN_cl_MAlem_chunked_pages/01_10_NNE-_0973_The_voyage_of_King_Edgar_with_4000_shippes_round_about_his_large_Monarchie_Anno_973_pp.016-023_0.txt	5.022627142590782E-4	5.657655271789311E-4	9.668304800630726E-4	0.10445749104617381	0.15710982866786855	6.259806821152571E-4	0.022855948224730416	0.007680335707030679	0.03832702396537387	0.0012478334009820285	1.4842699618416031E-4	0.0016953745427458482	0.024030674238409783	0.007860162313739844	0.40560597659408	7.822452066558025E-4	0.0974046696192831	5.082729636118531E-4	4.3577145445947645E-4	0.12718912565505452
13	file:/C:/Users/apovzner/Documents/Hakluyt/text-data/CC_ML_FR_trimmed_cleaned_EN_cl_MAlem_chunked_pages/01_10_NNE-_0973_The_voyage_of_King_Edgar_with_4000_shippes_round_about_his_large_Monarchie_Anno_973_pp.016-023_1.txt	4.080003616221049E-4	4.5958525912647433E-4	0.006839425146989207	0.30885305373228705	0.13367822467715532	0.024724679342787527	0.03672858401710326	1.8488072159423153E-4	8.637598639661487E-4	0.025229825607820573	1.205709012403077E-4	0.00743123941588372	0.0013585731162306781	3.3095829909238954E-4	0.34159180516749227	6.354370295305213E-4	0.07912420990073694	4.128826350613918E-4	3.539878751826808E-4	0.030670316929097264
14	file:/C:/Users/apovzner/Documents/Hakluyt/text-data/CC_ML_FR_trimmed_cleaned_EN_cl_MAlem_chunked_pages/01_10_NNE-_0973_The_voyage_of_King_Edgar_with_4000_shippes_round_about_his_large_Monarchie_Anno_973_pp.016-023_2.txt	3.9835375544367425E-4	0.018181435227778743	7.668109570480111E-4	0.5202541491411443	0.17189392517842828	4.964767411087961E-4	3.9475481603795236E-4	1.8050947176466515E-4	8.433374525562935E-4	9.896795189794617E-4	1.1772016847080838E-4	0.05454278127917732	0.0013264515275027268	3.2313324629063586E-4	0.1502772700755731	6.204129968294173E-4	4.116566953632317E-4	4.0312059425702854E-4	3.456183197973608E-4	0.07723240283644828
15	file:/C:/Users/apovzner/Documents/Hakluyt/text-data/CC_ML_FR_trimmed_cleaned_EN_cl_MAlem_chunked_pages/01_10_NNE-_0973_The_voyage_of_King_Edgar_with_4000_shippes_round_about_his_large_Monarchie_Anno_973_pp.016-023_3.txt	5.060340550453842E-4	5.700136916306433E-4	9.740901215204016E-4	0.2178723533758226	0.19583302687501805	6.306809841900061E-4	5.014622746204409E-4	2.2930357433040315E-4	0.0686496160701639	0.0012572030094877697	1.4954149019019851E-4	0.016725507565678817	0.0016850089552582573	4.104804453476527E-4	0.46121246115672865	0.01580552181399071	5.229329559331672E-4	5.120894335663744E-4	4.3904353222486527E-4	0.015513628619251752
16	file:/C:/Users/apovzner/Documents/Hakluyt/text-data/CC_ML_FR_trimmed_cleaned_EN_cl_MAlem_chunked_pages/01_10_NNE-_0973_The_voyage_of_King_Edgar_with_4000_shippes_round_about_his_large_Monarchie_Anno_973_pp.016-023_4.txt	3.914129408356228E-4	4.4090063333328424E-4	7.53450237788907E-4	0.3195281682908637	0.006277260826293489	0.04695114862232631	3.8787670843556954E-4	1.7736432059840989E-4	8.286433550858172E-4	0.05905158855177287	1.1566904216957787E-4	0.007129119352395823	0.0013033397731558674	3.175030547195707E-4	0.5077496254440578	6.096030784275623E-4	0.046867806459503954	3.9609672346080805E-4	3.3959635401926004E-4	3.8382623075584963E-4
17	file:/C:/Users/apovzner/Documents/Hakluyt/text-data/CC_ML_FR_trimmed_cleaned_EN_cl_MAlem_chunked_pages/01_10_NNE-_0973_The_voyage_of_King_Edgar_with_4000_shippes_round_about_his_large_Monarchie_Anno_973_pp.016-023_5.txt	3.470667824040527E-4	3.909476366422818E-4	6.680861117486212E-4	0.5614205661974226	4.1616979444432877E-4	4.325566979610007E-4	3.439311967530028E-4	0.07225576099235928	7.347600270858478E-4	8.622609466322952E-4	1.0256401386180349E-4	0.0011715147686973831	0.0011556744661602833	2.8153071119653276E-4	0.2339273215122666	0.015990213272199176	3.5865700464070006E-4	3.5121990355976265E-4	3.0112089205325894E-4	0.10848807707191127
18	file:/C:/Users/apovzner/Documents/Hakluyt/text-data/CC_ML_FR_trimmed_cleaned_EN_cl_MAlem_chunked_pages/01_10_NNE-_0973_The_voyage_of_King_Edgar_with_4000_shippes_round_about_his_large_Monarchie_Anno_973_pp.016-023_6.txt	3.825262212695156E-4	4.308903350621358E-4	7.363437492912292E-4	0.6017521463917433	0.06289525258545729	4.7675054930266543E-4	3.790702762140575E-4	1.7333740474114104E-4	8.098296666542475E-4	0.012302459612544489	1.1304286854832055E-4	0.0069672583666481516	0.012625850874932036	3.1029440034383265E-4	0.2521513724757586	5.957625252944546E-4	0.04580371018359899	3.871036623347878E-4	3.318860888517397E-4	3.7511176140907443E-4
19	file:/C:/Users/apovzner/Documents/Hakluyt/text-data/CC_ML_FR_trimmed_cleaned_EN_cl_MAlem_chunked_pages/01_10_NNE-_0973_The_voyage_of_King_Edgar_with_4000_shippes_round_about_his_large_Monarchie_Anno_973_pp.016-023_7.txt	4.5789889001611597E-4	5.157926311268741E-4	8.814323482237817E-4	0.20394227190944994	0.22476611408890312	0.007365145011435596	4.53761988238248E-4	0.07494650662883157	0.055325045114859944	0.0011376148637224435	1.3531674733493291E-4	0.08987355239147378	0.0015247268886098438	3.7143456734577645E-4	0.3358073620713071	7.131511093283291E-4	4.7319032718690915E-4	4.6337826650420653E-4	3.972806653427512E-4	4.49023490758785E-4
20	file:/C:/Users/apovzner/Documents/Hakluyt/text-data/CC_ML_FR_trimmed_cleaned_EN_cl_MAlem_chunked_pages/01_11_NNE-_0973_The_voyage_of_Edmund_and_Edward_the_sonnes_of_King_Edmund_Ironside_into_Hungary_Anno_1017_pp.024-025_0.txt	9.085210372530349E-4	0.001023388495705606	0.015229794415016693	2.1546376519139405E-4	0.4729222107457586	0.09549886863226127	0.014381250058329652	4.116859707748369E-4	0.0019233904706067527	0.002257151215079836	2.6848309599989035E-4	0.043509500043304686	0.016506160520796485	7.369664477342152E-4	0.07311697859235475	0.0014149691115047747	9.388609062992553E-4	9.193927142083661E-4	0.25692605247884914	8.909112829707711E-4
21	file:/C:/Users/apovzner/Documents/Hakluyt/text-data/CC_ML_FR_trimmed_cleaned_EN_cl_MAlem_chunked_pages/01_12_NNE-_1249_A_Chronicle_of_the_Kings_of_Man_taken_out_of_M_Camdens_Chorographie_pp.025-041_0.txt	4.5175996370982265E-4	5.088775391254378E-4	8.696152236408013E-4	1.0713885397519536E-4	0.4965906792545615	5.630380321035891E-4	4.476785242527955E-4	2.0470988737851834E-4	9.56401418979055E-4	0.07485937241070308	1.3350259238062144E-4	0.0886686420345244	0.1221648458648511	3.6645484477762307E-4	0.0028404244408499956	0.20850788885610788	4.6684639272716625E-4	4.571658796825064E-4	3.9195443114426154E-4	4.430035545246838E-4
22	file:/C:/Users/apovzner/Documents/Hakluyt/text-data/CC_ML_FR_trimmed_cleaned_EN_cl_MAlem_chunked_pages/01_12_NNE-_1249_A_Chronicle_of_the_Kings_of_Man_taken_out_of_M_Camdens_Chorographie_pp.025-041_1.txt	0.00789615578260713	5.615802152430797E-4	0.0675381557485319	1.1823485229804172E-4	0.4814423705448318	0.03760939297867174	4.94043031338464E-4	2.259109781382533E-4	0.0010554525862000186	0.008636211029197625	0.0075449376026872385	0.053466093104726435	0.03864812193838411	4.0440729799308146E-4	0.276846115936242	0.00817406707410708	0.007912804660585455	5.045129591593328E-4	4.32547787795396E-4	4.888838912618951E-4
23	file:/C:/Users/apovzner/Documents/Hakluyt/text-data/CC_ML_FR_trimmed_cleaned_EN_cl_MAlem_chunked_pages/01_12_NNE-_1249_A_Chronicle_of_the_Kings_of_Man_taken_out_of_M_Camdens_Chorographie_pp.025-041_10.txt	5.098624600541958E-4	5.74326135131969E-4	9.814596087378738E-4	1.2091837268312721E-4	0.6436796123000578	6.354524066165436E-4	5.052560917850085E-4	0.030493072878997662	0.0010794076931376862	0.09205281790919412	1.5067284762427074E-4	0.009286535910827242	0.001697756905045203	4.13585938697991E-4	0.17721244019858984	7.940813723739825E-4	5.268892097224257E-4	0.038343506783715564	4.423651198553761E-4	4.999798571521738E-4
24	file:/C:/Users/apovzner/Documents/Hakluyt/text-data/CC_ML_FR_trimmed_cleaned_EN_cl_MAlem_chunked_pages/01_12_NNE-_1249_A_Chronicle_of_the_Kings_of_Man_taken_out_of_M_Camdens_Chorographie_pp.025-041_11.txt	4.260558923084239E-4	4.7992361303416937E-4	8.201361781391859E-4	1.010429070704994E-4	0.7528239978948081	0.013174920347682757	4.2220667708473165E-4	1.930623798868417E-4	9.019844446195757E-4	0.0010585033649012188	1.25906611234697E-4	0.0962675242658459	0.08360416101522115	3.4560443249628413E-4	0.04693252347992702	6.635574771210514E-4	4.4028393926492823E-4	4.3115422447263834E-4	3.696531528249237E-4	4.177977020558934E-4
25	file:/C:/Users/apovzner/Documents/Hakluyt/text-data/CC_ML_FR_trimmed_cleaned_EN_cl_MAlem_chunked_pages/01_12_NNE-_1249_A_Chronicle_of_the_Kings_of_Man_taken_out_of_M_Camdens_Chorographie_pp.025-041_12.txt	4.740018120715656E-4	5.33931501337979E-4	9.124296638104168E-4	1.1241370419476429E-4	0.5491732986306663	0.05685792983316361	4.6971942794304657E-4	2.1478852789334508E-4	0.0010034886711543086	0.0011776213452384802	1.4007542896234351E-4	0.18446828738122414	0.05081212183092629	3.8449680011611183E-4	0.0733142334000486	0.07810559103742955	4.898310029391813E-4	4.796738816943722E-4	4.112518273779471E-4	4.6481429180768064E-4
26	file:/C:/Users/apovzner/Documents/Hakluyt/text-data/CC_ML_FR_trimmed_cleaned_EN_cl_MAlem_chunked_pages/01_12_NNE-_1249_A_Chronicle_of_the_Kings_of_Man_taken_out_of_M_Camdens_Chorographie_pp.025-041_13.txt	4.642069574222715E-4	5.228982493226993E-4	0.028445803483810983	1.1009076815288643E-4	0.6411459440907804	5.785509845748808E-4	4.6001306521303013E-4	2.1035010095599505E-4	9.827524093387404E-4	0.0011532867760137204	1.371808863009401E-4	0.2357608599339711	0.015321845911812796	3.765514923676102E-4	0.0029186844638622498	7.229755604604544E-4	0.028031937474066394	0.041798104452759284	4.027536491625115E-4	4.552092896510994E-4
27	file:/C:/Users/apovzner/Documents/Hakluyt/text-data/CC_ML_FR_trimmed_cleaned_EN_cl_MAlem_chunked_pages/01_12_NNE-_1249_A_Chronicle_of_the_Kings_of_Man_taken_out_of_M_Camdens_Chorographie_pp.025-041_14.txt	4.740018120715656E-4	5.33931501337979E-4	9.124296638104168E-4	1.1241370419476429E-4	0.7883087767123094	5.907585198358442E-4	0.049703494327104844	2.1478852789334508E-4	0.0010034886711543086	0.0011776213452384802	1.4007542896234351E-4	0.057867151926236676	0.00861174334593047	3.8449680011611183E-4	0.010013665672554852	0.07107219462326358	4.898310029391813E-4	0.0075130702958603425	4.112518273779471E-4	4.6481429180768064E-4
28	file:/C:/Users/apovzner/Documents/Hakluyt/text-data/CC_ML_FR_trimmed_cleaned_EN_cl_MAlem_chunked_pages/01_12_NNE-_1249_A_Chronicle_of_the_Kings_of_Man_taken_out_of_M_Camdens_Chorographie_pp.025-041_15.txt	0.007781033698816333	5.533926507655813E-4	9.45686607791235E-4	1.1651104606270508E-4	0.7660133806359891	6.122909445033241E-4	4.868401259227318E-4	2.2261730672769434E-4	0.0010400646044515613	0.0012205442012816058	0.0074349361079337865	0.001658297947082041	0.06724367165471642	3.985112376661412E-4	0.05411718213128543	0.015344648280913902	0.029666705147630375	4.971574073241198E-4	0.04416477205955441	4.8175620358154383E-4
29	file:/C:/Users/apovzner/Documents/Hakluyt/text-data/CC_ML_FR_trimmed_cleaned_EN_cl_MAlem_chunked_pages/01_12_NNE-_1249_A_Chronicle_of_the_Kings_of_Man_taken_out_of_M_Camdens_Chorographie_pp.025-041_16.txt	4.985471712789261E-4	5.615802152430797E-4	0.060140547137203695	1.1823485229804172E-4	0.7773467149979599	0.00801895853335892	4.94043031338464E-4	0.0889972143140767	0.0010554525862000186	0.008636211029197625	1.4732899135903478E-4	0.0016828328254290049	0.016455296104399497	4.0440729799308146E-4	0.01792981453975483	7.764584627788753E-4	0.015310413271913657	5.045129591593328E-4	4.32547787795396E-4	4.888838912618951E-4
30	file:/C:/Users/apovzner/Documents/Hakluyt/text-data/CC_ML_FR_trimmed_cleaned_EN_cl_MAlem_chunked_pages/01_12_NNE-_1249_A_Chronicle_of_the_Kings_of_Man_taken_out_of_M_Camdens_Chorographie_pp.025-041_17.txt	4.740018120715656E-4	0.01460072432966992	9.124296638104168E-4	1.1241370419476429E-4	0.5421399022165003	5.907585198358442E-4	4.6971942794304657E-4	2.1478852789334508E-4	0.0010034886711543086	0.0011776213452384802	1.4007542896234351E-4	0.06490054834040264	0.00861174334593047	0.014451289628448053	0.12958140471337634	0.1836065372499191	4.898310029391813E-4	4.796738816943722E-4	0.021511441069875858	0.014531607120139622
31	file:/C:/Users/apovzner/Documents/Hakluyt/text-data/CC_ML_FR_trimmed_cleaned_EN_cl_MAlem_chunked_pages/01_12_NNE-_1249_A_Chronicle_of_the_Kings_of_Man_taken_out_of_M_Camdens_Chorographie_pp.025-041_2.txt	5.176957229703939E-4	5.831497845837337E-4	9.965382461336442E-4	1.227760999700608E-4	0.5152974313450557	0.1465982976840339	5.13018584843513E-4	2.3458792646282854E-4	0.0010959911542013144	0.016649657903955683	1.5298770726239296E-4	0.04783791536672251	0.0017238403633245128	4.1994005897568235E-4	0.14920807565921593	0.02385150478262905	5.349840628069712E-4	5.23890649043111E-4	4.4916138857540374E-4	0.09268855550923374
32	file:/C:/Users/apovzner/Documents/Hakluyt/text-data/CC_ML_FR_trimmed_cleaned_EN_cl_MAlem_chunked_pages/01_12_NNE-_1249_A_Chronicle_of_the_Kings_of_Man_taken_out_of_M_Camdens_Chorographie_pp.025-041_3.txt	4.912785977089797E-4	5.533926507655813E-4	0.07384323761886477	1.1651104606270508E-4	0.5764797480071979	6.122909445033241E-4	4.868401259227318E-4	2.2261730672769434E-4	0.0010400646044515613	0.0012205442012816058	1.4518100682643374E-4	0.03081731835151145	0.16930024307021938	3.985112376661412E-4	0.1343044882434663	7.651380786991947E-4	5.076847432009634E-4	4.971574073241198E-4	4.2624145291028767E-4	0.0077715113046888966
33	file:/C:/Users/apovzner/Documents/Hakluyt/text-data/CC_ML_FR_trimmed_cleaned_EN_cl_MAlem_chunked_pages/01_12_NNE-_1249_A_Chronicle_of_the_Kings_of_Man_taken_out_of_M_Camdens_Chorographie_pp.025-041_4.txt	5.34107216581745E-4	6.016362401202884E-4	0.0010281295464558695	1.2666823021352522E-4	0.4920065947073858	6.656691613107911E-4	0.008454542189628145	2.4202460806095903E-4	0.001130735215292004	0.04887851092584395	0.1348872640594186	0.03350390634559991	0.1285826539994374	4.332525962234044E-4	0.130162345917628	0.016682361944860637	5.519436147973849E-4	5.404985282631393E-4	4.6340027240619085E-4	5.237546804722604E-4
34	file:/C:/Users/apovzner/Documents/Hakluyt/text-data/CC_ML_FR_trimmed_cleaned_EN_cl_MAlem_chunked_pages/01_12_NNE-_1249_A_Chronicle_of_the_Kings_of_Man_taken_out_of_M_Camdens_Chorographie_pp.025-041_5.txt	0.01464379022204101	5.377134532116466E-4	0.043418185458721205	1.1320995468408724E-4	0.7938925376397781	0.014761373942724707	4.730465518646651E-4	2.163099213182937E-4	0.0010105965976403204	0.001185962690976529	0.007224283089907791	0.0016113136203483678	0.05117203503867287	3.8722027380135867E-4	0.059667102959717194	7.434595271763909E-4	4.933005814800692E-4	4.8307151515686217E-4	4.141648126863691E-4	0.0075513221480922555
35	file:/C:/Users/apovzner/Documents/Hakluyt/text-data/CC_ML_FR_trimmed_cleaned_EN_cl_MAlem_chunked_pages/01_12_NNE-_1249_A_Chronicle_of_the_Kings_of_Man_taken_out_of_M_Camdens_Chorographie_pp.025-041_6.txt	4.740018120715656E-4	5.33931501337979E-4	9.124296638104168E-4	1.1241370419476429E-4	0.5491732986306663	5.907585198358442E-4	4.6971942794304657E-4	2.1478852789334508E-4	0.050237263570316104	0.0011776213452384802	1.4007542896234351E-4	0.022700169855406824	0.121146085972586	3.8449680011611183E-4	0.1647483867842062	0.08513898745159552	4.898310029391813E-4	4.796738816943722E-4	4.112518273779471E-4	4.6481429180768064E-4
36	file:/C:/Users/apovzner/Documents/Hakluyt/text-data/CC_ML_FR_trimmed_cleaned_EN_cl_MAlem_chunked_pages/01_12_NNE-_1249_A_Chronicle_of_the_Kings_of_Man_taken_out_of_M_Camdens_Chorographie_pp.025-041_7.txt	4.740018120715656E-4	5.33931501337979E-4	0.007945826077976387	1.1241370419476429E-4	0.6898412269139858	5.907585198358442E-4	4.6971942794304657E-4	2.1478852789334508E-4	0.0010034886711543086	0.0011776213452384802	1.4007542896234351E-4	0.1493013053103943	0.02267853617426241	3.8449680011611183E-4	0.0944144226425465	7.382304816038709E-4	4.898310029391813E-4	4.796738816943722E-4	4.112518273779471E-4	0.028598399948471565
37	file:/C:/Users/apovzner/Documents/Hakluyt/text-data/CC_ML_FR_trimmed_cleaned_EN_cl_MAlem_chunked_pages/01_12_NNE-_1249_A_Chronicle_of_the_Kings_of_Man_taken_out_of_M_Camdens_Chorographie_pp.025-041_8.txt	4.740018120715656E-4	5.33931501337979E-4	0.10641337587629998	1.1241370419476429E-4	0.7320416053989816	5.907585198358442E-4	0.042670097912938874	2.1478852789334508E-4	0.0010034886711543086	0.008211017759404452	1.4007542896234351E-4	0.008633377027074883	0.0015783469317644985	3.8449680011611183E-4	0.04518064774338471	7.382304816038709E-4	4.898310029391813E-4	4.796738816943722E-4	4.112518273779471E-4	0.04969858919096948
38	file:/C:/Users/apovzner/Documents/Hakluyt/text-data/CC_ML_FR_trimmed_cleaned_EN_cl_MAlem_chunked_pages/01_12_NNE-_1249_A_Chronicle_of_the_Kings_of_Man_taken_out_of_M_Camdens_Chorographie_pp.025-041_9.txt	4.3710944410995327E-4	4.923747036380522E-4	8.414137097800516E-4	1.0366435422718456E-4	0.8242429905916536	5.447787785454231E-4	4.331603652283738E-4	1.980711711171268E-4	9.253854395659352E-4	0.0010859650711873012	1.291731198655183E-4	0.09876507936480743	0.007941476700913793	3.545707596059451E-4	0.0027483098284773275	0.007166747944261076	4.5170662210514877E-4	4.4234004689803634E-4	0.052267044979823964	4.286370041887967E-4
39	file:/C:/Users/apovzner/Documents/Hakluyt/text-data/CC_ML_FR_trimmed_cleaned_EN_cl_MAlem_chunked_pages/01_13_NNE-_1067_The_mariage_of_the_daughter_of_Harald_unto_Jeruslaus_duke_of_Russia_in_his_owne_Countrey_Anno_1067_pp.042-042_0.txt	0.015429477174999763	0.0010973553905953466	0.0018752585446118165	2.3103672281143373E-4	0.5215586441628502	0.16022235435440116	9.653844079793017E-4	4.4144117425392985E-4	0.016517697775597088	0.002420290108448916	2.878881030180743E-4	0.0032883381969857827	0.017699167326519022	7.902317717099726E-4	0.006125157492905557	0.0015172380660436289	0.0010067184464843664	9.858431624395197E-4	8.452196743112009E-4	0.24669525794303387
40	file:/C:/Users/apovzner/Documents/Hakluyt/text-data/CC_ML_FR_trimmed_cleaned_EN_cl_MAlem_chunked_pages/01_14_NNE-_1278_The_ancient_state_of_the_shipping_of_the_Cinque_Ports_pp.042-050_0.txt	4.912785977089797E-4	5.533926507655813E-4	9.45686607791235E-4	1.1651104606270508E-4	0.16825346234518615	0.01519180114671803	0.08067414623810361	0.233494780542163	0.05935810541331039	0.0012205442012816058	1.4518100682643374E-4	0.008948053048189394	0.0016358757447502354	3.985112376661412E-4	0.19991228415343248	7.651380786991947E-4	0.08798474595648921	4.971574073241198E-4	0.13893158837395	4.8175620358154383E-4
41	file:/C:/Users/apovzner/Documents/Hakluyt/text-data/CC_ML_FR_trimmed_cleaned_EN_cl_MAlem_chunked_pages/01_14_NNE-_1278_The_ancient_state_of_the_shipping_of_the_Cinque_Ports_pp.042-050_1.txt	5.13749234318353E-4	5.787043277155659E-4	9.889414538381124E-4	1.2184015543010291E-4	0.031108767190022202	6.402965758849996E-4	5.091077508660671E-4	0.48049325773627516	0.001087636214299599	0.0012763707838776654	1.5182145414531376E-4	0.03222687448764583	0.039826608589016536	4.167387795295709E-4	0.17856336286071162	8.001347990990287E-4	0.1682409070289375	5.198969353429163E-4	4.4573734961912833E-4	0.06148924629342481
42	file:/C:/Users/apovzner/Documents/Hakluyt/text-data/CC_ML_FR_trimmed_cleaned_EN_cl_MAlem_chunked_pages/01_14_NNE-_1278_The_ancient_state_of_the_shipping_of_the_Cinque_Ports_pp.042-050_2.txt	5.022627142590782E-4	5.657655271789311E-4	9.668304800630726E-4	1.1911602603800768E-4	6.022661376648368E-4	6.259806821152571E-4	4.977250061298839E-4	0.43248657686044073	0.0010633186010396548	0.0012478334009820285	1.4842699618416031E-4	0.0016953745427458482	0.0016724510198092555	0.007860162313739844	0.3236258247925447	0.01568772735238949	0.17938482142081835	5.082729636118531E-4	4.3577145445947645E-4	0.030303491707785544
43	file:/C:/Users/apovzner/Documents/Hakluyt/text-data/CC_ML_FR_trimmed_cleaned_EN_cl_MAlem_chunked_pages/01_14_NNE-_1278_The_ancient_state_of_the_shipping_of_the_Cinque_Ports_pp.042-050_3.txt	5.515932986472343E-4	6.213331480475859E-4	0.00106178937554101	1.3081520857262589E-4	0.008846143406123084	6.874624365592346E-4	5.466099118175491E-4	0.28671531196491207	0.06664555166674152	0.01773984083139918	1.6300500536715215E-4	0.0018618886290519155	0.06731451105919362	0.008632161487308878	0.273564037306607	8.590747464238288E-4	0.2624812033439574	5.581938548344082E-4	4.7857148698801926E-4	5.409018319066399E-4
44	file:/C:/Users/apovzner/Documents/Hakluyt/text-data/CC_ML_FR_trimmed_cleaned_EN_cl_MAlem_chunked_pages/01_14_NNE-_1278_The_ancient_state_of_the_shipping_of_the_Cinque_Ports_pp.042-050_4.txt	5.299075611813508E-4	5.96905607755752E-4	0.001020045420894504	1.2567224494959423E-4	6.354152341626201E-4	0.008523379540447164	5.25120094821955E-4	0.3383467350306725	0.0011218443070513172	0.0013165149144117772	1.5659650881600442E-4	0.20622524596325045	0.05680511523827367	4.29845955105336E-4	0.3099866100883888	0.07159180095042349	5.476037127877625E-4	5.362486183337197E-4	4.597565817835292E-4	5.19636426488717E-4
45	file:/C:/Users/apovzner/Documents/Hakluyt/text-data/CC_ML_FR_trimmed_cleaned_EN_cl_MAlem_chunked_pages/01_14_NNE-_1278_The_ancient_state_of_the_shipping_of_the_Cinque_Ports_pp.042-050_5.txt	4.912785977089797E-4	5.533926507655813E-4	9.45686607791235E-4	1.1651104606270508E-4	5.890950197170373E-4	6.122909445033241E-4	4.868401259227318E-4	0.583403025395316	0.008329819705558914	0.0012205442012816058	1.4518100682643374E-4	0.1328738897670144	0.023505141048072293	0.03684728674320291	0.12701473314235895	0.07366268908977273	5.076847432009634E-4	4.971574073241198E-4	4.2624145291028767E-4	0.0077715113046888966
46	file:/C:/Users/apovzner/Documents/Hakluyt/text-data/CC_ML_FR_trimmed_cleaned_EN_cl_MAlem_chunked_pages/01_14_NNE-_1278_The_ancient_state_of_the_shipping_of_the_Cinque_Ports_pp.042-050_6.txt	0.008392852059987677	5.96905607755752E-4	0.016745934418507157	1.2567224494959423E-4	0.19720902770432078	6.604350416408375E-4	5.25120094821955E-4	0.18108784505454595	0.0011218443070513172	0.009179459413218105	1.5659650881600442E-4	0.1354587454739935	0.0017645037466293809	0.008292790453911661	0.43579372206929	8.253004611665454E-4	5.476037127877625E-4	5.362486183337197E-4	4.597565817835292E-4	5.19636426488717E-4
47	file:/C:/Users/apovzner/Documents/Hakluyt/text-data/CC_ML_FR_trimmed_cleaned_EN_cl_MAlem_chunked_pages/01_14_NNE-_1278_The_ancient_state_of_the_shipping_of_the_Cinque_Ports_pp.042-050_7.txt	4.642069574222715E-4	0.0074109553550448	0.007781632166644676	1.1009076815288643E-4	0.21408640353601013	5.785509845748808E-4	4.6001306521303013E-4	0.17929983484973067	0.007870809515060842	0.021817458093180024	1.371808863009401E-4	0.15999223177102795	0.001545731700368593	3.765514923676102E-4	0.13379176947258217	0.1935885745206793	0.06936028010839901	4.6976181842666955E-4	4.027536491625115E-4	4.552092896510994E-4
48	file:/C:/Users/apovzner/Documents/Hakluyt/text-data/CC_ML_FR_trimmed_cleaned_EN_cl_MAlem_chunked_pages/01_15_NNE-_1243_The_voyage_of_a_certaine_Englishman_into_Tartaria_and_from_thence_into_Poland_and_Hungary_Anno_1243_pp.050-054_0.txt	3.9601296029442075E-4	4.460822491694893E-4	7.623050440394761E-4	9.391796115983762E-5	0.3236643166662921	4.935593584271384E-4	3.924351688753521E-4	1.7944876707661614E-4	0.1007333043810035	9.83863991986971E-4	0.005993200337717298	0.0013367313010104619	0.001318657070292602	3.212344597845636E-4	0.27866999709223317	0.18865426856561326	4.0923772985206004E-4	4.007517883434253E-4	3.4358740713388223E-4	0.09440708769969448
49	file:/C:/Users/apovzner/Documents/Hakluyt/text-data/CC_ML_FR_trimmed_cleaned_EN_cl_MAlem_chunked_pages/01_15_NNE-_1243_The_voyage_of_a_certaine_Englishman_into_Tartaria_and_from_thence_into_Poland_and_Hungary_Anno_1243_pp.050-054_1.txt	4.080003616221049E-4	4.5958525912647433E-4	7.853801890807529E-4	9.676087895592141E-5	0.36978597803558505	5.084995111537102E-4	4.0431426965253095E-4	1.8488072159423153E-4	0.10378252414840987	0.0010136457761867532	1.205709012403077E-4	0.0013771944579752658	0.11033138235858285	3.3095829909238954E-4	0.23867304088304853	6.354370295305213E-4	4.2162544792704383E-4	4.128826350613918E-4	3.539878751826808E-4	0.16991335096099172
50	file:/C:/Users/apovzner/Documents/Hakluyt/text-data/CC_ML_FR_trimmed_cleaned_EN_cl_MAlem_chunked_pages/01_15_NNE-_1243_The_voyage_of_a_certaine_Englishman_into_Tartaria_and_from_thence_into_Poland_and_Hungary_Anno_1243_pp.050-054_2.txt	3.9835375544367425E-4	4.4871899914920643E-4	7.668109570480111E-4	9.447310134451058E-5	0.07140853321619421	4.964767411087961E-4	0.035860187273297026	1.8050947176466515E-4	0.2609231754724562	0.006900584928522641	1.1772016847080838E-4	0.0013446325932887102	0.04270278939430498	3.2313324629063586E-4	0.35715895940958436	0.012442223815915776	4.116566953632317E-4	4.0312059425702854E-4	3.456183197973608E-4	0.20727232184639824
51	file:/C:/Users/apovzner/Documents/Hakluyt/text-data/CC_ML_FR_trimmed_cleaned_EN_cl_MAlem_chunked_pages/01_15_NNE-_1243_The_voyage_of_a_certaine_Englishman_into_Tartaria_and_from_thence_into_Poland_and_Hungary_Anno_1243_pp.050-054_3.txt	0.03463542585636542	4.3335005214452507E-4	7.405471327307324E-4	9.123732998050628E-5	0.3315515625089216	4.794720572473472E-4	3.81234180943309E-4	1.7432689311153423E-4	0.2177356538886713	0.006664234953886282	1.1368816841277559E-4	0.0012985779642085856	0.006989472279988103	3.1206570124104444E-4	0.2535907666504668	0.13189357474949778	3.975571587999136E-4	0.01180621875935776	3.337806448808004E-4	3.7725306914392987E-4
52	file:/C:/Users/apovzner/Documents/Hakluyt/text-data/CC_ML_FR_trimmed_cleaned_EN_cl_MAlem_chunked_pages/01_16_NNE-_1246_Libellus_historicus_Johannis_de_Plano_Carpini_pp.055-094_0.txt	0.0016365942194103919	0.001843514489600551	0.003150361613354419	0.7289180004098306	0.14766842316885365	0.002039722114996489	0.0744747951257282	7.416040491694217E-4	0.0034647626161543018	0.004065993498734982	4.8364084584256897E-4	0.005524280615745989	0.005449585632301135	0.0013275587232498048	0.010290026992194976	0.0025489010970342688	0.0016912479393163663	0.0016561782718767927	0.001419936266629905	0.001604872309975329
53	file:/C:/Users/apovzner/Documents/Hakluyt/text-data/CC_ML_FR_trimmed_cleaned_EN_cl_MAlem_chunked_pages/01_17_NNE-_1246_The_long_and_wonderfull_voyage_of_Frier_John_de_Plano_Carpini_Anno_1246_pp.094-179_0.txt	4.4285412586312267E-4	4.988457053833272E-4	0.013994905322989306	0.3943780284433593	0.3750903805571901	5.519384973545105E-4	0.05957980339956466	2.0067430828992885E-4	9.375472560651135E-4	0.0011002372947987856	1.308707689890745E-4	0.0014948424197600758	0.0014746303346827203	0.14492599796752528	0.0027844293073320064	6.897197569507058E-4	4.5764314629779575E-4	4.481534714999354E-4	3.84227578639668E-4	4.342703374646551E-4
54	file:/C:/Users/apovzner/Documents/Hakluyt/text-data/CC_ML_FR_trimmed_cleaned_EN_cl_MAlem_chunked_pages/01_17_NNE-_1246_The_long_and_wonderfull_voyage_of_Frier_John_de_Plano_Carpini_Anno_1246_pp.094-179_1.txt	4.948861968872058E-4	0.01524402808447048	9.52631054883042E-4	1.1736661997939963E-4	0.38244428545810705	6.167871719362439E-4	0.04455013027197196	2.2425204924763102E-4	0.001047702096151422	0.0012295070062522805	1.46247112460515E-4	0.0016704753029429431	0.008991174304609561	4.0143761960140695E-4	0.14263401034910747	0.008114042562970566	5.114128173953428E-4	5.008081762818466E-4	4.2937146574295734E-4	0.3896794442790008
55	file:/C:/Users/apovzner/Documents/Hakluyt/text-data/CC_ML_FR_trimmed_cleaned_EN_cl_MAlem_chunked_pages/01_17_NNE-_1246_The_long_and_wonderfull_voyage_of_Frier_John_de_Plano_Carpini_Anno_1246_pp.094-179_10.txt	5.176957229703939E-4	5.831497845837337E-4	0.016360020616193783	1.227760999700608E-4	0.1773008192037326	6.452151684626091E-4	5.13018584843513E-4	2.3458792646282854E-4	0.3544560856655845	0.03969488145904589	1.5298770726239296E-4	0.0017474682565420975	0.18608562880404617	4.1994005897568235E-4	0.04166369906879497	8.062812275388434E-4	5.349840628069712E-4	5.23890649043111E-4	4.4916138857540374E-4	0.1771877085445645
56	file:/C:/Users/apovzner/Documents/Hakluyt/text-data/CC_ML_FR_trimmed_cleaned_EN_cl_MAlem_chunked_pages/01_17_NNE-_1246_The_long_and_wonderfull_voyage_of_Frier_John_de_Plano_Carpini_Anno_1246_pp.094-179_11.txt	5.022627142590782E-4	5.657655271789311E-4	9.668304800630726E-4	1.1911602603800768E-4	0.6489907394770802	6.259806821152571E-4	4.977250061298839E-4	2.2759463416383577E-4	0.0010633186010396548	0.016153315546715716	1.4842699618416031E-4	0.0016953745427458482	0.3146875760802167	4.0742124087300155E-4	0.010610699732137303	7.822452066558025E-4	5.190356720141284E-4	5.082729636118531E-4	4.3577145445947645E-4	4.925274163181656E-4
57	file:/C:/Users/apovzner/Documents/Hakluyt/text-data/CC_ML_FR_trimmed_cleaned_EN_cl_MAlem_chunked_pages/01_17_NNE-_1246_The_long_and_wonderfull_voyage_of_Frier_John_de_Plano_Carpini_Anno_1246_pp.094-179_12.txt	5.299075611813508E-4	5.96905607755752E-4	0.016745934418507157	1.2567224494959423E-4	0.4252344181697043	6.604350416408375E-4	5.25120094821955E-4	2.4012158200043037E-4	0.07188834479630826	0.07208301540366871	1.5659650881600442E-4	0.0017886889942859464	0.15902339372275592	0.024018679451524316	0.07409827512419899	0.15022124593848674	5.476037127877625E-4	5.362486183337197E-4	4.597565817835292E-4	5.19636426488717E-4
58	file:/C:/Users/apovzner/Documents/Hakluyt/text-data/CC_ML_FR_trimmed_cleaned_EN_cl_MAlem_chunked_pages/01_17_NNE-_1246_The_long_and_wonderfull_voyage_of_Frier_John_de_Plano_Carpini_Anno_1246_pp.094-179_13.txt	0.030313227005726452	5.657655271789311E-4	0.008419571552929916	1.1911602603800768E-4	0.46267221265540914	6.259806821152571E-4	4.977250061298839E-4	2.2759463416383577E-4	0.0010633186010396548	0.10558620842111784	1.4842699618416031E-4	0.0016953745427458482	0.0016724510198092555	4.0742124087300155E-4	0.0627798872422052	0.3212501113399301	5.190356720141284E-4	5.082729636118531E-4	4.3577145445947645E-4	4.925274163181656E-4
59	file:/C:/Users/apovzner/Documents/Hakluyt/text-data/CC_ML_FR_trimmed_cleaned_EN_cl_MAlem_chunked_pages/01_17_NNE-_1246_The_long_and_wonderfull_voyage_of_Frier_John_de_Plano_Carpini_Anno_1246_pp.094-179_14.txt	5.098624600541958E-4	5.74326135131969E-4	9.814596087378738E-4	1.2091837268312721E-4	0.4394108793811994	6.354524066165436E-4	0.008070764718409397	2.310383725001156E-4	0.1145620370925035	0.04665976614944779	1.5067284762427074E-4	0.0017210272842028544	0.001697756905045203	4.13585938697991E-4	0.16964693157196545	7.940813723739825E-4	5.268892097224257E-4	5.159636505936239E-4	4.423651198553761E-4	0.21233422140263503
60	file:/C:/Users/apovzner/Documents/Hakluyt/text-data/CC_ML_FR_trimmed_cleaned_EN_cl_MAlem_chunked_pages/01_17_NNE-_1246_The_long_and_wonderfull_voyage_of_Frier_John_de_Plano_Carpini_Anno_1246_pp.094-179_15.txt	4.807646284998631E-4	5.415493640483623E-4	9.254477455200948E-4	1.1401756566983257E-4	0.2573913196043814	5.991871615020904E-4	0.0076101664773348034	2.1785302120972853E-4	0.215030165891572	0.043996895037821206	1.4207395383727446E-4	0.0016228083213656566	0.3154856605827948	0.014657473268300043	0.031557771549564316	0.09348745249201519	4.968196622003961E-4	0.014754008288001117	4.171193589854825E-4	4.7144602537639086E-4
61	file:/C:/Users/apovzner/Documents/Hakluyt/text-data/CC_ML_FR_trimmed_cleaned_EN_cl_MAlem_chunked_pages/01_17_NNE-_1246_The_long_and_wonderfull_voyage_of_Frier_John_de_Plano_Carpini_Anno_1246_pp.094-179_16.txt	5.257734338520255E-4	5.922487884030535E-4	0.008813688377161438	1.2469180024481303E-4	0.19567048156769928	6.552825909967958E-4	5.210233173946966E-4	2.3824824923972067E-4	0.32097873081243533	0.13393346003135967	1.5537480534506338E-4	0.001774734356540345	0.14217955477706623	0.02383129529925164	0.0813217908946571	0.0788348712321608	5.433315271453668E-4	0.008333665964192015	4.5616974440126744E-4	5.155824304535015E-4
62	file:/C:/Users/apovzner/Documents/Hakluyt/text-data/CC_ML_FR_trimmed_cleaned_EN_cl_MAlem_chunked_pages/01_17_NNE-_1246_The_long_and_wonderfull_voyage_of_Frier_John_de_Plano_Carpini_Anno_1246_pp.094-179_17.txt	5.702630839938034E-4	6.42363418957703E-4	0.0010977277739465646	1.3524291258952973E-4	0.22915114103618436	7.107309863328943E-4	5.651110244071479E-4	2.5840822799313453E-4	0.001207279233520947	0.08603430671038864	1.6852223784275439E-4	0.0357719206281445	0.2642132287943705	0.14431238489079304	0.07127953378808088	0.15319970870037988	0.00905106005758766	5.770870492896173E-4	4.947697021530097E-4	5.592097430433947E-4
