0	file:/C:/Users/apovzner/Documents/Hakluyt/text-data/CC_ML_FR_trimmed_cleaned_EN_cl_MAlem_AMER_chunked_pages/07_17_AMER_1170_The_most_ancient_voyage_and_discovery_of_the_West_Indies_performed_by_Madoc_the_sonne_of_Owen_Guined_pp.133-135_0.txt	0.11176763629284278	0.030659010157413867	0.20785484103715818	7.984420280904627E-5	0.279093625677617	6.572966938225122E-4	0.03909155380639799	0.06559186280696348	0.08663285703952625	0.03963619608137991	7.635847948935478E-4	0.09884587744091833	0.039325813968257156
1	file:/C:/Users/apovzner/Documents/Hakluyt/text-data/CC_ML_FR_trimmed_cleaned_EN_cl_MAlem_AMER_chunked_pages/07_18_AMER_1488_The_verses_of_Meredith_the_sonne_of_Rhesus_making_mention_of_Madoc_the_sonne_of_Owen_Guined_and_of_h_pp.135-135_0.txt	0.002437069639160822	0.006378325934668611	0.36563888534706585	8.047647707044126E-4	0.3054518671135849	0.0066250172771329975	0.048137291953028724	0.055833515964731815	0.00850427735165	0.09686107505734988	0.007696315083081512	0.0018989192755268132	0.09373267523231356
2	file:/C:/Users/apovzner/Documents/Hakluyt/text-data/CC_ML_FR_trimmed_cleaned_EN_cl_MAlem_AMER_chunked_pages/07_19_AMER_1488_The_offer_of_the_discovery_of_the_West_Indies_pp.135-138_0.txt	0.18120512283598575	6.067932492962526E-4	0.26100114602224206	7.656018760042487E-5	0.37455317769154806	6.302618902532151E-4	0.07861399676871911	0.038215876532540397	8.090427080679346E-4	0.013327773904009419	7.321783309139445E-4	1.8065106881498156E-4	0.05004741881000845
3	file:/C:/Users/apovzner/Documents/Hakluyt/text-data/CC_ML_FR_trimmed_cleaned_EN_cl_MAlem_AMER_chunked_pages/07_20_AMER_1494_Another_testimony_concerning_the_foresaid_offer_made_by_Bartholomew_Columbus_to_K_Henry_the_seventh__pp.139-140_0.txt	4.6923389217346157E-4	0.0012280841941414795	0.17861644753019643	0.01680360510638398	0.2918929430791115	0.05954587655490456	0.3588901302968289	0.0024258689415657102	0.08488069297475619	0.002000995885932429	0.0014818500972632	3.656183099000303E-4	0.0013986531368421558
4	file:/C:/Users/apovzner/Documents/Hakluyt/text-data/CC_ML_FR_trimmed_cleaned_EN_cl_MAlem_AMER_chunked_pages/07_21_AMER_1495_The_letters_patents_of_K_Henry_the_7_granted_unto_John_Cabot_and_his_3_sonnes_Lewis_Sebastian_and_Sa_pp.141-144_0.txt	4.504840094351296E-4	0.049129212450785824	0.13152070156372375	1.487580226406255E-4	0.5759222428201208	0.0012246118443326654	0.12078181575000463	0.07425423584551721	0.03353878709827796	0.0019210390907245325	0.001422637589337196	0.008342708860394753	0.001342765054704866
5	file:/C:/Users/apovzner/Documents/Hakluyt/text-data/CC_ML_FR_trimmed_cleaned_EN_cl_MAlem_AMER_chunked_pages/07_21_AMER_1495_The_letters_patents_of_K_Henry_the_7_granted_unto_John_Cabot_and_his_3_sonnes_Lewis_Sebastian_and_Sa_pp.141-144_1.txt	4.365295562252348E-4	0.00114249004007926	0.2745853873706846	1.4415000809836012E-4	0.37222267229728756	0.01667496673038695	0.15576113129915745	0.002256792423107393	0.001523291890670142	0.1257678452391397	0.04784343665696426	3.401357004056308E-4	0.0013011707877934695
6	file:/C:/Users/apovzner/Documents/Hakluyt/text-data/CC_ML_FR_trimmed_cleaned_EN_cl_MAlem_AMER_chunked_pages/07_22_AMER_1497_The_signed_bill_of_K_Henry_the_7_on_the_behalfe_of_John_Cabot_pp.145-145_0.txt	0.0015181593261823	0.003973343579333223	0.14697517266957344	5.013238532028835E-4	0.19027958549348795	0.004127018614396931	0.595569993101725	0.007848656329309919	0.00529769349483754	0.03340655195366358	0.004794377777666228	0.0011829214731841021	0.004525202333436943
7	file:/C:/Users/apovzner/Documents/Hakluyt/text-data/CC_ML_FR_trimmed_cleaned_EN_cl_MAlem_AMER_chunked_pages/07_23_AMER_1497_The_voyage_of_Sebastian_Cabota_to_the_North_part_of_America_for_the_discovery_of_a_Northwest_passage_pp.145-155_0.txt	0.02618119237587906	7.638879040269054E-4	0.002367121626013676	0.7146416525905106	0.052115446614530284	7.934324168766543E-4	0.14038954137103202	0.02739825050101086	0.0010184983752720249	0.032311836988062705	9.217343324508622E-4	2.2742040468865307E-4	8.699844996457351E-4
8	file:/C:/Users/apovzner/Documents/Hakluyt/text-data/CC_ML_FR_trimmed_cleaned_EN_cl_MAlem_AMER_chunked_pages/07_23_AMER_1497_The_voyage_of_Sebastian_Cabota_to_the_North_part_of_America_for_the_discovery_of_a_Northwest_passage_pp.145-155_1.txt	0.10479674791218778	0.0010999010752956594	0.08541845306716125	1.3877648237551807E-4	0.21669340007056342	0.04587522326279202	0.08285560125159944	0.0021726652538018743	0.0014665076541245054	0.016703066243573504	0.2771793345884992	3.274563536647037E-4	0.16527286678436115
9	file:/C:/Users/apovzner/Documents/Hakluyt/text-data/CC_ML_FR_trimmed_cleaned_EN_cl_MAlem_AMER_chunked_pages/07_23_AMER_1497_The_voyage_of_Sebastian_Cabota_to_the_North_part_of_America_for_the_discovery_of_a_Northwest_passage_pp.145-155_2.txt	0.2337665788048558	0.001075838451902767	0.3314899824057471	1.35740458221896E-4	0.029643784513310664	0.04487160735111496	0.18313600086990864	0.009417493554742015	0.1618663419262551	0.0017529321901991238	0.0012981449661161786	3.2029256494513583E-4	0.0012252619426806693
10	file:/C:/Users/apovzner/Documents/Hakluyt/text-data/CC_ML_FR_trimmed_cleaned_EN_cl_MAlem_AMER_chunked_pages/07_23_AMER_1497_The_voyage_of_Sebastian_Cabota_to_the_North_part_of_America_for_the_discovery_of_a_Northwest_passage_pp.145-155_3.txt	0.13461860248565663	0.18748649215947602	0.12269577128399732	1.3877648237551807E-4	4.849544129142023E-4	0.001142441402588734	8.455011745600824E-4	0.009628128897169089	0.3369623716056492	0.20308965732775386	0.0013271797839122766	3.274563536647037E-4	0.001252666630282441
11	file:/C:/Users/apovzner/Documents/Hakluyt/text-data/CC_ML_FR_trimmed_cleaned_EN_cl_MAlem_AMER_chunked_pages/07_23_AMER_1497_The_voyage_of_Sebastian_Cabota_to_the_North_part_of_America_for_the_discovery_of_a_Northwest_passage_pp.145-155_4.txt	0.45520353915044687	0.008555364718662873	0.12269577128399732	1.3877648237551807E-4	4.849544129142023E-4	0.001142441402588734	0.2841531196225142	0.009628128897169089	0.0014665076541245054	0.07634677539051123	0.03860449800074835	3.274563536647037E-4	0.001252666630282441
12	file:/C:/Users/apovzner/Documents/Hakluyt/text-data/CC_ML_FR_trimmed_cleaned_EN_cl_MAlem_AMER_chunked_pages/07_23_AMER_1497_The_voyage_of_Sebastian_Cabota_to_the_North_part_of_America_for_the_discovery_of_a_Northwest_passage_pp.145-155_5.txt	0.1252005769278774	7.371691705785363E-4	0.08223243160900202	0.6946421764567268	0.08526988535904106	0.0057624368898236055	5.666667790156436E-4	0.001456150811253101	9.82874055966752E-4	0.001201116734993121	8.894945577284998E-4	2.1946585384216875E-4	8.395547941513692E-4
13	file:/C:/Users/apovzner/Documents/Hakluyt/text-data/CC_ML_FR_trimmed_cleaned_EN_cl_MAlem_AMER_chunked_pages/07_23_AMER_1497_The_voyage_of_Sebastian_Cabota_to_the_North_part_of_America_for_the_discovery_of_a_Northwest_passage_pp.145-155_6.txt	0.2487787697653514	7.96897730411033E-4	0.07269040579496946	0.49164750354076875	3.5135802635728893E-4	8.277189479115987E-4	0.006014195432848307	0.001574134300425351	0.0064641255813413494	0.16874849874184783	9.615651638151208E-4	2.372479042935114E-4	9.075790696589504E-4
14	file:/C:/Users/apovzner/Documents/Hakluyt/text-data/CC_ML_FR_trimmed_cleaned_EN_cl_MAlem_AMER_chunked_pages/07_23_AMER_1497_The_voyage_of_Sebastian_Cabota_to_the_North_part_of_America_for_the_discovery_of_a_Northwest_passage_pp.145-155_7.txt	0.2911833389963681	0.08311000115233501	0.033230207563590755	1.3877648237551807E-4	4.849544129142023E-4	0.02350883233269038	8.455011745600824E-4	0.0021726652538018743	0.016377434940858932	0.11362409360734729	0.35918943466553854	3.274563536647037E-4	0.07580730306395458
15	file:/C:/Users/apovzner/Documents/Hakluyt/text-data/CC_ML_FR_trimmed_cleaned_EN_cl_MAlem_AMER_chunked_pages/07_23_AMER_1497_The_voyage_of_Sebastian_Cabota_to_the_North_part_of_America_for_the_discovery_of_a_Northwest_passage_pp.145-155_8.txt	0.2760037107033217	0.001016534942896879	0.09272499429233813	1.2825802861326076E-4	0.07624240705708744	0.04928852965638868	0.20060251453914804	0.0020079898086415087	0.07714956424641536	0.187696637317243	0.0012265872414848817	3.0263705823207077E-4	0.03560963510818907
16	file:/C:/Users/apovzner/Documents/Hakluyt/text-data/CC_ML_FR_trimmed_cleaned_EN_cl_MAlem_AMER_chunked_pages/07_23_AMER_1497_The_voyage_of_Sebastian_Cabota_to_the_North_part_of_America_for_the_discovery_of_a_Northwest_passage_pp.145-155_9.txt	0.08194374834939176	0.0010027167388148696	0.2749759474022567	1.2651456113393965E-4	0.16356335358518684	0.0010414983158216586	0.21146907419253697	0.0427610064388435	0.008133649620095131	0.01522722769178372	0.021600069761591307	2.9852318033475784E-4	0.17785667016220888
17	file:/C:/Users/apovzner/Documents/Hakluyt/text-data/CC_ML_FR_trimmed_cleaned_EN_cl_MAlem_AMER_chunked_pages/07_24_AMER_1497_A_briefe_extract_concerning_the_discovery_of_Newfoundland_pp.155-155_0.txt	0.17851542282803914	0.0032690033381325852	0.16523801107826294	4.1245598747861927E-4	0.15654941178308077	0.0033954369557094495	0.40136226407292974	0.00645735341736422	0.004358590535463688	0.027484693349964975	0.003944495774535985	0.04528982479157899	0.0037230360874589068
18	file:/C:/Users/apovzner/Documents/Hakluyt/text-data/CC_ML_FR_trimmed_cleaned_EN_cl_MAlem_AMER_chunked_pages/07_25_AMER_1549_The_large_pension_granted_by_K_Edward_the_6_to_Sebastian_Cabota_constituting_him_Grand_pilote_of_Eng_pp.156-158_0.txt	2.949251094700707E-4	7.718812972310782E-4	0.1750494072171252	9.738964134786991E-5	0.6177217482780177	0.0531221943038367	0.14709063636289385	0.0015247186426312774	0.001029156035837722	0.0012576754163563793	9.313794451830124E-4	2.298001526958482E-4	8.790880973732872E-4
19	file:/C:/Users/apovzner/Documents/Hakluyt/text-data/CC_ML_FR_trimmed_cleaned_EN_cl_MAlem_AMER_chunked_pages/07_26_AMER_1576_A_discourse_written_by_sir_Humfrey_Gilbert_knight_to_proove_a_passage_by_the_Northwest_to_Cataya_and_pp.158-203_0.txt	0.7822812526370139	0.0227867488936876	0.06122618378804408	1.3475775616841656E-4	0.10906440620250944	0.001109358281255266	8.210169271560776E-4	0.01658888133386136	0.0014240401362737663	0.0017402417213036754	0.0012887469595039497	3.1797378567026955E-4	0.0012163915775522845
20	file:/C:/Users/apovzner/Documents/Hakluyt/text-data/CC_ML_FR_trimmed_cleaned_EN_cl_MAlem_AMER_chunked_pages/07_26_AMER_1576_A_discourse_written_by_sir_Humfrey_Gilbert_knight_to_proove_a_passage_by_the_Northwest_to_Cataya_and_pp.158-203_1.txt	0.6664572860111652	0.007961777306230962	0.07949195896697783	1.2914790711443194E-4	0.05595682296752475	0.13288877622871811	7.868387012559987E-4	0.002021921622350176	0.0013647585747632916	0.0016677969607827364	0.049802423695359546	3.0473681147707396E-4	0.0011657542462800243
21	file:/C:/Users/apovzner/Documents/Hakluyt/text-data/CC_ML_FR_trimmed_cleaned_EN_cl_MAlem_AMER_chunked_pages/07_26_AMER_1576_A_discourse_written_by_sir_Humfrey_Gilbert_knight_to_proove_a_passage_by_the_Northwest_to_Cataya_and_pp.158-203_10.txt	0.5690960666522574	0.001133710422648303	0.13415189317642748	1.4304226809242965E-4	4.998612009560326E-4	0.0011775583772673716	8.714906417401977E-4	0.04834725182701735	0.024565486963992786	0.2093323358036138	0.0013679753457328113	3.375218821495305E-4	0.008975805438104561
22	file:/C:/Users/apovzner/Documents/Hakluyt/text-data/CC_ML_FR_trimmed_cleaned_EN_cl_MAlem_AMER_chunked_pages/07_26_AMER_1576_A_discourse_written_by_sir_Humfrey_Gilbert_knight_to_proove_a_passage_by_the_Northwest_to_Cataya_and_pp.158-203_11.txt	0.7935370353657412	0.001125064712476573	0.0034863296008865105	1.4195142340446673E-4	4.960492442312601E-4	0.0850549129123515	8.648446275946629E-4	0.002222371687762357	0.05488227149713183	0.0018331396754496636	0.0547397560711894	3.3494793000850217E-4	0.0012813252517721886
23	file:/C:/Users/apovzner/Documents/Hakluyt/text-data/CC_ML_FR_trimmed_cleaned_EN_cl_MAlem_AMER_chunked_pages/07_26_AMER_1576_A_discourse_written_by_sir_Humfrey_Gilbert_knight_to_proove_a_passage_by_the_Northwest_to_Cataya_and_pp.158-203_12.txt	0.5812473734607858	0.00114249004007926	0.14293492941898422	1.4415000809836012E-4	5.037321983688649E-4	0.10960470175511663	8.782395912746517E-4	0.002256792423107393	0.05573230398842912	0.07930297772677487	0.0013785691445994206	3.401357004056308E-4	0.02453360454397589
24	file:/C:/Users/apovzner/Documents/Hakluyt/text-data/CC_ML_FR_trimmed_cleaned_EN_cl_MAlem_AMER_chunked_pages/07_26_AMER_1576_A_discourse_written_by_sir_Humfrey_Gilbert_knight_to_proove_a_passage_by_the_Northwest_to_Cataya_and_pp.158-203_13.txt	0.7020246703136411	0.08501139934356824	0.1331288467580282	1.4195142340446673E-4	0.06150429261229793	0.0011685782812598173	8.648446275946629E-4	0.002222371687762357	0.0015000585500734905	0.009459170096457997	0.0013575431241310634	3.3494793000850217E-4	0.0012813252517721886
25	file:/C:/Users/apovzner/Documents/Hakluyt/text-data/CC_ML_FR_trimmed_cleaned_EN_cl_MAlem_AMER_chunked_pages/07_26_AMER_1576_A_discourse_written_by_sir_Humfrey_Gilbert_knight_to_proove_a_passage_by_the_Northwest_to_Cataya_and_pp.158-203_14.txt	0.5482676823823668	0.00118851000674642	0.26147755351581004	1.4995642945438105E-4	5.240227375988631E-4	0.0012344774176469833	9.136154416526874E-4	0.002347696946072772	0.12242587921994866	0.009992597039515562	0.04977058987752375	3.538365057044607E-4	0.0013535824799587543
26	file:/C:/Users/apovzner/Documents/Hakluyt/text-data/CC_ML_FR_trimmed_cleaned_EN_cl_MAlem_AMER_chunked_pages/07_26_AMER_1576_A_discourse_written_by_sir_Humfrey_Gilbert_knight_to_proove_a_passage_by_the_Northwest_to_Cataya_and_pp.158-203_15.txt	0.49224972994066846	0.14714175017466735	0.003513120766726241	1.4304226809242965E-4	0.11576936626833949	0.06265462774653856	8.714906417401977E-4	0.05603188549817625	0.10909645734674066	0.0018472266823235614	0.0013679753457328113	3.375218821495305E-4	0.008975805438104561
27	file:/C:/Users/apovzner/Documents/Hakluyt/text-data/CC_ML_FR_trimmed_cleaned_EN_cl_MAlem_AMER_chunked_pages/07_26_AMER_1576_A_discourse_written_by_sir_Humfrey_Gilbert_knight_to_proove_a_passage_by_the_Northwest_to_Cataya_and_pp.158-203_16.txt	0.45791516095462415	0.0013771098758228848	0.0789431153493533	1.7375241165203416E-4	6.071777965745868E-4	0.0014303716701349627	0.05706540806258541	0.0213891817459882	0.08584633455073089	0.2916123553618631	0.0016616697887369461	4.099853965606849E-4	0.0015683770353729478
28	file:/C:/Users/apovzner/Documents/Hakluyt/text-data/CC_ML_FR_trimmed_cleaned_EN_cl_MAlem_AMER_chunked_pages/07_26_AMER_1576_A_discourse_written_by_sir_Humfrey_Gilbert_knight_to_proove_a_passage_by_the_Northwest_to_Cataya_and_pp.158-203_17.txt	0.705153686827092	0.00114249004007926	0.026772760638072136	1.4415000809836012E-4	5.037321983688649E-4	0.01667496673038695	8.782395912746517E-4	0.09518652744783707	0.047988159403034976	0.087047122312169	0.0168668583153877	3.401357004056308E-4	0.0013011707877934695
29	file:/C:/Users/apovzner/Documents/Hakluyt/text-data/CC_ML_FR_trimmed_cleaned_EN_cl_MAlem_AMER_chunked_pages/07_26_AMER_1576_A_discourse_written_by_sir_Humfrey_Gilbert_knight_to_proove_a_passage_by_the_Northwest_to_Cataya_and_pp.158-203_18.txt	0.5938291564170959	0.0011081629438343431	0.13112886138602417	1.3981889707934884E-4	4.885971310610817E-4	0.0011510228113111507	8.518521271233758E-4	0.002188985153026131	0.0315233836684494	0.2346610185938648	0.0013371488485383245	3.29916030636478E-4	0.0012620759919556327
30	file:/C:/Users/apovzner/Documents/Hakluyt/text-data/CC_ML_FR_trimmed_cleaned_EN_cl_MAlem_AMER_chunked_pages/07_26_AMER_1576_A_discourse_written_by_sir_Humfrey_Gilbert_knight_to_proove_a_passage_by_the_Northwest_to_Cataya_and_pp.158-203_19.txt	0.7317979163777796	0.08157981075400422	0.004077075774737725	0.009084238790389935	0.06300774244328973	0.0013665897223824025	0.001011389479405981	0.04719011569168171	0.0017542381459394068	0.04673492969671756	0.0015875739870232367	3.9170366763055384E-4	0.010416675469018083
31	file:/C:/Users/apovzner/Documents/Hakluyt/text-data/CC_ML_FR_trimmed_cleaned_EN_cl_MAlem_AMER_chunked_pages/07_26_AMER_1576_A_discourse_written_by_sir_Humfrey_Gilbert_knight_to_proove_a_passage_by_the_Northwest_to_Cataya_and_pp.158-203_2.txt	0.5744909574443223	0.06819907386560059	0.18233948043093504	1.3877648237551807E-4	0.015395881699648629	0.05333068690615923	8.455011745600824E-4	0.0021726652538018743	0.0014665076541245054	0.09871316632061286	0.0013271797839122766	3.274563536647037E-4	0.001252666630282441
32	file:/C:/Users/apovzner/Documents/Hakluyt/text-data/CC_ML_FR_trimmed_cleaned_EN_cl_MAlem_AMER_chunked_pages/07_26_AMER_1576_A_discourse_written_by_sir_Humfrey_Gilbert_knight_to_proove_a_passage_by_the_Northwest_to_Cataya_and_pp.158-203_20.txt	0.5209138126690417	0.0012383929832364678	0.14653897492579837	1.5625025365657E-4	5.460165060581233E-4	0.001286289693229378	9.519608130321553E-4	0.0024462321800227975	0.03522797559698455	0.2874207242289078	0.0014942890490842135	3.686873845318883E-4	0.0014103937164160415
33	file:/C:/Users/apovzner/Documents/Hakluyt/text-data/CC_ML_FR_trimmed_cleaned_EN_cl_MAlem_AMER_chunked_pages/07_26_AMER_1576_A_discourse_written_by_sir_Humfrey_Gilbert_knight_to_proove_a_passage_by_the_Northwest_to_Cataya_and_pp.158-203_21.txt	0.4671780304269108	0.2468482260755429	0.03649527820097396	1.5241211847247986E-4	5.326041427886092E-4	0.0012546932406606202	9.285768235353797E-4	0.002386142870860871	0.034362634713121155	0.16572839621613913	0.009645591728704972	3.596309382901288E-4	0.034127782503999
34	file:/C:/Users/apovzner/Documents/Hakluyt/text-data/CC_ML_FR_trimmed_cleaned_EN_cl_MAlem_AMER_chunked_pages/07_26_AMER_1576_A_discourse_written_by_sir_Humfrey_Gilbert_knight_to_proove_a_passage_by_the_Northwest_to_Cataya_and_pp.158-203_22.txt	0.6228885023503697	0.0088183440938072	0.09572872482063301	1.4304226809242965E-4	4.998612009560326E-4	0.03960072673306186	0.03161002532637579	0.08677042018281184	0.08604255633326396	0.017216494024641354	0.0013679753457328113	3.375218821495305E-4	0.008975805438104561
35	file:/C:/Users/apovzner/Documents/Hakluyt/text-data/CC_ML_FR_trimmed_cleaned_EN_cl_MAlem_AMER_chunked_pages/07_26_AMER_1576_A_discourse_written_by_sir_Humfrey_Gilbert_knight_to_proove_a_passage_by_the_Northwest_to_Cataya_and_pp.158-203_23.txt	0.6238750168103604	0.0011081629438343431	0.30389255864729525	0.022674214192027742	4.885971310610817E-4	0.0011510228113111507	0.023386247422071772	0.002188985153026131	0.01650045347181714	0.0018056005460647061	0.0013371488485383245	3.29916030636478E-4	0.0012620759919556327
36	file:/C:/Users/apovzner/Documents/Hakluyt/text-data/CC_ML_FR_trimmed_cleaned_EN_cl_MAlem_AMER_chunked_pages/07_26_AMER_1576_A_discourse_written_by_sir_Humfrey_Gilbert_knight_to_proove_a_passage_by_the_Northwest_to_Cataya_and_pp.158-203_24.txt	0.5395739780649813	0.001169664185792667	0.29697308404389183	1.475786185783096E-4	5.157134775737679E-4	0.009143241906911894	0.08018252054211446	0.002310470270615087	0.06498623702046478	0.0019058084411955212	0.0014113584359693068	3.4822583402685097E-4	0.0013321191578843593
37	file:/C:/Users/apovzner/Documents/Hakluyt/text-data/CC_ML_FR_trimmed_cleaned_EN_cl_MAlem_AMER_chunked_pages/07_26_AMER_1576_A_discourse_written_by_sir_Humfrey_Gilbert_knight_to_proove_a_passage_by_the_Northwest_to_Cataya_and_pp.158-203_25.txt	0.5614114329810985	0.15482638384582623	0.24942139824381096	1.4304226809242965E-4	4.998612009560326E-4	0.0011775583772673716	8.714906417401977E-4	0.0022394498000639657	0.001511585950516095	0.024901127695800253	0.0013679753457328113	3.375218821495305E-4	0.0012911717669456635
38	file:/C:/Users/apovzner/Documents/Hakluyt/text-data/CC_ML_FR_trimmed_cleaned_EN_cl_MAlem_AMER_chunked_pages/07_26_AMER_1576_A_discourse_written_by_sir_Humfrey_Gilbert_knight_to_proove_a_passage_by_the_Northwest_to_Cataya_and_pp.158-203_26.txt	0.7735299909287788	0.001281418950902839	0.05608591890738308	1.616789168133332E-4	5.649869692737373E-4	0.0013309797548654153	9.850351567304942E-4	0.0025312225733041204	0.0625094556651859	0.06288882625739435	0.027603746563601313	3.814968333099415E-4	0.01014524252245672
39	file:/C:/Users/apovzner/Documents/Hakluyt/text-data/CC_ML_FR_trimmed_cleaned_EN_cl_MAlem_AMER_chunked_pages/07_26_AMER_1576_A_discourse_written_by_sir_Humfrey_Gilbert_knight_to_proove_a_passage_by_the_Northwest_to_Cataya_and_pp.158-203_27.txt	0.509169151898043	0.07534951504038605	0.23543146251589492	1.7214552457039495E-4	6.015625297227644E-4	0.0014171433889454874	0.010296945985097089	0.048935799370314795	0.0018191319241155385	0.10395263053018262	0.001646302429561415	4.0619379314562877E-4	0.01080201507002033
40	file:/C:/Users/apovzner/Documents/Hakluyt/text-data/CC_ML_FR_trimmed_cleaned_EN_cl_MAlem_AMER_chunked_pages/07_26_AMER_1576_A_discourse_written_by_sir_Humfrey_Gilbert_knight_to_proove_a_passage_by_the_Northwest_to_Cataya_and_pp.158-203_28.txt	0.17994537804534702	0.11041558851755857	0.30794674986783993	1.4527503900506412E-4	0.17220852076064724	0.009000523500323557	8.850938863018214E-4	0.0022744057500818787	0.0015351805508203801	0.21259983957497547	0.0013893283038611014	3.4279031819218434E-4	0.0013113258850458343
41	file:/C:/Users/apovzner/Documents/Hakluyt/text-data/CC_ML_FR_trimmed_cleaned_EN_cl_MAlem_AMER_chunked_pages/07_26_AMER_1576_A_discourse_written_by_sir_Humfrey_Gilbert_knight_to_proove_a_passage_by_the_Northwest_to_Cataya_and_pp.158-203_29.txt	0.2892095598628646	0.0011514067000409686	0.20648715246585927	1.4527503900506412E-4	0.2658635337470909	0.21191971830428483	8.850938863018214E-4	0.0022744057500818787	0.0015351805508203801	0.017485229186551158	0.0013893283038611014	3.4279031819218434E-4	0.0013113258850458343
42	file:/C:/Users/apovzner/Documents/Hakluyt/text-data/CC_ML_FR_trimmed_cleaned_EN_cl_MAlem_AMER_chunked_pages/07_26_AMER_1576_A_discourse_written_by_sir_Humfrey_Gilbert_knight_to_proove_a_passage_by_the_Northwest_to_Cataya_and_pp.158-203_3.txt	0.7325287919976745	0.09263742976457658	0.0034863296008865105	1.4195142340446673E-4	4.960492442312601E-4	0.024046669544284822	8.648446275946629E-4	0.017474432529779024	0.0015000585500734905	0.024711230938474667	0.0013575431241310634	0.08422128256110019	0.01653338609378886
43	file:/C:/Users/apovzner/Documents/Hakluyt/text-data/CC_ML_FR_trimmed_cleaned_EN_cl_MAlem_AMER_chunked_pages/07_26_AMER_1576_A_discourse_written_by_sir_Humfrey_Gilbert_knight_to_proove_a_passage_by_the_Northwest_to_Cataya_and_pp.158-203_30.txt	0.11482032789599937	0.008751095133484908	0.49155227654541994	1.4195142340446673E-4	0.0310001709282646	0.16894124754344317	8.648446275946629E-4	0.032726493371795694	0.03963021065511516	0.0018331396754496636	0.024235634387156067	3.3494793000850217E-4	0.08516765988286387
44	file:/C:/Users/apovzner/Documents/Hakluyt/text-data/CC_ML_FR_trimmed_cleaned_EN_cl_MAlem_AMER_chunked_pages/07_26_AMER_1576_A_discourse_written_by_sir_Humfrey_Gilbert_knight_to_proove_a_passage_by_the_Northwest_to_Cataya_and_pp.158-203_31.txt	0.19875416635352858	0.06719710275257768	0.4220762326475862	1.3673759799445994E-4	0.2649312746025534	0.0011256568156606018	8.330791913143034E-4	0.0021407447642822048	0.023482749021080187	0.009111738135413376	0.00865361007665868	3.226454113959797E-4	0.0012342626299544565
45	file:/C:/Users/apovzner/Documents/Hakluyt/text-data/CC_ML_FR_trimmed_cleaned_EN_cl_MAlem_AMER_chunked_pages/07_26_AMER_1576_A_discourse_written_by_sir_Humfrey_Gilbert_knight_to_proove_a_passage_by_the_Northwest_to_Cataya_and_pp.158-203_32.txt	0.29075745908925404	0.001259538631343414	0.4393173452200586	1.5891823783055012E-4	0.11154330123615187	0.001308253181059821	0.018043286605265507	0.028100608258815243	0.010216889290618453	0.09596513707186972	0.0015198041406825357	3.7498274779727673E-4	0.001434476289253009
46	file:/C:/Users/apovzner/Documents/Hakluyt/text-data/CC_ML_FR_trimmed_cleaned_EN_cl_MAlem_AMER_chunked_pages/07_26_AMER_1576_A_discourse_written_by_sir_Humfrey_Gilbert_knight_to_proove_a_passage_by_the_Northwest_to_Cataya_and_pp.158-203_33.txt	0.13965769308173867	0.001207973066663805	0.7488520119267233	1.5241211847247986E-4	0.08241268847908163	0.009442701674289924	9.285768235353797E-4	0.010574151304490175	0.0016106009786039457	0.0019682275435530844	0.0014575832950756691	3.596309382901288E-4	0.0013757487694817845
47	file:/C:/Users/apovzner/Documents/Hakluyt/text-data/CC_ML_FR_trimmed_cleaned_EN_cl_MAlem_AMER_chunked_pages/07_26_AMER_1576_A_discourse_written_by_sir_Humfrey_Gilbert_knight_to_proove_a_passage_by_the_Northwest_to_Cataya_and_pp.158-203_34.txt	0.31982890234718825	0.10975021570923614	0.34294313425877004	1.2651456113393965E-4	0.09559616672867355	0.0010414983158216586	7.707949373457379E-4	0.0019806943249355267	0.001336930934443802	0.001633790320481063	0.12355085004636125	2.9852318033475784E-4	0.0011419843352743178
48	file:/C:/Users/apovzner/Documents/Hakluyt/text-data/CC_ML_FR_trimmed_cleaned_EN_cl_MAlem_AMER_chunked_pages/07_26_AMER_1576_A_discourse_written_by_sir_Humfrey_Gilbert_knight_to_proove_a_passage_by_the_Northwest_to_Cataya_and_pp.158-203_35.txt	0.4689344254900125	0.1594953363748214	0.32699800510474836	1.2825802861326076E-4	0.014228963018508274	0.0010558509597159878	7.81417081504029E-4	0.0020079898086415087	0.0013553548659297077	0.022327453214365214	0.0012265872414848817	3.0263705823207077E-4	0.0011577217534228662
49	file:/C:/Users/apovzner/Documents/Hakluyt/text-data/CC_ML_FR_trimmed_cleaned_EN_cl_MAlem_AMER_chunked_pages/07_26_AMER_1576_A_discourse_written_by_sir_Humfrey_Gilbert_knight_to_proove_a_passage_by_the_Northwest_to_Cataya_and_pp.158-203_36.txt	0.3562337161303269	0.08997157111082853	0.25632798052015937	1.2738032939894992E-4	0.12362327408825591	0.021578316117133862	7.760696645360573E-4	0.0019942486721493593	0.0013460798605846164	0.0906069632742848	0.03543434440361583	3.005660431766891E-4	0.021679489785549136
50	file:/C:/Users/apovzner/Documents/Hakluyt/text-data/CC_ML_FR_trimmed_cleaned_EN_cl_MAlem_AMER_chunked_pages/07_26_AMER_1576_A_discourse_written_by_sir_Humfrey_Gilbert_knight_to_proove_a_passage_by_the_Northwest_to_Cataya_and_pp.158-203_37.txt	0.7012338393815649	0.07565453750896779	0.09287391671052847	1.3877648237551807E-4	0.052673199916484705	0.001142441402588734	8.455011745600824E-4	0.0021726652538018743	0.0014665076541245054	0.06889131174714401	0.0013271797839122766	3.274563536647037E-4	0.001252666630282441
51	file:/C:/Users/apovzner/Documents/Hakluyt/text-data/CC_ML_FR_trimmed_cleaned_EN_cl_MAlem_AMER_chunked_pages/07_26_AMER_1576_A_discourse_written_by_sir_Humfrey_Gilbert_knight_to_proove_a_passage_by_the_Northwest_to_Cataya_and_pp.158-203_38.txt	0.6904082004795115	0.058560627091178055	0.05359858691335068	1.337891805193293E-4	0.09390543885037106	0.001101384733402523	8.151158419366266E-4	0.009282116487151791	0.058914058687907736	0.03047786062135722	0.0012794840498332755	3.156883389946555E-4	0.0012076487244856338
52	file:/C:/Users/apovzner/Documents/Hakluyt/text-data/CC_ML_FR_trimmed_cleaned_EN_cl_MAlem_AMER_chunked_pages/07_26_AMER_1576_A_discourse_written_by_sir_Humfrey_Gilbert_knight_to_proove_a_passage_by_the_Northwest_to_Cataya_and_pp.158-203_39.txt	0.4388445897312964	0.029810500148524915	0.312349729397229	1.337891805193293E-4	0.10828050232169763	0.09453929729702525	8.151158419366266E-4	0.0020945847514885047	0.0014138048026014402	0.0017277336787040799	0.008467015785496562	3.156883389946555E-4	0.0012076487244856338
53	file:/C:/Users/apovzner/Documents/Hakluyt/text-data/CC_ML_FR_trimmed_cleaned_EN_cl_MAlem_AMER_chunked_pages/07_26_AMER_1576_A_discourse_written_by_sir_Humfrey_Gilbert_knight_to_proove_a_passage_by_the_Northwest_to_Cataya_and_pp.158-203_4.txt	0.5998407213281183	0.03069292565741707	0.23279215250504298	0.014938331581114383	4.8136560911626864E-4	0.008534278046259672	8.392442197915207E-4	0.00955687794113486	0.001455655070667858	0.023979749734617237	0.016117940352343846	3.2503308134385295E-4	0.06044572487303229
54	file:/C:/Users/apovzner/Documents/Hakluyt/text-data/CC_ML_FR_trimmed_cleaned_EN_cl_MAlem_AMER_chunked_pages/07_26_AMER_1576_A_discourse_written_by_sir_Humfrey_Gilbert_knight_to_proove_a_passage_by_the_Northwest_to_Cataya_and_pp.158-203_40.txt	0.6756459056186097	0.00790691761385012	0.11339614230519784	1.2825802861326076E-4	4.4819767660179277E-4	0.021726998972575712	0.08346600913294291	0.0020079898086415087	0.015136120207836189	0.0705601319110379	0.0012265872414848817	0.007193019729185312	0.0011577217534228662
55	file:/C:/Users/apovzner/Documents/Hakluyt/text-data/CC_ML_FR_trimmed_cleaned_EN_cl_MAlem_AMER_chunked_pages/07_26_AMER_1576_A_discourse_written_by_sir_Humfrey_Gilbert_knight_to_proove_a_passage_by_the_Northwest_to_Cataya_and_pp.158-203_41.txt	0.5938291564170959	0.0011081629438343431	0.2963810935489791	1.3981889707934884E-4	0.06058031791759013	0.0011510228113111507	8.518521271233758E-4	0.002188985153026131	0.01650045347181714	0.024339995841013103	0.0013371488485383245	3.29916030636478E-4	0.0012620759919556327
56	file:/C:/Users/apovzner/Documents/Hakluyt/text-data/CC_ML_FR_trimmed_cleaned_EN_cl_MAlem_AMER_chunked_pages/07_26_AMER_1576_A_discourse_written_by_sir_Humfrey_Gilbert_knight_to_proove_a_passage_by_the_Northwest_to_Cataya_and_pp.158-203_42.txt	0.7602652886386309	0.057324560791414306	0.06653889903917672	1.3096523027276738E-4	0.06378004853879374	0.0010781372953258528	0.02894119550119123	0.002050373380266628	0.008419784141099956	0.00872708677490384	0.0012524773869329322	3.0902495889710064E-4	0.00118215832309418
57	file:/C:/Users/apovzner/Documents/Hakluyt/text-data/CC_ML_FR_trimmed_cleaned_EN_cl_MAlem_AMER_chunked_pages/07_26_AMER_1576_A_discourse_written_by_sir_Humfrey_Gilbert_knight_to_proove_a_passage_by_the_Northwest_to_Cataya_and_pp.158-203_43.txt	0.7460834208942844	0.0010680498480498998	0.11914271457641128	1.3475775616841656E-4	4.709109743209523E-4	0.001109358281255266	8.210169271560776E-4	0.0021097486367695584	0.0014240401362737663	0.08137547155530857	0.04472614505077935	3.1797378567026955E-4	0.0012163915775522845
58	file:/C:/Users/apovzner/Documents/Hakluyt/text-data/CC_ML_FR_trimmed_cleaned_EN_cl_MAlem_AMER_chunked_pages/07_26_AMER_1576_A_discourse_written_by_sir_Humfrey_Gilbert_knight_to_proove_a_passage_by_the_Northwest_to_Cataya_and_pp.158-203_44.txt	0.7151041064042765	0.12408784916119066	0.04962092279367963	1.4304226809242965E-4	4.998612009560326E-4	0.0011775583772673716	8.714906417401977E-4	0.0022394498000639657	0.009196219621674993	0.09406283073623033	0.0013679753457328113	3.375218821495305E-4	0.0012911717669456635
59	file:/C:/Users/apovzner/Documents/Hakluyt/text-data/CC_ML_FR_trimmed_cleaned_EN_cl_MAlem_AMER_chunked_pages/07_26_AMER_1576_A_discourse_written_by_sir_Humfrey_Gilbert_knight_to_proove_a_passage_by_the_Northwest_to_Cataya_and_pp.158-203_45.txt	0.4929040841107146	0.15582605719643605	0.21429114364670934	1.3096523027276738E-4	4.57657992708335E-4	0.0010781372953258528	7.979108140421558E-4	0.051301121582777505	0.04359889000003629	0.03687037146205291	0.0012524773869329322	3.0902495889710064E-4	0.00118215832309418
60	file:/C:/Users/apovzner/Documents/Hakluyt/text-data/CC_ML_FR_trimmed_cleaned_EN_cl_MAlem_AMER_chunked_pages/07_26_AMER_1576_A_discourse_written_by_sir_Humfrey_Gilbert_knight_to_proove_a_passage_by_the_Northwest_to_Cataya_and_pp.158-203_46.txt	0.2617107198059015	0.024187611436124995	0.3800601706535122	1.4304226809242965E-4	0.15419253462413396	0.04728536040422075	8.714906417401977E-4	0.09445505385397072	0.001511585950516095	0.0018472266823235614	0.0013679753457328113	3.375218821495305E-4	0.03202970645158125
61	file:/C:/Users/apovzner/Documents/Hakluyt/text-data/CC_ML_FR_trimmed_cleaned_EN_cl_MAlem_AMER_chunked_pages/07_26_AMER_1576_A_discourse_written_by_sir_Humfrey_Gilbert_knight_to_proove_a_passage_by_the_Northwest_to_Cataya_and_pp.158-203_47.txt	0.6713081711053175	0.11775359639869253	0.0397955875387727	1.35740458221896E-4	4.7434502661322154E-4	0.0011174481210688017	8.27004078049636E-4	0.0021251336830676562	0.0014344247494191829	0.12572305000866324	0.0012981449661161786	3.2029256494513583E-4	0.03768706130105247
62	file:/C:/Users/apovzner/Documents/Hakluyt/text-data/CC_ML_FR_trimmed_cleaned_EN_cl_MAlem_AMER_chunked_pages/07_26_AMER_1576_A_discourse_written_by_sir_Humfrey_Gilbert_knight_to_proove_a_passage_by_the_Northwest_to_Cataya_and_pp.158-203_48.txt	0.71281828343579	0.001207973066663805	0.18387943000630141	1.5241211847247986E-4	0.033284637877305824	0.0012546932406606202	9.285768235353797E-4	0.002386142870860871	0.0016106009786039457	0.010156235977182387	0.0014575832950756691	3.596309382901288E-4	0.0505037993712576
63	file:/C:/Users/apovzner/Documents/Hakluyt/text-data/CC_ML_FR_trimmed_cleaned_EN_cl_MAlem_AMER_chunked_pages/07_26_AMER_1576_A_discourse_written_by_sir_Humfrey_Gilbert_knight_to_proove_a_passage_by_the_Northwest_to_Cataya_and_pp.158-203_5.txt	0.29179505564008046	0.02183815620886373	0.14193566402882526	1.2914790711443194E-4	0.17390604363990325	0.0010631766537068515	0.02853959650652153	0.04365105833024847	0.02911751638002882	0.2167516699515906	0.0012350975361448714	0.04887206297069175	0.0011657542462800243
64	file:/C:/Users/apovzner/Documents/Hakluyt/text-data/CC_ML_FR_trimmed_cleaned_EN_cl_MAlem_AMER_chunked_pages/07_26_AMER_1576_A_discourse_written_by_sir_Humfrey_Gilbert_knight_to_proove_a_passage_by_the_Northwest_to_Cataya_and_pp.158-203_6.txt	0.4596507814764046	0.10591757471379255	0.41454310962610824	1.4995642945438105E-4	5.240227375988631E-4	0.0012344774176469833	9.136154416526874E-4	0.002347696946072772	0.0015846507118184928	0.001936515138973552	0.0014340984742716861	0.008409918406246471	0.0013535824799587543
65	file:/C:/Users/apovzner/Documents/Hakluyt/text-data/CC_ML_FR_trimmed_cleaned_EN_cl_MAlem_AMER_chunked_pages/07_26_AMER_1576_A_discourse_written_by_sir_Humfrey_Gilbert_knight_to_proove_a_passage_by_the_Northwest_to_Cataya_and_pp.158-203_7.txt	0.5082532275892685	0.026201067490719928	0.09537316987493492	1.549495753316861E-4	5.41471285696308E-4	0.0012755821962215186	9.44036379204539E-4	0.0024258689415657102	0.14315098733343923	0.018649651416984724	0.026454833393841647	0.166852173620423	0.009722980902368306
66	file:/C:/Users/apovzner/Documents/Hakluyt/text-data/CC_ML_FR_trimmed_cleaned_EN_cl_MAlem_AMER_chunked_pages/07_26_AMER_1576_A_discourse_written_by_sir_Humfrey_Gilbert_knight_to_proove_a_passage_by_the_Northwest_to_Cataya_and_pp.158-203_8.txt	0.7018812087612273	0.05773074398218721	0.0882673961692849	1.318932072930548E-4	0.007546575520315934	0.01525712604937924	0.014974913974403491	0.002064901659077222	0.0013937692807266101	0.08673134590433511	0.008347026746222749	3.1121460923371673E-4	0.015361884136313534
67	file:/C:/Users/apovzner/Documents/Hakluyt/text-data/CC_ML_FR_trimmed_cleaned_EN_cl_MAlem_AMER_chunked_pages/07_26_AMER_1576_A_discourse_written_by_sir_Humfrey_Gilbert_knight_to_proove_a_passage_by_the_Northwest_to_Cataya_and_pp.158-203_9.txt	0.6713081711053175	0.18338483524376176	0.0908421066404932	1.35740458221896E-4	4.7434502661322154E-4	0.0011174481210688017	8.27004078049636E-4	0.045879292913113816	0.0014344247494191829	0.0017529321901991238	0.0012981449661161786	3.2029256494513583E-4	0.0012252619426806693
68	file:/C:/Users/apovzner/Documents/Hakluyt/text-data/CC_ML_FR_trimmed_cleaned_EN_cl_MAlem_AMER_chunked_pages/07_27_AMER_1576_The_first_voyage_of_M_Martin_Frobisher_to_the_Northwest_for_the_search_of_a_passage_to_China_anno_15_pp.204-211_0.txt	4.29871580874349E-4	0.04688124723852658	0.20176312054710321	1.4195142340446673E-4	4.960492442312601E-4	0.0011685782812598173	0.2067676659948197	0.13186488884490405	0.032004180234106824	0.37550863030485804	0.0013575431241310634	3.3494793000850217E-4	0.0012813252517721886
69	file:/C:/Users/apovzner/Documents/Hakluyt/text-data/CC_ML_FR_trimmed_cleaned_EN_cl_MAlem_AMER_chunked_pages/07_27_AMER_1576_The_first_voyage_of_M_Martin_Frobisher_to_the_Northwest_for_the_search_of_a_passage_to_China_anno_15_pp.204-211_1.txt	3.966020856058295E-4	0.4372589040679268	0.010252329664878573	0.014202607573847302	4.57657992708335E-4	0.0010781372953258528	7.979108140421558E-4	0.023157836895628434	0.001383962969312687	0.4871629264564381	0.0012524773869329322	3.0902495889710064E-4	0.022289621838455984
70	file:/C:/Users/apovzner/Documents/Hakluyt/text-data/CC_ML_FR_trimmed_cleaned_EN_cl_MAlem_AMER_chunked_pages/07_27_AMER_1576_The_first_voyage_of_M_Martin_Frobisher_to_the_Northwest_for_the_search_of_a_passage_to_China_anno_15_pp.204-211_2.txt	0.05668317145990398	0.48650965227043763	0.010252329664878573	1.3096523027276738E-4	4.57657992708335E-4	0.0010781372953258528	7.979108140421558E-4	0.002050373380266628	0.001383962969312687	0.4379121782539272	0.0012524773869329322	3.0902495889710064E-4	0.00118215832309418
71	file:/C:/Users/apovzner/Documents/Hakluyt/text-data/CC_ML_FR_trimmed_cleaned_EN_cl_MAlem_AMER_chunked_pages/07_27_AMER_1576_The_first_voyage_of_M_Martin_Frobisher_to_the_Northwest_for_the_search_of_a_passage_to_China_anno_15_pp.204-211_3.txt	0.10189953388997731	0.1806568482573913	0.019177126492971965	1.4527503900506412E-4	5.076636188338587E-4	0.0011959390847865834	8.850938863018214E-4	0.017883574581155824	0.0015351805508203801	0.6730703200916569	0.0013893283038611014	3.4279031819218434E-4	0.0013113258850458343
72	file:/C:/Users/apovzner/Documents/Hakluyt/text-data/CC_ML_FR_trimmed_cleaned_EN_cl_MAlem_AMER_chunked_pages/07_27_AMER_1576_The_first_voyage_of_M_Martin_Frobisher_to_the_Northwest_for_the_search_of_a_passage_to_China_anno_15_pp.204-211_4.txt	4.6154971004053956E-4	0.222284200774655	0.0037432444664567428	1.5241211847247986E-4	5.326041427886092E-4	0.009442701674289924	0.017304593690793985	0.10064224407441251	0.0016106009786039457	0.6406328853666388	0.0014575832950756691	3.596309382901288E-4	0.0013757487694817845
73	file:/C:/Users/apovzner/Documents/Hakluyt/text-data/CC_ML_FR_trimmed_cleaned_EN_cl_MAlem_AMER_chunked_pages/07_27_AMER_1576_The_first_voyage_of_M_Martin_Frobisher_to_the_Northwest_for_the_search_of_a_passage_to_China_anno_15_pp.204-211_5.txt	4.202569050467725E-4	0.3887840105303908	0.0034083529901218976	1.3877648237551807E-4	4.849544129142023E-4	0.001142441402588734	8.455011745600824E-4	0.23329203819818553	0.03128836222759336	0.33728800290836375	0.0013271797839122766	3.274563536647037E-4	0.001252666630282441
74	file:/C:/Users/apovzner/Documents/Hakluyt/text-data/CC_ML_FR_trimmed_cleaned_EN_cl_MAlem_AMER_chunked_pages/07_27_AMER_1576_The_first_voyage_of_M_Martin_Frobisher_to_the_Northwest_for_the_search_of_a_passage_to_China_anno_15_pp.204-211_6.txt	4.3993648799667154E-4	0.14163392617970647	0.0035679576618980226	1.4527503900506412E-4	5.076636188338587E-4	0.0011959390847865834	8.850938863018214E-4	0.4081127953580044	0.0015351805508203801	0.12674941100406875	0.0013893283038611014	3.4279031819218434E-4	0.31349470250652467
75	file:/C:/Users/apovzner/Documents/Hakluyt/text-data/CC_ML_FR_trimmed_cleaned_EN_cl_MAlem_AMER_chunked_pages/07_27_AMER_1576_The_first_voyage_of_M_Martin_Frobisher_to_the_Northwest_for_the_search_of_a_passage_to_China_anno_15_pp.204-211_7.txt	4.89612361029787E-4	0.0533965006520994	0.003970837206186512	1.616789168133332E-4	5.649869692737373E-4	0.01870267365526427	0.009670882106929922	0.8276866828422497	0.0017085270137899128	0.010773744556197794	0.0015462057130030315	3.814968333099415E-4	0.07094617117385271
76	file:/C:/Users/apovzner/Documents/Hakluyt/text-data/CC_ML_FR_trimmed_cleaned_EN_cl_MAlem_AMER_chunked_pages/07_27_AMER_1576_The_first_voyage_of_M_Martin_Frobisher_to_the_Northwest_for_the_search_of_a_passage_to_China_anno_15_pp.204-211_8.txt	0.030699875083599	0.04652643522809605	0.003459943962969918	1.4087709042724542E-4	4.922949876791093E-4	0.0011597341136290015	0.00842661343817738	0.032478808986427084	0.001488705635608414	0.6224210324698427	0.0013472688111916403	3.324129388246883E-4	0.25102599725352787
