0	file:/C:/Users/apovzner/Documents/Hakluyt/text-data/CC_ML_FR_trimmed_MAlem_AMER_chunked_pages/07_17_AMER_1170_The_most_ancient_voyage_and_discovery_of_the_West_Indies_performed_by_Madoc_the_sonne_of_Owen_Guined_pp.133-135_0.txt	0.1083486865132009	0.039699915839710824	1.4310196552668411E-5	0.06509328891355555	0.009842446730037938	0.3351845226001192	2.4114018550036337E-5	0.18206185126715868	3.5888534841197194E-4	0.12065764049441763	8.813823053644482E-4	0.1376564924285043	1.764633444158409E-4
1	file:/C:/Users/apovzner/Documents/Hakluyt/text-data/CC_ML_FR_trimmed_MAlem_AMER_chunked_pages/07_18_AMER_1488_The_verses_of_Meredith_the_sonne_of_Rhesus_making_mention_of_Madoc_the_sonne_of_Owen_Guined_and_of_h_pp.135-135_0.txt	0.022424731945044647	0.05914125859748318	0.619800977904756	0.002875113468145482	0.005321177720302338	0.20144539990992166	1.023524924257722E-4	0.061887101694642135	0.0015232969083455242	0.01998740094008686	0.0037410469576788304	0.0010011388390923795	7.490026220752645E-4
2	file:/C:/Users/apovzner/Documents/Hakluyt/text-data/CC_ML_FR_trimmed_MAlem_AMER_chunked_pages/07_19_AMER_1488_The_offer_of_the_discovery_of_the_West_Indies_pp.135-138_0.txt	0.015247016717312023	0.005874538568626471	0.41066098446710797	7.445121142630968E-4	0.0060979821247257255	0.0332841484741983	0.3917915184092199	0.05850624058339179	3.9445851944559795E-4	0.019335929009291996	9.687460376357074E-4	0.05689997035979726	1.9395461498413516E-4
3	file:/C:/Users/apovzner/Documents/Hakluyt/text-data/CC_ML_FR_trimmed_MAlem_AMER_chunked_pages/07_19_AMER_1488_The_offer_of_the_discovery_of_the_West_Indies_pp.135-138_1.txt	0.007554009593796259	0.0015018245947865068	0.11054368727568621	9.685125679472448E-4	0.007932674584832138	0.11698046063407745	0.41756666706201145	0.26645449851902275	5.131387741018262E-4	0.06199458189589222	0.007400390722105821	3.372442718048654E-4	2.5230950393524703E-4
4	file:/C:/Users/apovzner/Documents/Hakluyt/text-data/CC_ML_FR_trimmed_MAlem_AMER_chunked_pages/07_19_AMER_1488_The_offer_of_the_discovery_of_the_West_Indies_pp.135-138_2.txt	0.04361042196428004	0.0017120733382759241	2.3325333104755396E-5	0.0011041000068342502	0.0230427675289013	0.3713496194022114	3.930536614949327E-5	0.23375917018012207	5.849759133157739E-4	0.1616706470865575	0.008436412409361964	0.15437954976197563	2.8763170890976666E-4
5	file:/C:/Users/apovzner/Documents/Hakluyt/text-data/CC_ML_FR_trimmed_MAlem_AMER_chunked_pages/07_20_AMER_1494_Another_testimony_concerning_the_foresaid_offer_made_by_Bartholomew_Columbus_to_K_Henry_the_seventh__pp.139-140_0.txt	0.036648124687835563	0.008911993140005101	1.3230660681401007E-5	0.09988709710184804	0.0011590838762134891	0.0994658441537928	0.4605925294326391	0.08494833362572793	3.3181167364747125E-4	0.20684583524404462	8.14892385995461E-4	2.180727551751713E-4	1.6315126239379538E-4
6	file:/C:/Users/apovzner/Documents/Hakluyt/text-data/CC_ML_FR_trimmed_MAlem_AMER_chunked_pages/07_21_AMER_1495_The_letters_patents_of_K_Henry_the_7_granted_unto_John_Cabot_and_his_3_sonnes_Lewis_Sebastian_and_Sa_pp.141-144_0.txt	9.365379483426467E-4	9.948263765531288E-4	0.9558354837008024	6.415541814682367E-4	0.0011873701176035962	0.020546657803465682	2.283898365298448E-5	0.0016075351061930416	3.3990919384377415E-4	0.016661980202649255	8.347789905891929E-4	2.233945948798541E-4	1.6713279995624316E-4
7	file:/C:/Users/apovzner/Documents/Hakluyt/text-data/CC_ML_FR_trimmed_MAlem_AMER_chunked_pages/07_21_AMER_1495_The_letters_patents_of_K_Henry_the_7_granted_unto_John_Cabot_and_his_3_sonnes_Lewis_Sebastian_and_Sa_pp.141-144_1.txt	0.0012064170727072753	0.0012815022895517618	0.5082388701725236	8.264287837558603E-4	0.027726510686280167	0.2831979254802936	2.9420420017152405E-5	0.0859011091474848	0.016156047699078822	0.06861797327882409	0.0063147305530073415	2.87769495822905E-4	2.1529492065260278E-4
8	file:/C:/Users/apovzner/Documents/Hakluyt/text-data/CC_ML_FR_trimmed_MAlem_AMER_chunked_pages/07_21_AMER_1495_The_letters_patents_of_K_Henry_the_7_granted_unto_John_Cabot_and_his_3_sonnes_Lewis_Sebastian_and_Sa_pp.141-144_2.txt	0.007842952394794503	0.0015592697700457547	2.1243533190650604E-5	0.18588179588874781	0.001861058747406547	0.41470695608243163	3.579733873970719E-5	0.20014593925174584	0.006907809134868625	0.16636657326621374	0.014058500233210897	3.501439515452693E-4	2.6196040705898666E-4
9	file:/C:/Users/apovzner/Documents/Hakluyt/text-data/CC_ML_FR_trimmed_MAlem_AMER_chunked_pages/07_22_AMER_1497_The_signed_bill_of_K_Henry_the_7_on_the_behalfe_of_John_Cabot_pp.145-145_0.txt	0.027926514753554673	0.003062666011318153	0.42577774285243847	0.001975084529633873	0.003655429919981784	0.15090633996727718	0.02511360706464986	0.004948947120598599	0.0010464422329922855	0.35181500528024034	0.002569945170028832	6.877411465720004E-4	5.145339507140474E-4
10	file:/C:/Users/apovzner/Documents/Hakluyt/text-data/CC_ML_FR_trimmed_MAlem_AMER_chunked_pages/07_23_AMER_1497_The_voyage_of_Sebastian_Cabota_to_the_North_part_of_America_for_the_discovery_of_a_Northwest_passage_pp.145-155_0.txt	0.006378969170913795	0.0012682129498658428	0.6533351903075063	8.178586134775114E-4	0.03780910887783175	0.010637862098649342	2.9115326566677883E-5	0.02278955032017953	0.05228394701875589	0.18716284055779225	0.006249246004108628	0.021025036469065766	2.1306228528664788E-4
11	file:/C:/Users/apovzner/Documents/Hakluyt/text-data/CC_ML_FR_trimmed_MAlem_AMER_chunked_pages/07_23_AMER_1497_The_voyage_of_Sebastian_Cabota_to_the_North_part_of_America_for_the_discovery_of_a_Northwest_passage_pp.145-155_1.txt	0.001707369963756179	0.0018136335825847082	2.4708992598622787E-5	0.12722466213184389	0.009579657355933077	0.044872905614638636	4.163696170649704E-5	0.15123072037016974	6.196767029039879E-4	0.18609096282780282	0.40934707309453827	0.06714229837058884	3.0469403093461966E-4
12	file:/C:/Users/apovzner/Documents/Hakluyt/text-data/CC_ML_FR_trimmed_MAlem_AMER_chunked_pages/07_23_AMER_1497_The_voyage_of_Sebastian_Cabota_to_the_North_part_of_America_for_the_discovery_of_a_Northwest_passage_pp.145-155_2.txt	0.18434857745937056	0.0017871304243307709	2.4347912859349667E-5	0.11075219829179704	0.045972898578261145	0.014990579467227896	4.1028508601130654E-5	0.30976696045716257	0.007917267497612995	0.19798485375683061	0.0014996173873506097	0.1246142988106953	3.002414478999685E-4
13	file:/C:/Users/apovzner/Documents/Hakluyt/text-data/CC_ML_FR_trimmed_MAlem_AMER_chunked_pages/07_23_AMER_1497_The_voyage_of_Sebastian_Cabota_to_the_North_part_of_America_for_the_discovery_of_a_Northwest_passage_pp.145-155_3.txt	0.17098460889793127	0.4581467177754098	2.4527123878573666E-5	0.052683970940149046	0.03159042602465836	3.800638358514369E-4	4.1330495916681024E-5	0.17219887682307233	0.0521381000240555	7.105954102520213E-4	0.0015106552106739315	0.059287676085188416	3.024513529625612E-4
14	file:/C:/Users/apovzner/Documents/Hakluyt/text-data/CC_ML_FR_trimmed_MAlem_AMER_chunked_pages/07_23_AMER_1497_The_voyage_of_Sebastian_Cabota_to_the_North_part_of_America_for_the_discovery_of_a_Northwest_passage_pp.145-155_4.txt	0.0017330714266491627	0.1824799064467354	2.508094318336858E-5	0.023767072934581187	0.04735698143314826	3.8864562841672037E-4	4.226373320241925E-5	0.20619360062774775	6.29004849775153E-4	0.1437324932293294	0.0015447656111718517	0.3917978324704198	3.09280665639468E-4
15	file:/C:/Users/apovzner/Documents/Hakluyt/text-data/CC_ML_FR_trimmed_MAlem_AMER_chunked_pages/07_23_AMER_1497_The_voyage_of_Sebastian_Cabota_to_the_North_part_of_America_for_the_discovery_of_a_Northwest_passage_pp.145-155_5.txt	0.0011463549950735694	0.0012177020568261878	0.6920350453105374	7.852846132267703E-4	0.02634613247792634	2.5707299226000366E-4	2.7955709685159945E-5	0.13638852986506103	0.005394610703858784	0.025373392838636724	0.0010217984944847931	0.10980154358712503	2.0457635529828373E-4
16	file:/C:/Users/apovzner/Documents/Hakluyt/text-data/CC_ML_FR_trimmed_MAlem_AMER_chunked_pages/07_23_AMER_1497_The_voyage_of_Sebastian_Cabota_to_the_North_part_of_America_for_the_discovery_of_a_Northwest_passage_pp.145-155_6.txt	0.0012388717716651598	0.14120494101643374	0.49500964804959324	8.486611426918441E-4	0.0015706777539778334	2.778201122139967E-4	3.0211880032492292E-5	0.06669061797234789	0.005829983686427309	0.0812246045948818	0.0011042629173225078	0.20474861237725428	2.2108672515787378E-4
17	file:/C:/Users/apovzner/Documents/Hakluyt/text-data/CC_ML_FR_trimmed_MAlem_AMER_chunked_pages/07_23_AMER_1497_The_voyage_of_Sebastian_Cabota_to_the_North_part_of_America_for_the_discovery_of_a_Northwest_passage_pp.145-155_7.txt	0.06148330034965593	0.30811345737478735	2.48935785817375E-5	0.0011783325948139143	0.009651221199092166	3.857422912969167E-4	4.194800633852026E-5	0.07765650431525203	0.008094702890674365	7.212122698325678E-4	0.31528989778507244	0.2170518171283059	3.069702162960733E-4
18	file:/C:/Users/apovzner/Documents/Hakluyt/text-data/CC_ML_FR_trimmed_MAlem_AMER_chunked_pages/07_23_AMER_1497_The_voyage_of_Sebastian_Cabota_to_the_North_part_of_America_for_the_discovery_of_a_Northwest_passage_pp.145-155_8.txt	0.001578610527747786	0.0496675271215484	2.2845590981591317E-5	0.13819758216424272	0.022568837053042943	0.007209816915935732	3.849695583768276E-5	0.13982582121218806	5.729444629869149E-4	0.3091733073171715	0.0288303256978261	0.3020321691162164	2.8171586427415234E-4
19	file:/C:/Users/apovzner/Documents/Hakluyt/text-data/CC_ML_FR_trimmed_MAlem_AMER_chunked_pages/07_23_AMER_1497_The_voyage_of_Sebastian_Cabota_to_the_North_part_of_America_for_the_discovery_of_a_Northwest_passage_pp.145-155_9.txt	0.11812737258489256	0.015388479457682293	2.2845590981591317E-5	0.0010813915087782826	0.002001408454723276	0.13747019803862695	3.849695583768276E-5	0.29065363093319896	5.729444629869149E-4	0.28860587871885185	0.14537908775497085	3.765496741945857E-4	2.8171586427415234E-4
20	file:/C:/Users/apovzner/Documents/Hakluyt/text-data/CC_ML_FR_trimmed_MAlem_AMER_chunked_pages/07_24_AMER_1497_A_briefe_extract_concerning_the_discovery_of_Newfoundland_pp.155-155_0.txt	0.0051326372494027135	0.005452083309620233	7.427932931882016E-5	0.04809746024747035	0.0065073071574139685	0.04573246977506662	1.2516761167366978E-4	0.03110072639660338	0.024153582410024063	0.5594202942904734	0.004574953689489255	0.17955015183522396	0.09007888669821956
21	file:/C:/Users/apovzner/Documents/Hakluyt/text-data/CC_ML_FR_trimmed_MAlem_AMER_chunked_pages/07_25_AMER_1549_The_large_pension_granted_by_K_Edward_the_6_to_Sebastian_Cabota_constituting_him_Grand_pilote_of_Eng_pp.156-158_0.txt	0.0010017276145218026	0.00976495756699065	0.8831542470524391	6.862108907876699E-4	0.0012700194771246521	0.05242994536221103	2.4428738475887324E-5	0.0017194309211244591	3.6356927821848075E-4	0.035223540364569504	0.005243327632140398	0.004589386557618451	0.004529208543777924
22	file:/C:/Users/apovzner/Documents/Hakluyt/text-data/CC_ML_FR_trimmed_MAlem_AMER_chunked_pages/07_25_AMER_1549_The_large_pension_granted_by_K_Edward_the_6_to_Sebastian_Cabota_constituting_him_Grand_pilote_of_Eng_pp.156-158_1.txt	0.001413830350623767	0.007642003837958999	2.046089858135733E-5	0.01938905029746472	0.0386335708006946	0.5713537246288418	3.4478526281965006E-5	0.2418937815463328	5.131387741018262E-4	0.11725619508444464	0.0012602114789333294	3.372442718048654E-4	2.5230950393524703E-4
23	file:/C:/Users/apovzner/Documents/Hakluyt/text-data/CC_ML_FR_trimmed_MAlem_AMER_chunked_pages/07_26_AMER_1576_A_discourse_written_by_sir_Humfrey_Gilbert_knight_to_proove_a_passage_by_the_Northwest_to_Cataya_and_pp.158-203_0.txt	0.008923862471744556	0.030788753141549	2.4171301706884065E-5	0.0011441437624881148	0.0021175485299026056	0.02938913606797366	4.073090230403862E-5	0.13343250485687838	6.061919556952843E-4	0.022461226041606754	0.0014887396929639328	0.7692849276726093	2.9806360257754314E-4
24	file:/C:/Users/apovzner/Documents/Hakluyt/text-data/CC_ML_FR_trimmed_MAlem_AMER_chunked_pages/07_26_AMER_1576_A_discourse_written_by_sir_Humfrey_Gilbert_knight_to_proove_a_passage_by_the_Northwest_to_Cataya_and_pp.158-203_1.txt	0.001578610527747786	0.07709076525264129	2.2845590981591317E-5	0.05592786777096406	0.002001408454723276	0.027777245514255398	3.849695583768276E-5	0.0575561068189094	5.729444629869149E-4	0.014373497407922957	0.06996518289446543	0.69281331248429	2.8171586427415234E-4
25	file:/C:/Users/apovzner/Documents/Hakluyt/text-data/CC_ML_FR_trimmed_MAlem_AMER_chunked_pages/07_26_AMER_1576_A_discourse_written_by_sir_Humfrey_Gilbert_knight_to_proove_a_passage_by_the_Northwest_to_Cataya_and_pp.158-203_10.txt	0.02487460835995874	0.36380696901238874	2.5660350601927253E-5	0.001214627596001238	0.07155249914095071	3.9762392555047274E-4	4.324008885118545E-5	0.10314998038391854	6.435358055531947E-4	7.434270505363294E-4	0.0015804520145301115	0.43165095075810356	3.164255130552183E-4
26	file:/C:/Users/apovzner/Documents/Hakluyt/text-data/CC_ML_FR_trimmed_MAlem_AMER_chunked_pages/07_26_AMER_1576_A_discourse_written_by_sir_Humfrey_Gilbert_knight_to_proove_a_passage_by_the_Northwest_to_Cataya_and_pp.158-203_11.txt	0.009329918034537454	0.1383615589052185	2.5271149620173004E-5	0.02394731536897078	0.002213901691190487	3.915930016323249E-4	4.2584248824168895E-5	0.05608324159955492	6.337750360609609E-4	7.321511898740954E-4	0.024307591179647415	0.7436194724363603	3.11626158508444E-4
27	file:/C:/Users/apovzner/Documents/Hakluyt/text-data/CC_ML_FR_trimmed_MAlem_AMER_chunked_pages/07_26_AMER_1576_A_discourse_written_by_sir_Humfrey_Gilbert_knight_to_proove_a_passage_by_the_Northwest_to_Cataya_and_pp.158-203_12.txt	0.06487583819944767	0.0965192029469415	2.6267161442043115E-5	0.1588953511657123	0.018066358228630154	4.0702685663495015E-4	4.426262182626108E-5	0.15288485058442816	6.587540116046367E-4	7.610074647753666E-4	0.0016178262277502457	0.5049193462504897	3.2390828031704635E-4
28	file:/C:/Users/apovzner/Documents/Hakluyt/text-data/CC_ML_FR_trimmed_MAlem_AMER_chunked_pages/07_26_AMER_1576_A_discourse_written_by_sir_Humfrey_Gilbert_knight_to_proove_a_passage_by_the_Northwest_to_Cataya_and_pp.158-203_13.txt	0.009329918034537454	0.17628007644537022	2.5271149620173004E-5	0.03911472238503147	0.009797605199220832	0.04589381404981439	4.2584248824168895E-5	0.08641805563167629	6.337750360609609E-4	7.321511898740954E-4	0.0015564806555563803	0.6298639198159051	3.11626158508444E-4
29	file:/C:/Users/apovzner/Documents/Hakluyt/text-data/CC_ML_FR_trimmed_MAlem_AMER_chunked_pages/07_26_AMER_1576_A_discourse_written_by_sir_Humfrey_Gilbert_knight_to_proove_a_passage_by_the_Northwest_to_Cataya_and_pp.158-203_14.txt	0.041555604362135526	0.04166946658011212	2.647586005692389E-5	0.009198458651786232	0.010264670505551177	4.1026077825173456E-4	4.4614298496255074E-5	0.15409955574484777	6.6398796313276E-4	0.05638365738806312	0.04930205469458083	0.6360547113671813	3.264818058043639E-4
30	file:/C:/Users/apovzner/Documents/Hakluyt/text-data/CC_ML_FR_trimmed_MAlem_AMER_chunked_pages/07_26_AMER_1576_A_discourse_written_by_sir_Humfrey_Gilbert_knight_to_proove_a_passage_by_the_Northwest_to_Cataya_and_pp.158-203_15.txt	0.12402604742594389	0.23876039253606746	2.546426304112741E-5	0.03941362362074832	0.002230819565354045	0.03860286321093684	0.0076845652210793	0.07179512153062688	6.38618126587857E-4	7.377460370835614E-4	0.0015683747446089775	0.46656070066155364	0.007955663056368073
31	file:/C:/Users/apovzner/Documents/Hakluyt/text-data/CC_ML_FR_trimmed_MAlem_AMER_chunked_pages/07_26_AMER_1576_A_discourse_written_by_sir_Humfrey_Gilbert_knight_to_proove_a_passage_by_the_Northwest_to_Cataya_and_pp.158-203_16.txt	0.002115149936325999	0.14003630643314682	3.061036871392451E-5	0.0014489357195654675	0.19558696750676785	4.7432769564979723E-4	5.1581331973626E-5	0.1965359007031579	0.028325579963238777	8.868380826843915E-4	0.0018853296141557003	0.4322450069671093	3.7746567751048175E-4
32	file:/C:/Users/apovzner/Documents/Hakluyt/text-data/CC_ML_FR_trimmed_MAlem_AMER_chunked_pages/07_26_AMER_1576_A_discourse_written_by_sir_Humfrey_Gilbert_knight_to_proove_a_passage_by_the_Northwest_to_Cataya_and_pp.158-203_17.txt	0.0017731079768758084	0.1173909649261708	2.5660350601927253E-5	0.001214627596001238	0.048450998757867784	3.9762392555047274E-4	4.324008885118545E-5	0.03384547923466975	6.435358055531947E-4	7.434270505363294E-4	0.04778345278069598	0.7011684552274045	0.046519426279221086
33	file:/C:/Users/apovzner/Documents/Hakluyt/text-data/CC_ML_FR_trimmed_MAlem_AMER_chunked_pages/07_26_AMER_1576_A_discourse_written_by_sir_Humfrey_Gilbert_knight_to_proove_a_passage_by_the_Northwest_to_Cataya_and_pp.158-203_18.txt	0.0017462145265071092	0.23694970450961297	0.030360085181741547	0.0011962048448797477	0.017381308707251176	3.915930016323249E-4	4.2584248824168895E-5	0.124336573171828	6.337750360609609E-4	7.321511898740954E-4	0.009140184163586723	0.5767779952596926	3.11626158508444E-4
34	file:/C:/Users/apovzner/Documents/Hakluyt/text-data/CC_ML_FR_trimmed_MAlem_AMER_chunked_pages/07_26_AMER_1576_A_discourse_written_by_sir_Humfrey_Gilbert_knight_to_proove_a_passage_by_the_Northwest_to_Cataya_and_pp.158-203_19.txt	0.011097239727388502	0.2096719671314484	3.005814247066598E-5	0.0014227962000903308	0.0026332704863070828	0.06360750760812575	5.065077914545607E-5	0.00356508445688699	7.538280060304364E-4	0.009891087229187061	0.0018513173322436678	0.6950545368913205	3.706560093552651E-4
35	file:/C:/Users/apovzner/Documents/Hakluyt/text-data/CC_ML_FR_trimmed_MAlem_AMER_chunked_pages/07_26_AMER_1576_A_discourse_written_by_sir_Humfrey_Gilbert_knight_to_proove_a_passage_by_the_Northwest_to_Cataya_and_pp.158-203_2.txt	0.001694802992896511	0.16372966402752326	2.4527123878573666E-5	0.03796311825275472	0.0021487206498697104	3.800638358514369E-4	0.007401756839613844	0.18691972951046668	0.044777673680358336	7.105954102520213E-4	0.0015106552106739315	0.5524362411128984	3.024513529625612E-4
36	file:/C:/Users/apovzner/Documents/Hakluyt/text-data/CC_ML_FR_trimmed_MAlem_AMER_chunked_pages/07_26_AMER_1576_A_discourse_written_by_sir_Humfrey_Gilbert_knight_to_proove_a_passage_by_the_Northwest_to_Cataya_and_pp.158-203_20.txt	0.0019371994255366677	0.11142857826338838	2.8035075750270946E-5	0.0013270347389449414	0.12023998827515721	4.344218458219491E-4	4.724172265597897E-5	0.14634850433413768	7.030915257775322E-4	0.01763850578223802	0.0017267142072365988	0.5977949758391463	3.4570896420858436E-4
37	file:/C:/Users/apovzner/Documents/Hakluyt/text-data/CC_ML_FR_trimmed_MAlem_AMER_chunked_pages/07_26_AMER_1576_A_discourse_written_by_sir_Humfrey_Gilbert_knight_to_proove_a_passage_by_the_Northwest_to_Cataya_and_pp.158-203_21.txt	0.0018741301532676836	0.3682562709894496	2.712233966214951E-5	0.0012838305576109868	0.010515310149435545	4.202784028121264E-4	4.570367704778334E-5	0.08460921277741164	6.802010219477605E-4	7.857835339616097E-4	0.02608819757913939	0.5050795050776955	3.3445374055836085E-4
38	file:/C:/Users/apovzner/Documents/Hakluyt/text-data/CC_ML_FR_trimmed_MAlem_AMER_chunked_pages/07_26_AMER_1576_A_discourse_written_by_sir_Humfrey_Gilbert_knight_to_proove_a_passage_by_the_Northwest_to_Cataya_and_pp.158-203_22.txt	0.10110108075166363	0.07828562581610568	2.546426304112741E-5	0.06233859029502858	0.13213896405294212	3.9458542046975903E-4	4.2909662985883334E-5	0.041228499298253216	6.38618126587857E-4	0.031304368269457226	0.01685168586079581	0.5353356006843945	3.1400749827465736E-4
39	file:/C:/Users/apovzner/Documents/Hakluyt/text-data/CC_ML_FR_trimmed_MAlem_AMER_chunked_pages/07_26_AMER_1576_A_discourse_written_by_sir_Humfrey_Gilbert_knight_to_proove_a_passage_by_the_Northwest_to_Cataya_and_pp.158-203_23.txt	0.0017201246951375803	0.001827182145380826	2.48935785817375E-5	0.0011783325948139143	0.009651221199092166	0.052678520989000464	4.194800633852026E-5	0.3017684130196958	0.015565099847489156	7.212122698325678E-4	0.0015332255988511614	0.61298285583949	3.069702162960733E-4
40	file:/C:/Users/apovzner/Documents/Hakluyt/text-data/CC_ML_FR_trimmed_MAlem_AMER_chunked_pages/07_26_AMER_1576_A_discourse_written_by_sir_Humfrey_Gilbert_knight_to_proove_a_passage_by_the_Northwest_to_Cataya_and_pp.158-203_24.txt	0.0018150380797709474	0.0019280027674264159	2.6267161442043115E-5	0.009125950881480058	0.0023011581987109732	0.016172226886554134	4.426262182626108E-5	0.32630205091353914	6.587540116046367E-4	7.610074647753666E-4	0.0016178262277502457	0.6389235465048028	3.2390828031704635E-4
41	file:/C:/Users/apovzner/Documents/Hakluyt/text-data/CC_ML_FR_trimmed_MAlem_AMER_chunked_pages/07_26_AMER_1576_A_discourse_written_by_sir_Humfrey_Gilbert_knight_to_proove_a_passage_by_the_Northwest_to_Cataya_and_pp.158-203_25.txt	0.0018008427566305913	0.346034749900903	2.606172727027259E-5	0.00123362668082772	0.0022831609541397162	4.038435197005175E-4	4.391644604798625E-5	0.2846453057473986	6.536019290290944E-4	7.550556629949473E-4	0.0016051732887602513	0.3601932863766363	3.2137500966108426E-4
42	file:/C:/Users/apovzner/Documents/Hakluyt/text-data/CC_ML_FR_trimmed_MAlem_AMER_chunked_pages/07_26_AMER_1576_A_discourse_written_by_sir_Humfrey_Gilbert_knight_to_proove_a_passage_by_the_Northwest_to_Cataya_and_pp.158-203_26.txt	0.02764172472169732	0.06199285138466503	2.8514874981609145E-5	0.0013497459402049814	0.002498071156029886	4.418566489078611E-4	4.805022920039993E-5	0.05472478641183979	7.151244083220069E-4	8.261278161334904E-4	0.09588462810136814	0.7534968927935872	3.516255130622967E-4
43	file:/C:/Users/apovzner/Documents/Hakluyt/text-data/CC_ML_FR_trimmed_MAlem_AMER_chunked_pages/07_26_AMER_1576_A_discourse_written_by_sir_Humfrey_Gilbert_knight_to_proove_a_passage_by_the_Northwest_to_Cataya_and_pp.158-203_27.txt	0.002134759770323151	0.0022676233577936943	3.089416147904372E-5	0.0014623689937013787	0.06760443381200755	4.7872525026859686E-4	5.205954930469226E-5	0.31888272534469914	0.13057064078633643	8.95060075501601E-4	0.0019028087536382308	0.4733369349333612	3.8096521158533805E-4
44	file:/C:/Users/apovzner/Documents/Hakluyt/text-data/CC_ML_FR_trimmed_MAlem_AMER_chunked_pages/07_26_AMER_1576_A_discourse_written_by_sir_Humfrey_Gilbert_knight_to_proove_a_passage_by_the_Northwest_to_Cataya_and_pp.158-203_28.txt	0.0018294589730996709	0.3038620261477487	2.647586005692389E-5	0.0012532295739790622	0.002319441427744006	0.1434243841787808	4.4614298496255074E-5	0.3447850536122199	6.6398796313276E-4	7.670538434129281E-4	0.001630680227737806	0.19906711208778685	3.264818058043639E-4
45	file:/C:/Users/apovzner/Documents/Hakluyt/text-data/CC_ML_FR_trimmed_MAlem_AMER_chunked_pages/07_26_AMER_1576_A_discourse_written_by_sir_Humfrey_Gilbert_knight_to_proove_a_passage_by_the_Northwest_to_Cataya_and_pp.158-203_29.txt	0.0017595584964492158	0.017152381351358357	2.546426304112741E-5	0.14639680143405617	0.002230819565354045	0.09209445211759076	4.2909662985883334E-5	0.3927446549705504	6.38618126587857E-4	7.377460370835614E-4	0.07798493032554316	0.2678776561511248	3.1400749827465736E-4
46	file:/C:/Users/apovzner/Documents/Hakluyt/text-data/CC_ML_FR_trimmed_MAlem_AMER_chunked_pages/07_26_AMER_1576_A_discourse_written_by_sir_Humfrey_Gilbert_knight_to_proove_a_passage_by_the_Northwest_to_Cataya_and_pp.158-203_3.txt	0.0017731079768758084	0.13279196518155942	2.5660350601927253E-5	0.001214627596001238	0.009948498119396227	0.038900124564022025	4.324008885118545E-5	0.0030434787238925037	6.435358055531947E-4	7.434270505363294E-4	0.009280952142224422	0.8012749568874304	3.164255130552183E-4
47	file:/C:/Users/apovzner/Documents/Hakluyt/text-data/CC_ML_FR_trimmed_MAlem_AMER_chunked_pages/07_26_AMER_1576_A_discourse_written_by_sir_Humfrey_Gilbert_knight_to_proove_a_passage_by_the_Northwest_to_Cataya_and_pp.158-203_30.txt	0.07877810925381892	0.0018834630107561294	2.5660350601927253E-5	0.14752413002219317	0.009948498119396227	0.06200162494710497	4.324008885118545E-5	0.44197198600246823	0.008344035933247507	7.434270505363294E-4	0.10938745380225047	0.13903194590571968	3.164255130552183E-4
48	file:/C:/Users/apovzner/Documents/Hakluyt/text-data/CC_ML_FR_trimmed_MAlem_AMER_chunked_pages/07_26_AMER_1576_A_discourse_written_by_sir_Humfrey_Gilbert_knight_to_proove_a_passage_by_the_Northwest_to_Cataya_and_pp.158-203_31.txt	0.009190521651952374	0.016767976059010415	2.48935785817375E-5	0.08335269911977665	0.002180824242277374	0.1273824905571484	4.194800633852026E-5	0.40635397041510296	0.015565099847489156	7.212122698325678E-4	0.01647401951248075	0.32163737452371305	3.069702162960733E-4
49	file:/C:/Users/apovzner/Documents/Hakluyt/text-data/CC_ML_FR_trimmed_MAlem_AMER_chunked_pages/07_26_AMER_1576_A_discourse_written_by_sir_Humfrey_Gilbert_knight_to_proove_a_passage_by_the_Northwest_to_Cataya_and_pp.158-203_32.txt	0.001953635634291794	0.1547966001829601	2.8272939932668986E-5	0.0013382939927455981	0.002476876219429958	0.11073687767356567	4.764254603290639E-5	0.47000199039138496	7.090569204288539E-4	8.191185175215909E-4	0.0017413645497859835	0.246517107526166	0.008833162905753967
50	file:/C:/Users/apovzner/Documents/Hakluyt/text-data/CC_ML_FR_trimmed_MAlem_AMER_chunked_pages/07_26_AMER_1576_A_discourse_written_by_sir_Humfrey_Gilbert_knight_to_proove_a_passage_by_the_Northwest_to_Cataya_and_pp.158-203_33.txt	0.0018441108562978282	0.0019588849809872846	2.6687901548331347E-5	0.0012632665158336842	0.002338017512468493	0.10452874360288525	4.4971608225604905E-5	0.8761312361206944	6.69305750644726E-4	7.731970712664295E-4	0.0016437401195318689	0.008448741406307012	3.290965533091216E-4
51	file:/C:/Users/apovzner/Documents/Hakluyt/text-data/CC_ML_FR_trimmed_MAlem_AMER_chunked_pages/07_26_AMER_1576_A_discourse_written_by_sir_Humfrey_Gilbert_knight_to_proove_a_passage_by_the_Northwest_to_Cataya_and_pp.158-203_34.txt	0.06285000863437634	0.12422973656982454	2.2690032440884168E-5	0.0010740281761696317	0.0019877806094717974	3.5159690177165087E-4	3.8234825158874626E-5	0.42485708235339875	5.690432111155887E-4	6.573715283856343E-4	0.06267965359506425	0.32040297593777295	2.7979762504909346E-4
52	file:/C:/Users/apovzner/Documents/Hakluyt/text-data/CC_ML_FR_trimmed_MAlem_AMER_chunked_pages/07_26_AMER_1576_A_discourse_written_by_sir_Humfrey_Gilbert_knight_to_proove_a_passage_by_the_Northwest_to_Cataya_and_pp.158-203_35.txt	0.049569277257160343	0.1662162891786932	2.2845590981591317E-5	0.007937201041551505	0.008857217987496498	3.540073831625105E-4	3.849695583768276E-5	0.2632303928021061	5.729444629869149E-4	0.014373497407922957	0.0014070875667332127	0.48713902650109336	2.8171586427415234E-4
53	file:/C:/Users/apovzner/Documents/Hakluyt/text-data/CC_ML_FR_trimmed_MAlem_AMER_chunked_pages/07_26_AMER_1576_A_discourse_written_by_sir_Humfrey_Gilbert_knight_to_proove_a_passage_by_the_Northwest_to_Cataya_and_pp.158-203_36.txt	0.015395780129470332	0.1190417500138234	2.300329720586047E-5	0.00108885650156151	0.002015224449716319	0.07629094845535248	3.876270556400454E-5	0.25124123579595525	0.0834145330068256	0.04898840021296442	0.001416800883737985	0.40076104396059065	2.836605872321707E-4
54	file:/C:/Users/apovzner/Documents/Hakluyt/text-data/CC_ML_FR_trimmed_MAlem_AMER_chunked_pages/07_26_AMER_1576_A_discourse_written_by_sir_Humfrey_Gilbert_knight_to_proove_a_passage_by_the_Northwest_to_Cataya_and_pp.158-203_37.txt	0.001707369963756179	0.14269870832842385	0.01485471686058169	0.02341460705596242	0.002164653421941543	3.8288201068944317E-4	4.163696170649704E-5	0.09932569283222902	6.196767029039879E-4	7.158644780145164E-4	0.0015218567250039835	0.7122476406278523	3.0469403093461966E-4
55	file:/C:/Users/apovzner/Documents/Hakluyt/text-data/CC_ML_FR_trimmed_MAlem_AMER_chunked_pages/07_26_AMER_1576_A_discourse_written_by_sir_Humfrey_Gilbert_knight_to_proove_a_passage_by_the_Northwest_to_Cataya_and_pp.158-203_38.txt	0.0016463321663070607	0.1518971272170256	2.3825655936140727E-5	0.0011277826886236587	0.002087267922652722	0.0718683990424573	4.0148456878025784E-5	0.06002523634411927	5.975235071240999E-4	0.007840193098657071	0.001467450952090529	0.7010849116076704	2.9380134045807655E-4
56	file:/C:/Users/apovzner/Documents/Hakluyt/text-data/CC_ML_FR_trimmed_MAlem_AMER_chunked_pages/07_26_AMER_1576_A_discourse_written_by_sir_Humfrey_Gilbert_knight_to_proove_a_passage_by_the_Northwest_to_Cataya_and_pp.158-203_39.txt	0.0016824196668594046	0.016400423047731663	2.4347912859349667E-5	0.059605674109893925	0.01674631333145936	3.7728684382700226E-4	4.1028508601130654E-5	0.41206000882096877	0.05175714536781567	7.054033409185921E-4	0.0014996173873506097	0.4388000902138145	3.002414478999685E-4
57	file:/C:/Users/apovzner/Documents/Hakluyt/text-data/CC_ML_FR_trimmed_MAlem_AMER_chunked_pages/07_26_AMER_1576_A_discourse_written_by_sir_Humfrey_Gilbert_knight_to_proove_a_passage_by_the_Northwest_to_Cataya_and_pp.158-203_4.txt	0.0016824196668594046	0.0017871304243307709	2.4347912859349667E-5	0.0011525036162903536	0.01674631333145936	3.7728684382700226E-4	4.1028508601130654E-5	0.2951536678337617	0.059063791679516114	7.054033409185921E-4	0.0014996173873506097	0.6214662480063257	3.002414478999685E-4
58	file:/C:/Users/apovzner/Documents/Hakluyt/text-data/CC_ML_FR_trimmed_MAlem_AMER_chunked_pages/07_26_AMER_1576_A_discourse_written_by_sir_Humfrey_Gilbert_knight_to_proove_a_passage_by_the_Northwest_to_Cataya_and_pp.158-203_40.txt	0.0015895078911000076	0.1397511583713789	2.300329720586047E-5	0.00108885650156151	0.002015224449716319	3.564511443156778E-4	3.876270556400454E-5	0.10627537729306683	5.768995766036471E-4	0.04898840021296442	0.001416800883737985	0.6975958970855527	2.836605872321707E-4
59	file:/C:/Users/apovzner/Documents/Hakluyt/text-data/CC_ML_FR_trimmed_MAlem_AMER_chunked_pages/07_26_AMER_1576_A_discourse_written_by_sir_Humfrey_Gilbert_knight_to_proove_a_passage_by_the_Northwest_to_Cataya_and_pp.158-203_41.txt	0.001707369963756179	0.009228637516576241	2.4708992598622787E-5	0.0011695952539878187	0.009579657355933077	3.8288201068944317E-4	4.163696170649704E-5	0.2995307990500004	6.196767029039879E-4	7.158644780145164E-4	0.008936860658995516	0.667757617023903	3.0469403093461966E-4
60	file:/C:/Users/apovzner/Documents/Hakluyt/text-data/CC_ML_FR_trimmed_MAlem_AMER_chunked_pages/07_26_AMER_1576_A_discourse_written_by_sir_Humfrey_Gilbert_knight_to_proove_a_passage_by_the_Northwest_to_Cataya_and_pp.158-203_42.txt	0.030246014130882043	0.0875478427967319	2.3825655936140727E-5	0.015427623670911151	0.002087267922652722	0.04326871707788232	4.0148456878025784E-5	0.03142555437954429	5.975235071240999E-4	0.036439875063232055	0.001467450952090529	0.7511343550456766	2.9380134045807655E-4
61	file:/C:/Users/apovzner/Documents/Hakluyt/text-data/CC_ML_FR_trimmed_MAlem_AMER_chunked_pages/07_26_AMER_1576_A_discourse_written_by_sir_Humfrey_Gilbert_knight_to_proove_a_passage_by_the_Northwest_to_Cataya_and_pp.158-203_43.txt	0.008796252657450807	0.12329744525245064	2.3825655936140727E-5	0.0011277826886236587	0.002087267922652722	3.6919413101984936E-4	4.0148456878025784E-5	0.095774838799838	5.975235071240999E-4	0.029289954572088307	0.001467450952090529	0.7368345140633891	2.9380134045807655E-4
62	file:/C:/Users/apovzner/Documents/Hakluyt/text-data/CC_ML_FR_trimmed_MAlem_AMER_chunked_pages/07_26_AMER_1576_A_discourse_written_by_sir_Humfrey_Gilbert_knight_to_proove_a_passage_by_the_Northwest_to_Cataya_and_pp.158-203_44.txt	0.0017595584964492158	0.18526880362941353	2.546426304112741E-5	0.0012053458302812414	0.002230819565354045	3.9458542046975903E-4	4.2909662985883334E-5	0.11000339932109396	6.38618126587857E-4	7.377460370835614E-4	0.009210030302702394	0.6881687118462627	3.1400749827465736E-4
63	file:/C:/Users/apovzner/Documents/Hakluyt/text-data/CC_ML_FR_trimmed_MAlem_AMER_chunked_pages/07_26_AMER_1576_A_discourse_written_by_sir_Humfrey_Gilbert_knight_to_proove_a_passage_by_the_Northwest_to_Cataya_and_pp.158-203_45.txt	0.08682458915092665	0.2218104053659879	2.3656513743775086E-5	0.0011197763765633695	0.0020724500694344005	0.01456489725596551	3.986343647671352E-5	0.21578067249739974	5.932815909201614E-4	6.85372250416016E-4	0.008556195326939957	0.44763712456809324	2.917155971325523E-4
64	file:/C:/Users/apovzner/Documents/Hakluyt/text-data/CC_ML_FR_trimmed_MAlem_AMER_chunked_pages/07_26_AMER_1576_A_discourse_written_by_sir_Humfrey_Gilbert_knight_to_proove_a_passage_by_the_Northwest_to_Cataya_and_pp.158-203_46.txt	0.0619460620228783	0.0018409346580480028	2.508094318336858E-5	0.22698591619685451	0.032303733784090974	0.0681282600491745	4.226373320241925E-5	0.33414620564473463	0.038262123972418356	7.26640563285232E-4	0.009071389435700492	0.22621210833078967	3.09280665639468E-4
65	file:/C:/Users/apovzner/Documents/Hakluyt/text-data/CC_ML_FR_trimmed_MAlem_AMER_chunked_pages/07_26_AMER_1576_A_discourse_written_by_sir_Humfrey_Gilbert_knight_to_proove_a_passage_by_the_Northwest_to_Cataya_and_pp.158-203_47.txt	0.023602358601960742	0.2282931660870446	2.4347912859349667E-5	0.0011525036162903536	0.00943966701975891	3.7728684382700226E-4	4.1028508601130654E-5	0.13440744897635185	6.106211859125477E-4	7.054033409185921E-4	0.0014996173873506097	0.5995463090712243	3.002414478999685E-4
66	file:/C:/Users/apovzner/Documents/Hakluyt/text-data/CC_ML_FR_trimmed_MAlem_AMER_chunked_pages/07_26_AMER_1576_A_discourse_written_by_sir_Humfrey_Gilbert_knight_to_proove_a_passage_by_the_Northwest_to_Cataya_and_pp.158-203_48.txt	0.01845298301482225	0.018571555667227457	2.7571155800810652E-5	0.0013050751803367418	0.00241539579215523	4.2723310260065714E-4	4.645997418551989E-5	0.25148771305302736	6.914568796645635E-4	0.009072706581967398	0.009972060844481146	0.6871898005261678	3.39988227563096E-4
67	file:/C:/Users/apovzner/Documents/Hakluyt/text-data/CC_ML_FR_trimmed_MAlem_AMER_chunked_pages/07_26_AMER_1576_A_discourse_written_by_sir_Humfrey_Gilbert_knight_to_proove_a_passage_by_the_Northwest_to_Cataya_and_pp.158-203_5.txt	0.08442714132132197	0.270910744635897	2.300329720586047E-5	0.00108885650156151	0.03653090504564213	0.062484676216982143	3.876270556400454E-5	0.15459733012736296	5.768995766036471E-4	0.12492289752400121	0.015223073122108311	0.22818264098096158	0.020993068944787658
68	file:/C:/Users/apovzner/Documents/Hakluyt/text-data/CC_ML_FR_trimmed_MAlem_AMER_chunked_pages/07_26_AMER_1576_A_discourse_written_by_sir_Humfrey_Gilbert_knight_to_proove_a_passage_by_the_Northwest_to_Cataya_and_pp.158-203_6.txt	0.0018589993240701224	0.1392245575192924	2.690336688261726E-5	0.001273465524610503	0.002356893546014182	4.168852762903176E-4	4.5334687450180016E-5	0.35842583339752154	6.747094046952696E-4	7.794394940784144E-4	0.0016570108899479207	0.4929282140478948	3.317535212517932E-4
69	file:/C:/Users/apovzner/Documents/Hakluyt/text-data/CC_ML_FR_trimmed_MAlem_AMER_chunked_pages/07_26_AMER_1576_A_discourse_written_by_sir_Humfrey_Gilbert_knight_to_proove_a_passage_by_the_Northwest_to_Cataya_and_pp.158-203_7.txt	0.09369347558887586	0.05209829288722968	2.780118054532016E-5	0.01800186119575644	0.002435547315870587	4.307974865525563E-4	4.68475873769708E-5	0.1451275262379703	6.972256690919369E-4	8.054507896194934E-4	0.08514179751807374	0.5177210626117907	0.08377231393124646
70	file:/C:/Users/apovzner/Documents/Hakluyt/text-data/CC_ML_FR_trimmed_MAlem_AMER_chunked_pages/07_26_AMER_1576_A_discourse_written_by_sir_Humfrey_Gilbert_knight_to_proove_a_passage_by_the_Northwest_to_Cataya_and_pp.158-203_8.txt	0.0016346445874753338	0.1934137571781708	2.3656513743775086E-5	0.05791307275219759	0.0020724500694344005	3.6657316205695496E-4	3.986343647671352E-5	0.14478905202785697	5.932815909201614E-4	6.85372250416016E-4	0.001457033279985681	0.596719527554133	2.917155971325523E-4
71	file:/C:/Users/apovzner/Documents/Hakluyt/text-data/CC_ML_FR_trimmed_MAlem_AMER_chunked_pages/07_26_AMER_1576_A_discourse_written_by_sir_Humfrey_Gilbert_knight_to_proove_a_passage_by_the_Northwest_to_Cataya_and_pp.158-203_9.txt	0.0016463321663070607	0.19479665016388809	2.3825655936140727E-5	0.0011277826886236587	0.002087267922652722	3.6919413101984936E-4	4.0148456878025784E-5	0.13152444125555673	5.975235071240999E-4	6.902726075133268E-4	0.001467450952090529	0.6653353091519517	2.9380134045807655E-4
72	file:/C:/Users/apovzner/Documents/Hakluyt/text-data/CC_ML_FR_trimmed_MAlem_AMER_chunked_pages/07_27_AMER_1576_The_first_voyage_of_M_Martin_Frobisher_to_the_Northwest_for_the_search_of_a_passage_to_China_anno_15_pp.204-211_0.txt	0.009401214054542632	0.23111873697797403	2.546426304112741E-5	0.0012053458302812414	0.32318035300527753	3.9458542046975903E-4	4.2909662985883334E-5	0.18641995490202812	6.38618126587857E-4	0.24527072389607288	0.0015683747446089775	4.197116178551955E-4	3.1400749827465736E-4
73	file:/C:/Users/apovzner/Documents/Hakluyt/text-data/CC_ML_FR_trimmed_MAlem_AMER_chunked_pages/07_27_AMER_1576_The_first_voyage_of_M_Martin_Frobisher_to_the_Northwest_for_the_search_of_a_passage_to_China_anno_15_pp.204-211_1.txt	0.0016231217829164684	0.4246712943920827	2.348975615836342E-5	0.008161002146811888	0.03025431795149378	3.639891441393773E-4	3.958243436097205E-5	0.0027860325919331986	0.529273040034204	6.805409797213809E-4	0.0014467624787058947	3.871670483582257E-4	2.8965925911370337E-4
74	file:/C:/Users/apovzner/Documents/Hakluyt/text-data/CC_ML_FR_trimmed_MAlem_AMER_chunked_pages/07_27_AMER_1576_The_first_voyage_of_M_Martin_Frobisher_to_the_Northwest_for_the_search_of_a_passage_to_China_anno_15_pp.204-211_2.txt	0.0016231217829164684	0.5515554401255087	2.348975615836342E-5	0.0011118829393993298	0.002057841121843547	3.639891441393773E-4	3.958243436097205E-5	0.0027860325919331986	0.40238889430077796	6.805409797213809E-4	0.01554500089353101	0.021534524670595898	2.8965925911370337E-4
75	file:/C:/Users/apovzner/Documents/Hakluyt/text-data/CC_ML_FR_trimmed_MAlem_AMER_chunked_pages/07_27_AMER_1576_The_first_voyage_of_M_Martin_Frobisher_to_the_Northwest_for_the_search_of_a_passage_to_China_anno_15_pp.204-211_3.txt	0.0018008427566305913	0.7605451311562768	2.606172727027259E-5	0.009054577270551754	0.08831361744110408	4.038435197005175E-4	4.391644604798625E-5	0.003091084517333383	0.08668405841599346	7.550556629949473E-4	0.0016051732887602513	0.047355262787674934	3.2137500966108426E-4
76	file:/C:/Users/apovzner/Documents/Hakluyt/text-data/CC_ML_FR_trimmed_MAlem_AMER_chunked_pages/07_27_AMER_1576_The_first_voyage_of_M_Martin_Frobisher_to_the_Northwest_for_the_search_of_a_passage_to_China_anno_15_pp.204-211_4.txt	0.018006041375743524	0.7851062395862285	2.690336688261726E-5	0.001273465524610503	0.115386187907728	4.168852762903176E-4	4.5334687450180016E-5	0.0031909082607067007	0.06526287761138888	7.794394940784144E-4	0.00973053191578462	4.4343147185598857E-4	3.317535212517932E-4
77	file:/C:/Users/apovzner/Documents/Hakluyt/text-data/CC_ML_FR_trimmed_MAlem_AMER_chunked_pages/07_27_AMER_1576_The_first_voyage_of_M_Martin_Frobisher_to_the_Northwest_for_the_search_of_a_passage_to_China_anno_15_pp.204-211_5.txt	0.0017201246951375803	0.47246219042471277	2.48935785817375E-5	0.0011783325948139143	0.3682302751262022	3.857422912969167E-4	4.194800633852026E-5	0.0029525347471041153	0.13509145115652585	7.212122698325678E-4	0.01647401951248075	4.103053806768997E-4	3.069702162960733E-4
78	file:/C:/Users/apovzner/Documents/Hakluyt/text-data/CC_ML_FR_trimmed_MAlem_AMER_chunked_pages/07_27_AMER_1576_The_first_voyage_of_M_Martin_Frobisher_to_the_Northwest_for_the_search_of_a_passage_to_China_anno_15_pp.204-211_6.txt	0.09565224983331899	0.25218334282421456	2.606172727027259E-5	0.00123362668082772	0.315121184543101	4.038435197005175E-4	4.391644604798625E-5	0.003091084517333383	0.03193740428792523	0.00857600625271898	0.2909803451085495	4.295592493307314E-4	3.2137500966108426E-4
79	file:/C:/Users/apovzner/Documents/Hakluyt/text-data/CC_ML_FR_trimmed_MAlem_AMER_chunked_pages/07_27_AMER_1576_The_first_voyage_of_M_Martin_Frobisher_to_the_Northwest_for_the_search_of_a_passage_to_China_anno_15_pp.204-211_7.txt	0.0704273440305342	0.06199285138466503	2.8514874981609145E-5	0.0013497459402049814	0.7469678471297916	4.418566489078611E-4	4.805022920039993E-5	0.0033820432412355285	7.151244083220069E-4	0.043611747124970374	0.07021325651606601	4.699929580581311E-4	3.516255130622967E-4
