0	file:/C:/Users/apovzner/Documents/Hakluyt/text-data/CC_ML_FR_trimmed_MAlem_AMER_chunked_med_chap/07_17_AMER_1170_The_most_ancient_voyage_and_discovery_of_the_West_Indies_performed_by_Madoc_the_sonne_of_Owen_Guined_pp.133-135_0.txt	0.001282597927821658	3.4750615955326153E-4	1.3653628832607402E-4	0.25546947099479905	0.03048841291526676	0.017251644387821397	0.00879362471945677	0.2363213545405457	2.1437644194285198E-4	0.0051201255023333786	1.7325851399092877E-5	1.8067676820653062E-4	1.755346655724307E-4	2.7217823562796224E-5	0.040088334417377226	0.26472441209446074	0.1156326574919803	4.1897646294933083E-4	2.8155430386362756E-4	0.023027660242761008
1	file:/C:/Users/apovzner/Documents/Hakluyt/text-data/CC_ML_FR_trimmed_MAlem_AMER_chunked_med_chap/07_18_AMER_1488_The_verses_of_Meredith_the_sonne_of_Rhesus_making_mention_of_Madoc_the_sonne_of_Owen_Guined_and_of_h_pp.135-135_0.txt	0.023068331824184468	0.0014446141859409374	5.675935622699017E-4	0.015558446017234636	0.002587856682725506	7.707985989872839E-4	0.0010829694063147828	0.1665319611322223	8.911820428170627E-4	0.003548362129525836	7.202511387657301E-5	7.510894850228186E-4	7.297133044672436E-4	0.5322068726372414	0.007022673929082781	0.12497789401790602	0.0018109461489318785	0.0017417226294062108	0.0011704464231569451	0.11346450072868534
2	file:/C:/Users/apovzner/Documents/Hakluyt/text-data/CC_ML_FR_trimmed_MAlem_AMER_chunked_med_chap/07_19_AMER_1488_The_offer_of_the_discovery_of_the_West_Indies_pp.135-138_0.txt	5.832900630871081E-4	1.5803618993306614E-4	6.20929275682325E-5	0.17244949614234636	2.8310327713165854E-4	8.432291124868962E-5	1.1847340310907084E-4	0.07254680067384635	0.056366539063264214	0.004268803415729956	7.879318012604772E-6	8.216679696695708E-5	7.982831091081746E-5	0.523896604755586	0.006589194009990888	0.1359118364018602	1.9811173968552873E-4	1.9053890717006498E-4	0.005948978963884576	0.020173902728667873
3	file:/C:/Users/apovzner/Documents/Hakluyt/text-data/CC_ML_FR_trimmed_MAlem_AMER_chunked_med_chap/07_20_AMER_1494_Another_testimony_concerning_the_foresaid_offer_made_by_Bartholomew_Columbus_to_K_Henry_the_seventh__pp.139-140_0.txt	0.005133046336443635	0.06346745034395057	1.262979949137051E-4	0.03503498636123579	0.09134821475316295	1.7151413265694343E-4	0.019974102471836643	0.07652208532365283	0.015984801795985246	7.895632578963842E-4	1.6026657225750607E-5	0.10672600734008289	1.6237204461498522E-4	0.5367661959006618	0.044975525757066884	1.8306104071164002E-4	4.0296240604299164E-4	3.8755914515680817E-4	2.6044170727987663E-4	0.0015677852294216168
4	file:/C:/Users/apovzner/Documents/Hakluyt/text-data/CC_ML_FR_trimmed_MAlem_AMER_chunked_med_chap/07_21_AMER_1495_The_letters_patents_of_K_Henry_the_7_granted_unto_John_Cabot_and_his_3_sonnes_Lewis_Sebastian_and_Sa_pp.141-144_0.txt	0.007272158420196583	1.3772652571967313E-4	5.4113195144466465E-5	0.05052106711386481	0.034065863713039664	7.348634265207919E-5	1.0324806113909377E-4	0.027713512390246508	0.001775920591684277	3.382934992961745E-4	6.866725244237485E-6	7.160731653025633E-5	0.4633918259146301	0.36356657244983354	0.0023604843341645605	0.03727949078627638	0.0069364804195620675	1.660522296194997E-4	1.1158793882217567E-4	0.004053642032333935
5	file:/C:/Users/apovzner/Documents/Hakluyt/text-data/CC_ML_FR_trimmed_MAlem_AMER_chunked_med_chap/07_22_AMER_1497_The_signed_bill_of_K_Henry_the_7_on_the_behalfe_of_John_Cabot_pp.145-145_0.txt	0.0897090556088589	0.087015949532532	3.93230611377309E-4	0.03535468801054363	0.02636862278186919	5.340117021701037E-4	7.502846227589531E-4	0.0416466257670895	6.174137320091586E-4	0.0024583164826630487	4.9899226219090245E-5	5.203571658096888E-4	0.25855089647553176	0.44244184362534145	0.00486533066300627	5.699631653502463E-4	0.0012546292076816038	0.0012066709348712028	8.10888976121843E-4	0.004881321708195054
6	file:/C:/Users/apovzner/Documents/Hakluyt/text-data/CC_ML_FR_trimmed_MAlem_AMER_chunked_med_chap/07_23_AMER_1497_The_voyage_of_Sebastian_Cabota_to_the_North_part_of_America_for_the_discovery_of_a_Northwest_passage_pp.145-155_0.txt	8.498645789219031E-4	0.03011109489613227	2.0910816936124357E-5	0.12211155000537821	0.03864782975273475	0.038580887187707406	0.0013467619412239648	0.15577117004124852	0.06929662789478055	1.307258500551985E-4	2.6534902282072514E-6	2.767102336599727E-5	0.001987179604246772	0.16989649753249916	0.08063086388750773	0.20455453583491146	6.671739413331606E-5	0.017706832059431396	6.965526629302376E-4	0.06756307354562678
7	file:/C:/Users/apovzner/Documents/Hakluyt/text-data/CC_ML_FR_trimmed_MAlem_AMER_chunked_med_chap/07_24_AMER_1497_A_briefe_extract_concerning_the_discovery_of_Newfoundland_pp.155-155_0.txt	0.006481454773286513	0.1526798057448612	6.899697547467945E-4	0.10515505837454904	0.003145812354811224	9.369868787368923E-4	0.0013164633733424493	0.525845120409091	0.0010833256336773684	0.025873940037691296	8.755411171030516E-5	9.130283749195563E-4	8.870433760827656E-4	1.3754200644091892E-4	0.11633946055146084	0.04412113228647	0.002201395775599054	0.002117247296890405	0.0014228009005250908	0.008564857985107234
8	file:/C:/Users/apovzner/Documents/Hakluyt/text-data/CC_ML_FR_trimmed_MAlem_AMER_chunked_med_chap/07_25_AMER_1549_The_large_pension_granted_by_K_Edward_the_6_to_Sebastian_Cabota_constituting_him_Grand_pilote_of_Eng_pp.156-158_0.txt	7.661344659317149E-4	0.04353280847355975	8.155724726193419E-5	0.03536664584792471	0.025857278801317413	1.1075568171589872E-4	1.5561135558814717E-4	0.02392889777812	1.2805352113360466E-4	5.098624558306904E-4	1.0349254135316197E-5	1.0792368856487496E-4	0.5837212200712281	0.2727103688006544	0.01120325702053695	1.1821212657847284E-4	2.6021398526055253E-4	2.5026729087642633E-4	1.6818088626393743E-4	0.0010124012475171288
9	file:/C:/Users/apovzner/Documents/Hakluyt/text-data/CC_ML_FR_trimmed_MAlem_AMER_chunked_med_chap/07_26_AMER_1576_A_discourse_written_by_sir_Humfrey_Gilbert_knight_to_proove_a_passage_by_the_Northwest_to_Cataya_and_pp.158-203_0.txt	0.0013772159549113613	0.010675191879265841	3.388623485307955E-5	0.12058395507393721	0.011802339879836145	0.0021638071222234204	6.465498920446244E-5	0.17407088681951724	5.320497977280805E-5	0.07645225493181465	4.300013401104735E-6	4.4841232136912584E-5	0.0011024596526732133	6.755050783539308E-6	0.05442288999030155	0.5432620521278533	0.0032848001911436665	1.0398360022433932E-4	6.98775056916222E-5	4.2064277045466517E-4
10	file:/C:/Users/apovzner/Documents/Hakluyt/text-data/CC_ML_FR_trimmed_MAlem_AMER_chunked_med_chap/07_26_AMER_1576_A_discourse_written_by_sir_Humfrey_Gilbert_knight_to_proove_a_passage_by_the_Northwest_to_Cataya_and_pp.158-203_1.txt	3.298473714824247E-4	8.936860945758023E-5	3.5113214234495596E-5	0.10629714324931736	0.03527164215063312	0.002242155948401376	6.699606778706403E-5	0.11344239221614585	0.0154164340590067	0.07702602637015564	4.455711660467081E-6	4.6464878656150525E-5	4.5142477457022326E-5	6.999642962863939E-6	0.08821331777818485	0.5212379466211067	0.01218162600916917	1.0774872001512887E-4	7.240768524919587E-5	0.027866771218916935
11	file:/C:/Users/apovzner/Documents/Hakluyt/text-data/CC_ML_FR_trimmed_MAlem_AMER_chunked_med_chap/07_26_AMER_1576_A_discourse_written_by_sir_Humfrey_Gilbert_knight_to_proove_a_passage_by_the_Northwest_to_Cataya_and_pp.158-203_2.txt	3.547596962425524E-4	9.611833680014565E-5	3.776520382728912E-5	0.11314532236067998	1.721847138436501E-4	5.128558203537482E-5	7.205606808617751E-5	0.10312862964684558	0.10272857334333087	0.046260251653918186	4.7922374160738924E-6	0.0012300808667702746	4.8551945459849825E-5	7.528303773202093E-6	0.16096176163549406	0.41899259668807176	1.2049247028305009E-4	0.04614004572929213	7.787640783428152E-5	0.006369327109995545
12	file:/C:/Users/apovzner/Documents/Hakluyt/text-data/CC_ML_FR_trimmed_MAlem_AMER_chunked_med_chap/07_26_AMER_1576_A_discourse_written_by_sir_Humfrey_Gilbert_knight_to_proove_a_passage_by_the_Northwest_to_Cataya_and_pp.158-203_3.txt	0.010885794695895457	9.53308329551424E-5	3.745579103248433E-5	0.16956977495910802	1.707739931766394E-4	5.086539589409708E-5	7.146570798879394E-5	0.17368040509194235	0.015274502938899856	0.05992649379996277	4.752974300242275E-6	4.956478132909715E-5	4.81541561825393E-5	7.466623886043037E-6	0.06834883108700322	0.49163822971853477	1.1950526756189671E-4	1.149371719134588E-4	7.723836131114979E-5	0.009828456651122038
13	file:/C:/Users/apovzner/Documents/Hakluyt/text-data/CC_ML_FR_trimmed_MAlem_AMER_chunked_med_chap/07_26_AMER_1576_A_discourse_written_by_sir_Humfrey_Gilbert_knight_to_proove_a_passage_by_the_Northwest_to_Cataya_and_pp.158-203_4.txt	0.003657675061146395	9.025993745041264E-5	3.546341987107745E-5	0.2093098060940513	0.035623427886059045	4.8159732895148505E-5	6.76642606904867E-5	0.4448112561451551	0.018894729537220812	0.05119795085144293	4.500151207586243E-6	4.692830140918605E-5	4.559271109126444E-5	7.069454698220462E-6	0.00708785465994789	0.1729273738158771	0.006762224309628022	0.025596947412724263	7.312985153499269E-5	0.023711986405898784
14	file:/C:/Users/apovzner/Documents/Hakluyt/text-data/CC_ML_FR_trimmed_MAlem_AMER_chunked_med_chap/07_26_AMER_1576_A_discourse_written_by_sir_Humfrey_Gilbert_knight_to_proove_a_passage_by_the_Northwest_to_Cataya_and_pp.158-203_5.txt	3.091551852501835E-4	8.376228341077341E-5	3.291047069014851E-5	0.17778750668109772	1.500502950853482E-4	4.4692798485117204E-5	6.279322965242195E-5	0.17420048125142534	0.052500247784371255	0.07836440333549306	4.176193242414548E-6	4.355001558451078E-5	4.231057206293848E-5	6.560537096730048E-6	0.018918453620594213	0.4504884033873514	1.0500311158835762E-4	0.03712351279066943	6.786536223146736E-5	0.009664161094617207
15	file:/C:/Users/apovzner/Documents/Hakluyt/text-data/CC_ML_FR_trimmed_MAlem_AMER_chunked_med_chap/07_26_AMER_1576_A_discourse_written_by_sir_Humfrey_Gilbert_knight_to_proove_a_passage_by_the_Northwest_to_Cataya_and_pp.158-203_6.txt	0.0013919552945318944	8.716878099387491E-5	3.4248894552293414E-5	0.16254311058514867	1.5615263550323324E-4	4.65103935150303E-5	6.534694447890434E-5	0.13633543473463575	0.11242762939008535	0.08797273965619455	4.346033313715902E-6	4.532113519576994E-5	4.403128520020121E-5	6.827345173752746E-6	0.0582160201281194	0.424929836234078	1.0927344462225711E-4	0.01401804993670164	7.062535375753488E-5	0.0014953717941982353
16	file:/C:/Users/apovzner/Documents/Hakluyt/text-data/CC_ML_FR_trimmed_MAlem_AMER_chunked_med_chap/07_27_AMER_1576_The_first_voyage_of_M_Martin_Frobisher_to_the_Northwest_for_the_search_of_a_passage_to_China_anno_15_pp.204-211_0.txt	0.17418970079540946	7.013103668058855E-5	2.755470998596704E-5	0.03605810654188436	9.86675362175483E-4	3.741961372455578E-5	5.257442983556748E-5	0.0037793331686094317	4.326381475561706E-5	0.2894829926577777	3.4965708854031875E-6	3.646280421248282E-5	3.5425064366630854E-5	5.492893090304171E-6	0.1923537040309118	3.993882792822692E-5	0.008698353639923983	0.24892622582650156	5.682113732090915E-5	0.04511632707401986
17	file:/C:/Users/apovzner/Documents/Hakluyt/text-data/CC_ML_FR_trimmed_MAlem_AMER_chunked_med_chap/07_28_AMER_1577_The_second_voyage_of_M_Martin_Frobisher_to_the_West_and_Northwest_regions_in_the_yeere_1577_pp.211-230_0.txt	0.04157580504756123	8.19915550870787E-5	3.221474583375479E-5	0.23442887574500942	1.468782432182402E-4	4.3747996112017164E-5	6.146578553611807E-5	0.1282380478413617	0.06548367933725499	0.0515412093366177	4.087908833746974E-6	4.2629371555328064E-5	4.1416129775875245E-5	6.421847839670761E-6	0.10005822664568018	0.023199943593135486	1.0278335376664492E-4	0.26485123871783994	6.643069361681492E-5	0.08999290610436407
18	file:/C:/Users/apovzner/Documents/Hakluyt/text-data/CC_ML_FR_trimmed_MAlem_AMER_chunked_med_chap/07_28_AMER_1577_The_second_voyage_of_M_Martin_Frobisher_to_the_West_and_Northwest_regions_in_the_yeere_1577_pp.211-230_1.txt	0.021138085512287044	8.48088965303676E-5	3.332168835272597E-5	0.2935055862106673	1.5192517959231839E-4	4.5251236810115E-5	6.357783359705918E-5	0.07225178620901551	0.005258585437062889	0.010620847237569274	4.2283749459151176E-6	4.409417479093731E-5	4.283924437242463E-5	6.64251127314247E-6	0.1638890590362917	0.0073370712993823415	1.0631512971527096E-4	0.2468793001606559	6.871334267785917E-5	0.17846796128441003
19	file:/C:/Users/apovzner/Documents/Hakluyt/text-data/CC_ML_FR_trimmed_MAlem_AMER_chunked_med_chap/07_28_AMER_1577_The_second_voyage_of_M_Martin_Frobisher_to_the_West_and_Northwest_regions_in_the_yeere_1577_pp.211-230_2.txt	0.011705861335185995	8.436964564069002E-5	3.314910526470934E-5	0.15421599822431636	1.5113831320175692E-4	4.5016866987596004E-5	6.324854479466E-5	0.06255482873830638	0.07463399679194489	0.0022789554193089747	4.2064749149883084E-6	0.0031514470137313406	4.2617366987226424E-5	6.608107701043446E-6	0.12574925350880833	4.80475538235081E-5	1.0576449154847323E-4	0.08918571649620337	6.835745552286992E-5	0.4758714185458069
20	file:/C:/Users/apovzner/Documents/Hakluyt/text-data/CC_ML_FR_trimmed_MAlem_AMER_chunked_med_chap/07_29_AMER_1578_The_third_and_last_voyage_of_M_Martin_Frobisher_for_the_discovery_of_a_Northwest_passage_in_the_yere_pp.231-250_0.txt	0.10392614791645106	8.97625723246882E-5	3.526800351271262E-5	0.2632600745827299	1.6079910810080686E-4	4.789435522834688E-5	6.729140597248E-5	0.014755924189288377	5.5374502999723784E-5	2.2048109134293776E-4	4.4753537355918735E-6	4.666970937832809E-5	4.5341478649446235E-5	7.03049942831774E-6	0.15362448504275153	5.1118764246971915E-5	1.1252498158443206E-4	0.42440626514859575	7.272687942100365E-5	0.039010344414257665
21	file:/C:/Users/apovzner/Documents/Hakluyt/text-data/CC_ML_FR_trimmed_MAlem_AMER_chunked_med_chap/07_29_AMER_1578_The_third_and_last_voyage_of_M_Martin_Frobisher_for_the_discovery_of_a_Northwest_passage_in_the_yere_pp.231-250_1.txt	0.15775674682777874	8.782674297251341E-5	3.450740993095165E-5	0.24895613601177882	1.5733129712788697E-4	4.6861460378596455E-5	6.584019222651644E-5	0.028455666697796034	0.006524012767552549	0.014233696539263343	4.37883777244204E-6	4.566322537355558E-5	4.436363941236297E-5	6.87887891654635E-6	0.15785954065733007	5.00163314432612E-5	1.1009825564997308E-4	0.3699646463499272	0.002227769269359285	0.013368018608009399
22	file:/C:/Users/apovzner/Documents/Hakluyt/text-data/CC_ML_FR_trimmed_MAlem_AMER_chunked_med_chap/07_29_AMER_1578_The_third_and_last_voyage_of_M_Martin_Frobisher_for_the_discovery_of_a_Northwest_passage_in_the_yere_pp.231-250_2.txt	0.033467253183315906	8.996085916286554E-5	0.003348867900929104	0.13130074035167044	0.013415242275206326	4.80001545611737E-5	6.744005367475983E-5	0.3505587485499432	5.549682608863594E-5	0.07422295924461715	4.485239857602123E-6	0.023241426732607758	4.5441638640485304E-5	7.046029904621451E-6	0.009273383557590819	5.1231686346590454E-5	1.1277355091835927E-4	0.026616638694558277	0.022163034133361185	0.3119098293370448
23	file:/C:/Users/apovzner/Documents/Hakluyt/text-data/CC_ML_FR_trimmed_MAlem_AMER_chunked_med_chap/07_30_AMER_1578_Experiences_and_reasons_of_the_Sphere_to_proove_all_parts_of_the_worlde_habitable_and_thereby_to_con_pp.250-309_0.txt	0.004840959483326663	9.168234412174177E-5	3.6022288029394974E-5	0.11130044033958117	0.002415524369936599	4.8918682295009575E-5	6.873058201238633E-5	0.15915383020184143	0.4075393639214339	0.022738058729613903	4.571069106273877E-6	4.7667844675934296E-5	4.631120678550115E-5	7.180862259641965E-6	0.045471417859915673	0.018062501781154355	0.0012405746860581642	0.007990040068214788	7.428230512220939E-5	0.21882192137451528
24	file:/C:/Users/apovzner/Documents/Hakluyt/text-data/CC_ML_FR_trimmed_MAlem_AMER_chunked_med_chap/07_30_AMER_1578_Experiences_and_reasons_of_the_Sphere_to_proove_all_parts_of_the_worlde_habitable_and_thereby_to_con_pp.250-309_1.txt	0.01586464380367862	9.715016479402694E-5	3.817061236639704E-5	0.0797694579085401	0.0013668081718245313	5.183613150375175E-5	0.01319335524040971	0.026705334109036704	0.7610504197338441	2.3862701127206934E-4	4.843681967486718E-6	5.051069548891371E-5	4.90731494064707E-5	7.609119930017036E-6	0.033869975805123805	5.532591415380413E-5	1.2178595400352342E-4	1.1713067898615895E-4	7.871240916702833E-5	0.0672692297045028
25	file:/C:/Users/apovzner/Documents/Hakluyt/text-data/CC_ML_FR_trimmed_MAlem_AMER_chunked_med_chap/07_30_AMER_1578_Experiences_and_reasons_of_the_Sphere_to_proove_all_parts_of_the_worlde_habitable_and_thereby_to_con_pp.250-309_2.txt	3.5644225573841856E-4	9.657420825911593E-5	3.7944317190464074E-5	0.15399587445243956	1.730013540324571E-4	5.152882004681918E-5	7.239781666381268E-5	0.0621181211595067	0.6249254109322138	2.372123066563868E-4	4.814966110049737E-6	5.021124190371991E-5	4.8782218339608954E-5	7.564009122867028E-6	0.004026585270437703	0.011912034618069682	1.2106394374016035E-4	1.1643626760617136E-4	7.824576120472734E-5	0.1415697540807179
26	file:/C:/Users/apovzner/Documents/Hakluyt/text-data/CC_ML_FR_trimmed_MAlem_AMER_chunked_med_chap/07_30_AMER_1578_Experiences_and_reasons_of_the_Sphere_to_proove_all_parts_of_the_worlde_habitable_and_thereby_to_con_pp.250-309_3.txt	3.4459327588930936E-4	9.336385418581631E-5	3.6682958744489126E-5	0.16607101032100907	1.672503816805608E-4	4.981588074023145E-5	6.999114277215558E-5	0.06463832090520888	0.6511492304759205	2.2932681105006637E-4	4.6549052993752804E-6	4.854210199693922E-5	4.716058254083581E-5	7.312563649631377E-6	0.045159103285940014	5.3169653316639E-5	1.1703949319666595E-4	1.1256565191355975E-4	7.564468786713343E-5	0.07152522106707812
27	file:/C:/Users/apovzner/Documents/Hakluyt/text-data/CC_ML_FR_trimmed_MAlem_AMER_chunked_med_chap/07_30_AMER_1578_Experiences_and_reasons_of_the_Sphere_to_proove_all_parts_of_the_worlde_habitable_and_thereby_to_con_pp.250-309_4.txt	3.395336322311917E-4	0.0012214502031744777	3.614434492768277E-5	0.20768143003445394	1.6479465374795996E-4	4.908443696957058E-5	6.896346676560082E-5	0.15969310252261149	0.2519257072115489	2.2595961840194713E-4	4.586557587086525E-6	4.78293610478111E-5	4.646812636405736E-5	7.205193689498075E-6	0.09870998056592566	0.0011818461714924269	1.1532100891117445E-4	0.1966364665616332	7.453400117642688E-5	0.08176959232733995
28	file:/C:/Users/apovzner/Documents/Hakluyt/text-data/CC_ML_FR_trimmed_MAlem_AMER_chunked_med_chap/07_30_AMER_1578_Experiences_and_reasons_of_the_Sphere_to_proove_all_parts_of_the_worlde_habitable_and_thereby_to_con_pp.250-309_5.txt	0.08668205931366225	0.029233595634238236	0.006511361122954022	0.3506950011373374	1.5750113145045945E-4	4.691204589160908E-5	6.591126470001001E-5	0.12995650831171718	5.423877643957898E-5	2.1595904206243884E-4	4.383564593871174E-6	4.5712517428533605E-5	4.441152860404951E-5	6.886304455915673E-6	0.12564586288598584	5.007032254308238E-5	1.1021710334910268E-4	0.22787404967539726	7.123525702946193E-5	0.04252812306015973
29	file:/C:/Users/apovzner/Documents/Hakluyt/text-data/CC_ML_FR_trimmed_MAlem_AMER_chunked_med_chap/07_30_AMER_1578_Experiences_and_reasons_of_the_Sphere_to_proove_all_parts_of_the_worlde_habitable_and_thereby_to_con_pp.250-309_6.txt	0.026909276368023764	8.33337796870387E-5	3.274211019821406E-5	0.15539200632048	1.4928268098060552E-4	4.446416299674256E-5	6.247199756996501E-5	0.09145792872740299	0.013352259948659592	0.05340809570580815	4.154829040263629E-6	4.332722624440705E-5	4.209412335901044E-5	6.526975277959395E-6	0.15183018591760092	0.032788014848168644	0.0011276083586607604	0.33569118411350646	6.751818257918667E-5	0.1375075236237554
30	file:/C:/Users/apovzner/Documents/Hakluyt/text-data/CC_ML_FR_trimmed_MAlem_AMER_chunked_med_chap/07_30_AMER_1578_Experiences_and_reasons_of_the_Sphere_to_proove_all_parts_of_the_worlde_habitable_and_thereby_to_con_pp.250-309_7.txt	0.08430022078410893	9.241049276175914E-5	3.630837997316212E-5	0.38108058206157924	1.655425466362219E-4	4.930719845180912E-5	6.927644588944282E-5	0.054901618553597195	5.700800429528866E-5	2.2698509822058043E-4	4.6073729092039046E-6	4.804642657854415E-5	0.005719594300338727	7.237893252234904E-6	0.11163837288164055	5.2626724826329545E-5	0.0103270918890851	0.269007600781073	0.003478621432943622	0.07873694073183918
31	file:/C:/Users/apovzner/Documents/Hakluyt/text-data/CC_ML_FR_trimmed_MAlem_AMER_chunked_med_chap/07_30_AMER_1578_Experiences_and_reasons_of_the_Sphere_to_proove_all_parts_of_the_worlde_habitable_and_thereby_to_con_pp.250-309_8.txt	0.04541618378133331	8.956515767024237E-5	3.519043865972164E-5	0.30226845293786797	1.6044546292845046E-4	4.778902126406264E-5	6.714341211141752E-5	0.057609784394015665	0.0022545508144072536	2.1999618769844479E-4	4.465511098640261E-6	4.656706877533062E-5	4.524175922176244E-5	7.015037264307972E-6	0.1411904794747733	5.100633884607085E-5	0.0012119265538299152	0.22883498772201313	7.256693133353253E-5	0.2203666419948876
32	file:/C:/Users/apovzner/Documents/Hakluyt/text-data/CC_ML_FR_trimmed_MAlem_AMER_chunked_med_chap/07_30_AMER_1578_Experiences_and_reasons_of_the_Sphere_to_proove_all_parts_of_the_worlde_habitable_and_thereby_to_con_pp.250-309_9.txt	0.00617513244987406	9.488659745590022E-5	3.728124947532982E-5	0.5462343378490362	0.0024999457717916032	5.062836644791782E-5	0.0058960516182948374	0.010938319250411156	5.853551251238143E-5	0.015377856312549423	4.730825748239724E-6	4.933381266244423E-5	4.792976093758846E-5	7.431829902954369E-6	0.08317511919991222	5.403683829380875E-5	0.0012839321679392558	0.21097646705066284	7.687843555644825E-5	0.11696116510053556
33	file:/C:/Users/apovzner/Documents/Hakluyt/text-data/CC_ML_FR_trimmed_MAlem_AMER_chunked_med_chap/07_31_AMER_1578_A_letter_of_M_Martin_Frobisher_to_certaine_Englishmen_which_were_trecherously_taken_by_the_Salvages__pp.309-322_0.txt	0.041360222339653314	8.359035419706792E-5	3.284291914883383E-5	0.4083384048810985	1.4974230408749316E-4	4.4601062713491195E-5	6.26643412057302E-5	0.05479298494861521	5.1566863553000226E-5	0.008415660802992943	4.167621250448553E-6	4.346062547202319E-5	4.222372601373831E-5	6.547071036128585E-6	0.11740370601698236	0.007231651557509694	1.0478758376751871E-4	0.2525687476610319	6.772606280108921E-5	0.1091947012568696
34	file:/C:/Users/apovzner/Documents/Hakluyt/text-data/CC_ML_FR_trimmed_MAlem_AMER_chunked_med_chap/07_31_AMER_1578_A_letter_of_M_Martin_Frobisher_to_certaine_Englishmen_which_were_trecherously_taken_by_the_Salvages__pp.309-322_1.txt	0.0880106853026944	7.851392414024598E-5	3.084837344410034E-5	0.36426075400034463	1.4064847573194608E-4	4.189244665964381E-5	5.8858744875347944E-5	0.16617736252770887	0.005832230892154628	0.09080565031244674	3.9145222178574345E-6	4.082126800603702E-5	0.0096793189464848	6.149468364011695E-6	0.02640875870785642	0.0010086787331358056	9.84238490408409E-5	0.21216716973849545	0.020306897937401012	0.014842421828797202
35	file:/C:/Users/apovzner/Documents/Hakluyt/text-data/CC_ML_FR_trimmed_MAlem_AMER_chunked_med_chap/07_32_AMER_1578_Articles_and_orders_prescribed_by_M_Martin_Frobisher_to_the_Captaines_and_company_of_every_ship_whic_pp.322-367_0.txt	0.21556493862266793	1.0370616556649222E-4	4.0746486166406875E-5	0.2112060159956411	1.8577741809054694E-4	5.533419781069746E-5	0.0038975462520661227	0.0374203657070926	6.397630134171316E-5	0.006621066805344071	5.170548965476324E-6	5.3919317176227994E-5	5.238476093176486E-5	8.12260743922237E-6	0.07944671714704254	0.036983811110558325	1.3000445584770775E-4	0.29934284994883886	8.402417180166432E-5	0.10873352197961059
36	file:/C:/Users/apovzner/Documents/Hakluyt/text-data/CC_ML_FR_trimmed_MAlem_AMER_chunked_med_chap/07_32_AMER_1578_Articles_and_orders_prescribed_by_M_Martin_Frobisher_to_the_Captaines_and_company_of_every_ship_whic_pp.322-367_1.txt	0.027216417554475264	9.940290562027961E-5	3.905572148611039E-5	0.3562166874789354	1.7806863319995845E-4	5.30381198890631E-5	7.451837780164223E-5	0.06149671907116013	0.011045222287830735	2.4416035042469934E-4	4.9559984019536635E-6	5.168194935278043E-5	5.0211069114328475E-5	7.785561989117446E-6	0.13473090015800573	5.6608824438395724E-5	1.2460995529296574E-4	0.4004220043457933	8.053761098772738E-5	0.007807414025800508
37	file:/C:/Users/apovzner/Documents/Hakluyt/text-data/CC_ML_FR_trimmed_MAlem_AMER_chunked_med_chap/07_32_AMER_1578_Articles_and_orders_prescribed_by_M_Martin_Frobisher_to_the_Captaines_and_company_of_every_ship_whic_pp.322-367_2.txt	0.006329993587831599	9.726618146939606E-5	3.82161956914788E-5	0.24824684391246798	1.7424094278488517E-4	5.189803418455329E-5	7.291656126982297E-5	0.050621215017590815	0.044245383890642795	0.027705499804125275	4.849466289928215E-6	5.057101533472797E-5	4.91317525355143E-5	7.61820673700946E-6	0.15094197143452076	0.0836493549287741	1.2193139072532519E-4	0.34762931651113643	7.880640748438799E-5	0.03988297475840327
38	file:/C:/Users/apovzner/Documents/Hakluyt/text-data/CC_ML_FR_trimmed_MAlem_AMER_chunked_med_chap/07_32_AMER_1578_Articles_and_orders_prescribed_by_M_Martin_Frobisher_to_the_Captaines_and_company_of_every_ship_whic_pp.322-367_3.txt	0.08660474749845062	9.62319007054701E-5	3.780982345112758E-5	0.40747273783901955	1.7238815024498853E-4	5.134617599878145E-5	7.21412023983869E-5	0.04535693013741371	0.0343228927028955	0.001417872447422253	4.797899449087873E-6	5.003326801512777E-5	4.860930962907161E-5	7.53719847119017E-6	0.06899486475267017	5.480297319696964E-5	1.2063483225000739E-4	0.354566305695749	7.796841888337708E-5	4.693477736857122E-4
39	file:/C:/Users/apovzner/Documents/Hakluyt/text-data/CC_ML_FR_trimmed_MAlem_AMER_chunked_med_chap/07_32_AMER_1578_Articles_and_orders_prescribed_by_M_Martin_Frobisher_to_the_Captaines_and_company_of_every_ship_whic_pp.322-367_4.txt	0.0665991156030931	9.466602867868656E-5	0.0011994703097214109	0.4810394232961959	1.6958307437889124E-4	5.051067820554057E-5	7.096733084450475E-5	0.08762309024486868	5.839944370219535E-5	2.325253028698914E-4	4.7198287004112875E-6	4.9219133676939456E-5	0.003534645513027794	7.414554232015526E-6	0.08298177435639992	5.3911226883277376E-5	1.1867187913475968E-4	0.270924378965627	7.669972767799717E-5	0.005110813502081142
40	file:/C:/Users/apovzner/Documents/Hakluyt/text-data/CC_ML_FR_trimmed_MAlem_AMER_chunked_med_chap/07_32_AMER_1578_Articles_and_orders_prescribed_by_M_Martin_Frobisher_to_the_Captaines_and_company_of_every_ship_whic_pp.322-367_5.txt	0.03848210731681881	0.0013295722392470055	3.9343820564046947E-5	0.4190867291081346	1.793821772104711E-4	5.3429361757196606E-5	7.506807129383942E-5	0.09514513084720144	6.177396770018758E-5	0.0027048335807183924	4.9925569013367995E-6	5.206318727101464E-5	5.058145691318635E-5	7.842993093829731E-6	0.07548239058432575	5.702640602447843E-5	1.2552915514014784E-4	0.3640338094450917	8.113170605451622E-5	0.0029472620185380734
41	file:/C:/Users/apovzner/Documents/Hakluyt/text-data/CC_ML_FR_trimmed_MAlem_AMER_chunked_med_chap/07_32_AMER_1578_Articles_and_orders_prescribed_by_M_Martin_Frobisher_to_the_Captaines_and_company_of_every_ship_whic_pp.322-367_6.txt	0.08504559724252804	9.715016479402694E-5	3.817061236639704E-5	0.41732479968775366	1.740331125340241E-4	5.183613150375175E-5	7.282958821413109E-5	0.06248858588775193	5.9931906500532556E-5	0.0014314020705625766	4.843681967486718E-6	5.051069548891371E-5	4.90731494064707E-5	7.609119930017036E-6	0.06726767746525801	5.532591415380413E-5	0.0013145610132940305	0.29473257032374145	7.871240916702833E-5	0.06965477982308382
42	file:/C:/Users/apovzner/Documents/Hakluyt/text-data/CC_ML_FR_trimmed_MAlem_AMER_chunked_med_chap/07_32_AMER_1578_Articles_and_orders_prescribed_by_M_Martin_Frobisher_to_the_Captaines_and_company_of_every_ship_whic_pp.322-367_7.txt	0.08963626594015862	9.444648297023645E-5	3.710832707767126E-5	0.3859978179939649	1.691897840219879E-4	5.039353583899459E-5	7.080274621848273E-5	0.05263247168391701	5.826400602281187E-5	0.00834904756927845	4.708882660419348E-6	4.9104986609366974E-5	4.770744732693509E-5	7.3973586911818155E-6	0.07931058565264337	5.378619809877352E-5	1.1839666000767263E-4	0.35494541781906463	7.65218487040291E-5	0.028290565076724523
43	file:/C:/Users/apovzner/Documents/Hakluyt/text-data/CC_ML_FR_trimmed_MAlem_AMER_chunked_med_chap/07_33_AMER_1578_A_generall_and_briefe_description_of_the_country_and_condition_of_the_people_which_are_founde_in_Met_pp.367-375_0.txt	0.0019117939845767864	8.986753294955253E-4	2.6593004776507743E-5	0.16692734388924999	1.2124676828507113E-4	3.6113606966611776E-5	5.073949478878356E-5	0.031901155564798056	0.10807071157912204	1.6624855765081596E-4	3.374534745757788E-6	3.519019169794365E-5	3.418867069875447E-5	5.301181985282969E-6	0.08758318587214543	0.005024496792256477	8.484680375152572E-5	0.14633619247484628	8.85829967761468E-4	0.4498967717304008
44	file:/C:/Users/apovzner/Documents/Hakluyt/text-data/CC_ML_FR_trimmed_MAlem_AMER_chunked_med_chap/07_34_AMER_1583_The_letters_patents_of_her_Majesty_graunted_to_M_Adrian_Gilbert_and_others_for_the_search_and_discov_pp.375-381_0.txt	0.025081655644363144	1.0063104045617784E-4	3.953825961514115E-5	0.06533041735920696	1.802686925468055E-4	5.369341222946141E-5	7.543906130804217E-5	0.0980863666714369	6.207925761585288E-5	0.02001536911947819	5.0172303573589335E-6	5.232048604334502E-5	0.7895430049683841	7.881753542434873E-6	4.891956559375556E-4	5.7308233262294904E-5	1.261495262545996E-4	1.2132745343979527E-4	8.153266284297081E-5	4.908035116789412E-4
45	file:/C:/Users/apovzner/Documents/Hakluyt/text-data/CC_ML_FR_trimmed_MAlem_AMER_chunked_med_chap/07_35_AMER_1585_The_first_voyage_of_M_John_Davis_for_the_discovery_of_a_Northwest_passage_1585_pp.381-393_0.txt	0.10905759503220219	0.050274364110132225	3.346105409422054E-5	0.16821454416134943	0.0022437772842857943	4.544049709323244E-5	6.384374365023773E-5	0.04536815755032284	0.010508620839682221	0.04621595191531189	4.246059842413056E-6	4.427859573924821E-5	4.3018416657869204E-5	6.67029313398842E-6	0.20744445620559623	4.849970413213427E-5	1.067597856621131E-4	0.3158763987373012	6.900073165561746E-5	0.04433091528215488
46	file:/C:/Users/apovzner/Documents/Hakluyt/text-data/CC_ML_FR_trimmed_MAlem_AMER_chunked_med_chap/07_35_AMER_1585_The_first_voyage_of_M_John_Davis_for_the_discovery_of_a_Northwest_passage_1585_pp.381-393_1.txt	0.056481888170662416	8.472068083585177E-5	3.3287028122482047E-5	0.07996538092817654	1.5176715153417263E-4	4.520416781799016E-5	6.351170182343603E-5	0.01704760666680433	5.2264161705548704E-5	0.07614052803063283	4.223976715920536E-6	4.4048309340348735E-5	4.279468426317367E-5	6.635601930263806E-6	0.2812578292991817	4.8247464375524756E-5	1.06204543875942E-4	0.24870284422776945	6.86418691002651E-5	0.23965237133533188
47	file:/C:/Users/apovzner/Documents/Hakluyt/text-data/CC_ML_FR_trimmed_MAlem_AMER_chunked_med_chap/07_36_AMER_1586_The_second_voyage_of_M_John_Davis_for_the_discovery_of_the_Northwest_pass_1586_pp.393-407_0.txt	0.07770668629284928	7.88178349757003E-5	3.096778098930286E-5	0.19535601366115704	1.4119289630744452E-4	0.005848238133007422	5.9086574658723794E-5	0.032310681603899695	4.862269792699829E-5	0.01761214845261499	3.929674507475624E-6	4.0979278522004344E-5	3.981299877213279E-5	6.173271658632002E-6	0.1929549092874765	4.488586077954241E-5	9.880482699498318E-5	0.2797595346789968	6.385930162259565E-5	0.1977946548922827
48	file:/C:/Users/apovzner/Documents/Hakluyt/text-data/CC_ML_FR_trimmed_MAlem_AMER_chunked_med_chap/07_36_AMER_1586_The_second_voyage_of_M_John_Davis_for_the_discovery_of_the_Northwest_pass_1586_pp.393-407_1.txt	0.12511748514124613	7.476617758627507E-5	2.9375871763198205E-5	0.25599601063156796	1.3393482785333414E-4	3.989277240663305E-5	9.740016605217804E-4	0.04166516953272296	4.612323174132534E-5	0.09014298611434446	3.727668264077055E-6	3.887272488870317E-5	3.776639814271914E-5	5.855932546991382E-6	0.12887680248009858	4.257848796773892E-5	9.372573153989327E-5	0.2699681637015216	6.0576592685176935E-5	0.08665218432059038
49	file:/C:/Users/apovzner/Documents/Hakluyt/text-data/CC_ML_FR_trimmed_MAlem_AMER_chunked_med_chap/07_37_AMER_1586_A_letter_of_M_J_Davis_to_M_Wil_Sanderson_of_London_concerning_his_second_voyage_pp.407-408_0.txt	0.0027995317374159188	7.585031142761591E-4	2.980183143808759E-4	0.3247984932126408	0.019984030456005532	4.047123055424976E-4	5.686194108778813E-4	0.2830038211937476	4.679203357147207E-4	0.00186308825707113	3.781720663769614E-5	3.9436392016240147E-4	3.831402317336655E-4	5.94084546954218E-5	0.00368729595596887	0.0656203730731834	9.508478506713253E-4	0.20579237475754292	0.009927180325765601	0.07820045988596552
50	file:/C:/Users/apovzner/Documents/Hakluyt/text-data/CC_ML_FR_trimmed_MAlem_AMER_chunked_med_chap/07_38_AMER_1586_The_voyage_and_course_which_the_Sunshine_a_barke_of_50_tunnes_pp.408-413_0.txt	0.3398009857790533	0.05756619462266149	4.2760994683613135E-5	0.07199167033440203	1.949622638590771E-4	5.806992359395107E-5	8.158804486919349E-5	0.005864988076913668	6.713929319887336E-5	0.06039712082266568	5.426181190720118E-6	5.658509118309214E-5	5.497466639349905E-5	8.524189597777353E-6	0.1488492346476317	6.197938608602324E-5	1.3643188329532627E-4	0.260693668804478	8.81783314770379E-5	0.05397951666276602
51	file:/C:/Users/apovzner/Documents/Hakluyt/text-data/CC_ML_FR_trimmed_MAlem_AMER_chunked_med_chap/07_39_AMER_1587_The_third_voyage_Northwestward_made_by_M_John_Davis_Gentleman_for_the_discovery_of_a_passage_to_the__pp.414-422_0.txt	0.14202443831584147	6.524358647590603E-5	2.563441507325605E-5	0.17612987830458124	1.1687622405333064E-4	3.481183110200342E-5	4.8910504132726224E-5	0.004316987931404664	4.024874824168923E-5	0.10589720258156818	3.2528939500773355E-6	3.3921701893929414E-5	3.295628240810743E-5	5.110091940782064E-6	0.17093814956572706	0.0040423428568822995	8.178835762580324E-5	0.3461268513027626	5.286125746779644E-5	0.04998253324686701
52	file:/C:/Users/apovzner/Documents/Hakluyt/text-data/CC_ML_FR_trimmed_MAlem_AMER_chunked_med_chap/07_40_AMER_1587_A_letter_of_M_John_Davis_to_M_Wil_Sanderson_of_London_concerning_his_3_voyage_pp.423-423_0.txt	0.005238953818633424	0.018846796307454686	5.577019061014587E-4	0.2766976723597012	0.0025427571780440987	7.573656159107877E-4	0.0010640961108436923	0.18105710696878863	8.756510943760986E-4	0.09062331320264383	7.076990643709675E-5	7.379999797298644E-4	0.10528114390954142	1.1117507489769566E-4	0.02432764520689786	8.083540154976745E-4	0.0017793861422024822	0.24569438002576938	0.0011500486344026973	0.041777682542125855
53	file:/C:/Users/apovzner/Documents/Hakluyt/text-data/CC_ML_FR_trimmed_MAlem_AMER_chunked_med_chap/07_41_AMER_1587_A_traverse-booke_of_M_John_Davis_contayning_all_the_principall_notes_and_observations_taken_in_his_t_pp.424-439_0.txt	3.309367184260833E-4	0.0022913829712202286	3.5229178392210324E-5	0.009772552488516962	1.6062209085778583E-4	4.784163026725147E-5	6.721732758171687E-5	0.0015293646990638635	5.5313543446089166E-5	0.17195433713369776	4.470426999435342E-6	0.0011474779400232188	4.529156404705933E-5	7.022759835476955E-6	0.07749605313889806	0.0033536413119927395	1.1240110737737751E-4	0.7310788839106993	7.26468173370737E-5	4.373132413202952E-4
54	file:/C:/Users/apovzner/Documents/Hakluyt/text-data/CC_ML_FR_trimmed_MAlem_AMER_chunked_med_chap/07_42_AMER_1587_A_report_of_M_John_Davis_concerning_his_three_voyages_made_for_the_discovery_of_the_Northwest_passag_pp.440-444_0.txt	0.018880768185223898	0.0013344942654284742	3.9489469900862905E-5	0.22320018795548097	0.005115995852885196	5.362715523517793E-5	7.534597045673853E-5	0.2448098302172291	6.200265259400404E-5	0.07305212870969614	5.011039158302971E-6	5.225592322267964E-5	5.076870755506537E-5	7.872027557854619E-6	0.14363113067404804	0.0358428721854712	1.2599385932838162E-4	0.21853694796319706	8.143205256413776E-5	0.03504184513376677
55	file:/C:/Users/apovzner/Documents/Hakluyt/text-data/CC_ML_FR_trimmed_MAlem_AMER_chunked_med_chap/07_43_AMER_1385_The_voyage_of_M_Nicolas_Zeno_and_M_Anthony_his_brother_pp.445-464_0.txt	0.03504197030157413	8.085208380404735E-5	3.176704389995524E-5	0.3224968379411281	0.0011375100504122683	4.3140011726224406E-5	6.061156954481279E-5	0.12844121558146246	0.016925319240748065	0.019059382215650764	4.031097437515279E-6	4.203693316762605E-5	0.0278356855658401	6.332600706968737E-6	0.0410926390952773	0.22041945837810814	1.0135493007268816E-4	0.014987576175063164	0.0794793503739668	0.09271292881040895
56	file:/C:/Users/apovzner/Documents/Hakluyt/text-data/CC_ML_FR_trimmed_MAlem_AMER_chunked_med_chap/07_43_AMER_1385_The_voyage_of_M_Nicolas_Zeno_and_M_Anthony_his_brother_pp.445-464_1.txt	0.002383117687218212	8.436964564069002E-5	3.314910526470934E-5	0.19254283322151727	1.5113831320175692E-4	4.5016866987596004E-5	6.324854479466E-5	0.0843078972502312	0.011446512066829924	0.00952997825661725	4.2064749149883084E-6	4.38657977420792E-5	4.2617366987226424E-5	6.608107701043446E-6	0.0615259083783636	0.12953059822004273	0.11819385069914039	0.036356835824385925	6.835745552286992E-5	0.35363989071689594
57	file:/C:/Users/apovzner/Documents/Hakluyt/text-data/CC_ML_FR_trimmed_MAlem_AMER_chunked_med_chap/07_43_AMER_1385_The_voyage_of_M_Nicolas_Zeno_and_M_Anthony_his_brother_pp.445-464_2.txt	0.03794465613613715	8.069188249206764E-5	3.170410028896774E-5	0.34662549228635275	0.009060905307224894	4.3054533577088375E-5	0.00303260989798599	0.16385214167862241	4.977879725803501E-5	0.012086674730067538	4.023110171537409E-6	4.195364067189547E-5	0.0010314657719996193	6.320053214142717E-6	0.1638587792000035	0.14865187435700947	0.020905983078816356	0.011985761182583422	0.023842325080474923	0.056863805175048306
58	file:/C:/Users/apovzner/Documents/Hakluyt/text-data/CC_ML_FR_trimmed_MAlem_AMER_chunked_med_chap/07_44_AMER_1385_A_testimony_of_Ortelius_for_the_credit_of_the_history_of_M_Nicolas_andamp_M_Antonio_Zeni_pp.464-466_0.txt	0.0010683613834738081	2.8946106440117024E-4	1.1373018365791879E-4	0.052872081222135194	5.185355073967358E-4	1.544469001295769E-4	2.1699736865147807E-4	0.2963570131959071	1.7856844076400547E-4	7.109944571286003E-4	1.4431857536238194E-5	0.0037043974006247915	1.462145338696123E-4	2.2671541101022486E-5	0.019176649591019352	0.2951385170969359	0.10697985393552255	3.489934482895485E-4	2.3452536377446565E-4	0.2217535555076809
59	file:/C:/Users/apovzner/Documents/Hakluyt/text-data/CC_ML_FR_trimmed_MAlem_AMER_chunked_med_chap/08_01_AMER_1527_The_voyage_of_two_ships_whereof_the_one_was_called_The_Dominus_vobiscum_set_out_the_20_of_May_1527_f_pp.001-002_0.txt	0.0014708636152707731	0.07868366119778271	1.565777195695472E-4	0.317432576056825	7.138923428474198E-4	0.08339060247033658	2.9875053431934774E-4	0.34929484823478935	0.024709951884223154	0.0156573246387901	1.9869020426218414E-5	2.0719734432367577E-4	2.0130045995607742E-4	3.121298225810254E-5	0.04597268653900873	0.01490541456970668	0.02985650186779751	0.034730227356171456	3.2288215370755263E-4	0.0019436590118899672
60	file:/C:/Users/apovzner/Documents/Hakluyt/text-data/CC_ML_FR_trimmed_MAlem_AMER_chunked_med_chap/08_02_AMER_1536_The_voyage_of_M_Hore_and_divers_other_gentlemen_to_Newfoundland_and_Cape_Briton_in_the_yere_1536_pp.003-007_0.txt	0.06872305453768515	0.11999403876473322	4.460881439595475E-5	0.2855904864254845	2.0338711732628627E-4	0.05024311516034473	8.511368777615052E-5	0.1246049733184795	0.004251918555658213	0.017006387968230032	5.660661343512082E-6	0.026544257556012127	5.735027231644173E-5	8.892543179985918E-6	0.06328010203537855	6.46576851343958E-5	1.423274786903886E-4	0.033591910920247464	9.19887587206096E-5	0.20546576773886285
61	file:/C:/Users/apovzner/Documents/Hakluyt/text-data/CC_ML_FR_trimmed_MAlem_AMER_chunked_med_chap/08_03_AMER_1578_An_act_against_the_exaction_of_money_or_any_other_thing_by_any_officer_for_licence_to_traffique_into_pp.007-009_0.txt	0.0063020159889503975	3.9465279791579393E-4	1.5506035425154503E-4	0.16899420937450949	7.06974146026046E-4	2.1057374811930766E-4	2.958553989146617E-4	0.2732288038050493	2.4346118851171667E-4	9.693737304148762E-4	1.9676473475219876E-5	2.0518943371466186E-4	0.5138124108328991	3.0910503100275585E-5	0.030990955143367926	2.2475028080848168E-4	4.94730684155152E-4	4.7581957561956107E-4	3.197531633046743E-4	0.0019248233768917565
