0	file:/C:/Users/apovzner/Documents/Hakluyt/text-data/CC_ML_FR_trimmed_cleaned_EN_cl_MAlem_chunked_pages/01_01_NNE-_0517_The_voyage_of_Arthur_K_of_Britaine_to_Island_and_the_most_Northeastern_parts_of_Europe_Anno_517_pp.003-004_0.txt	0.001989139974119821	0.0013780512270701493	0.0010822994434561872	0.7180918975484145	0.13252049324734227	0.0025769219319398936	4.045786986744815E-4	0.12001534532982447	0.0024669942856037756	0.01557877444190804	0.001960459185358183	0.0011218024471781175	8.132422391100348E-4
1	file:/C:/Users/apovzner/Documents/Hakluyt/text-data/CC_ML_FR_trimmed_cleaned_EN_cl_MAlem_chunked_pages/01_02_NNE-_0517_Two_testimonies_of_Galfridus_Monumetensis_in_his_history_of_the_Kings_of_Brittaine_concerning_the_co_pp.004-004_0.txt	0.002078526413780091	0.13625166573596423	0.0011309349820082936	0.7503609579995992	0.0036639083703403196	0.00269272166437476	4.2275934453521306E-4	0.05051311984097849	0.002577854174159346	0.0012997648826676004	0.0020485567898296756	0.0011722131412771092	0.045787016660485645
2	file:/C:/Users/apovzner/Documents/Hakluyt/text-data/CC_ML_FR_trimmed_cleaned_EN_cl_MAlem_chunked_pages/01_03_NNE-_0580_A_testimony_of_M_Lambard_in_his_touching_the_right_and_appendances_of_the_Crowne_of_the_kingdome_of__pp.005-007_0.txt	0.005403127359211296	4.561238366287088E-4	3.582323826813897E-4	0.6314958842767847	0.001160571249730495	0.04355558307002393	1.3391228470511783E-4	0.14885308669580774	0.005561293280493506	0.1000512101987374	6.488961713569506E-4	3.713075581625751E-4	0.06195077163567609
3	file:/C:/Users/apovzner/Documents/Hakluyt/text-data/CC_ML_FR_trimmed_cleaned_EN_cl_MAlem_chunked_pages/01_04_NNE-_0580_The_voyage_of_Malgo_king_of_Britaine_to_Island_Gotland_Orkney_Denmark_and_Norway_Anno_580_pp.007-008_0.txt	0.0025340124019137705	0.0017555320114731646	0.0013787668278678637	0.8234863573280243	0.004466813213613716	0.13111382565567284	5.154023614878671E-4	0.02505935957102232	0.0031427622975283894	0.0015845939269358558	0.0024974752675922815	0.0014290906374773466	0.0010360084993902075
4	file:/C:/Users/apovzner/Documents/Hakluyt/text-data/CC_ML_FR_trimmed_cleaned_EN_cl_MAlem_chunked_pages/01_05_NNE-_0624_The_conquest_of_the_Isles_of_Anglesey_and_Man_by_Edwin_the_Saxon_king_of_Northumberland_Anno_624_pp.008-010_0.txt	0.07042830449106104	7.408501823242717E-4	5.818519110633596E-4	0.7790852619760185	0.0018850350560894761	0.009091919262088929	2.1750439808740756E-4	0.12617348785968627	0.0013262737483049	6.687127845052728E-4	0.00876050448647701	6.030890080121937E-4	4.372048362813138E-4
5	file:/C:/Users/apovzner/Documents/Hakluyt/text-data/CC_ML_FR_trimmed_cleaned_EN_cl_MAlem_chunked_pages/01_06_NNE-_0624_The_voyage_of_Bertus_into_Ireland_Anno_684_pp.010-010_0.txt	0.001881268735353381	0.0013033193857308052	0.0010236062478033736	0.5300169636514473	0.016873716100248876	0.002437175225011556	3.8263835964738916E-4	0.4253299168717544	0.015890731332468686	0.0011764137423810079	0.00185414330833238	0.0010609670000990988	7.691400397216732E-4
6	file:/C:/Users/apovzner/Documents/Hakluyt/text-data/CC_ML_FR_trimmed_cleaned_EN_cl_MAlem_chunked_pages/01_07_NNE-_0890_The_voyage_of_Octher_to_the_North_parts_beyond_Norway_about_the_yeere_890_pp.011-014_0.txt	0.4769740142666365	6.829547278243738E-4	5.363817449672099E-4	0.22090072649584067	0.0017377246228543093	0.2215104581884847	2.0050701280838846E-4	0.023957447417470676	0.05095274021914482	6.164546741443318E-4	9.715929589886974E-4	5.559592197556583E-4	4.030384510795877E-4
7	file:/C:/Users/apovzner/Documents/Hakluyt/text-data/CC_ML_FR_trimmed_cleaned_EN_cl_MAlem_chunked_pages/01_07_NNE-_0890_The_voyage_of_Octher_to_the_North_parts_beyond_Norway_about_the_yeere_890_pp.011-014_1.txt	0.1778049452101286	7.081077841472033E-4	5.561365540226753E-4	0.10381527437948948	0.0018017245975692688	0.3843536117033309	2.078916372656462E-4	0.14269501515585611	0.1854164406158951	6.391585496832259E-4	0.0010073764910804347	5.764350624403677E-4	4.178822590909406E-4
8	file:/C:/Users/apovzner/Documents/Hakluyt/text-data/CC_ML_FR_trimmed_cleaned_EN_cl_MAlem_chunked_pages/01_07_NNE-_0890_The_voyage_of_Octher_to_the_North_parts_beyond_Norway_about_the_yeere_890_pp.011-014_2.txt	0.0010861162709429927	7.524477308723005E-4	5.90960440624829E-4	0.047698417766035554	0.02539611060577019	0.6354093542399009	2.2090929407908374E-4	0.08118552229208009	0.009174224571449046	6.791810669840005E-4	0.0010704558992533245	0.19629225081610183	4.4404900590586295E-4
9	file:/C:/Users/apovzner/Documents/Hakluyt/text-data/CC_ML_FR_trimmed_cleaned_EN_cl_MAlem_chunked_pages/01_07_NNE-_0890_The_voyage_of_Octher_to_the_North_parts_beyond_Norway_about_the_yeere_890_pp.011-014_3.txt	0.28843447201353467	7.466039209991818E-4	5.863708056032145E-4	7.295742525947229E-4	0.08733007230305212	0.6071753119197703	2.191936241915469E-4	0.010657405271552711	0.0013365741204195412	6.739062753113947E-4	0.0010621423108190251	6.077728383366007E-4	4.406003438149388E-4
10	file:/C:/Users/apovzner/Documents/Hakluyt/text-data/CC_ML_FR_trimmed_cleaned_EN_cl_MAlem_chunked_pages/01_08_NNE-_0890_The_second_voyage_of_Octher_into_the_Sound_of_Denmarke_pp.014-015_0.txt	0.2906921030919312	0.008579636563871982	0.00841814927362451	0.6190832025750123	0.0019145441067711492	0.0014070587669267635	2.2090929407908374E-4	0.0029136339620832816	0.03265579107044809	0.03198793639898272	0.0010704558992533245	6.125299911098295E-4	4.4404900590586295E-4
11	file:/C:/Users/apovzner/Documents/Hakluyt/text-data/CC_ML_FR_trimmed_cleaned_EN_cl_MAlem_chunked_pages/01_09_NNE-_0890_Wolstans_Navigation_into_the_East_sea_or_the_Sound_of_Denmarke_pp.015-016_0.txt	0.14403646949760548	6.550333988783883E-4	5.14452778768293E-4	0.49123768797617606	0.0016666809960434689	0.21926827216745237	1.9230965794354355E-4	0.029791847403213584	0.014800355095951026	0.00740510756972268	9.318711948595484E-4	0.0073470853590394914	0.08215282690434601
12	file:/C:/Users/apovzner/Documents/Hakluyt/text-data/CC_ML_FR_trimmed_cleaned_EN_cl_MAlem_chunked_pages/01_10_NNE-_0973_The_voyage_of_King_Edgar_with_4000_shippes_round_about_his_large_Monarchie_Anno_973_pp.016-023_0.txt	0.0010373968640451348	7.186955367928311E-4	5.644520059962407E-4	0.2773175696813966	0.0018286643019499809	0.08358091433396304	0.08992405971400644	0.5186330314078972	0.001286612389676133	0.023076980272264503	0.0010224389622851898	5.850540212966608E-4	4.2413050842995823E-4
13	file:/C:/Users/apovzner/Documents/Hakluyt/text-data/CC_ML_FR_trimmed_cleaned_EN_cl_MAlem_chunked_pages/01_10_NNE-_0973_The_voyage_of_King_Edgar_with_4000_shippes_round_about_his_large_Monarchie_Anno_973_pp.016-023_1.txt	0.00691164991092736	5.834710280208622E-4	4.5824883465499987E-4	0.11588956171291177	0.0014845961683930282	0.04357717099038666	0.32792117173597113	0.36035640331869245	0.001044532789251349	0.14012382547279573	8.300643066120595E-4	4.749745250638756E-4	3.4432920631865985E-4
14	file:/C:/Users/apovzner/Documents/Hakluyt/text-data/CC_ML_FR_trimmed_cleaned_EN_cl_MAlem_chunked_pages/01_10_NNE-_0973_The_voyage_of_King_Edgar_with_4000_shippes_round_about_his_large_Monarchie_Anno_973_pp.016-023_2.txt	8.222455517247908E-4	5.696414059592294E-4	4.473872701743112E-4	0.15462178436522744	0.03107731858973766	0.01884196191599717	0.515692887683857	0.17404765257169566	0.012870939252852731	0.06569557857196655	0.024512718495727046	4.6371652277228274E-4	3.361678023080415E-4
15	file:/C:/Users/apovzner/Documents/Hakluyt/text-data/CC_ML_FR_trimmed_cleaned_EN_cl_MAlem_chunked_pages/01_10_NNE-_0973_The_voyage_of_King_Edgar_with_4000_shippes_round_about_his_large_Monarchie_Anno_973_pp.016-023_3.txt	0.0010452109534289523	0.008256510240117023	5.687036849636622E-4	0.1814852212734978	0.024439642135733578	0.0013540661112030061	0.18852261941192666	0.5602015894771389	0.008828704870584597	6.536017455634826E-4	0.0010301403827518382	5.894608829088578E-4	0.023024528830181523
16	file:/C:/Users/apovzner/Documents/Hakluyt/text-data/CC_ML_FR_trimmed_cleaned_EN_cl_MAlem_chunked_pages/01_10_NNE-_0973_The_voyage_of_King_Edgar_with_4000_shippes_round_about_his_large_Monarchie_Anno_973_pp.016-023_4.txt	8.078840026212446E-4	5.596919048571124E-4	4.395730907781052E-4	5.469256076541446E-4	0.0014240920586064724	0.006868694551226149	0.33202313179707604	0.508688589839089	0.07086697659113271	0.052903954069389254	0.018262488702360732	0.006277701574896423	3.302962103124985E-4
17	file:/C:/Users/apovzner/Documents/Hakluyt/text-data/CC_ML_FR_trimmed_cleaned_EN_cl_MAlem_chunked_pages/01_10_NNE-_0973_The_voyage_of_King_Edgar_with_4000_shippes_round_about_his_large_Monarchie_Anno_973_pp.016-023_5.txt	7.161547120581588E-4	4.961430027871768E-4	3.8966279717546993E-4	0.12434953533307745	0.0012623968724056647	9.27775223551765E-4	0.5420537637628063	0.3270660302076188	8.881977162202817E-4	4.478330124259871E-4	7.058287006741283E-4	4.03885155895313E-4	2.9279350330340125E-4
18	file:/C:/Users/apovzner/Documents/Hakluyt/text-data/CC_ML_FR_trimmed_cleaned_EN_cl_MAlem_chunked_pages/01_10_NNE-_0973_The_voyage_of_King_Edgar_with_4000_shippes_round_about_his_large_Monarchie_Anno_973_pp.016-023_6.txt	7.894979086561221E-4	5.469542495491316E-4	4.295691395606498E-4	0.07449906399285192	0.0013916820958895862	0.001022791006418178	0.5748085124707025	0.30935542950725115	9.791602674983299E-4	0.02894161421248204	7.781143846002344E-4	4.452480456355726E-4	0.006012362718904575
19	file:/C:/Users/apovzner/Documents/Hakluyt/text-data/CC_ML_FR_trimmed_cleaned_EN_cl_MAlem_chunked_pages/01_10_NNE-_0973_The_voyage_of_King_Edgar_with_4000_shippes_round_about_his_large_Monarchie_Anno_973_pp.016-023_7.txt	9.455041238653816E-4	0.041538166362804135	5.14452778768293E-4	0.1505449132767948	0.049363669453956836	0.008038751853836028	0.2114218299715599	0.36367076660860714	0.0011726441079757785	0.16412378393143803	0.0077457266888471725	5.332298650518674E-4	3.865609764945262E-4
20	file:/C:/Users/apovzner/Documents/Hakluyt/text-data/CC_ML_FR_trimmed_cleaned_EN_cl_MAlem_chunked_pages/01_11_NNE-_0973_The_voyage_of_Edmund_and_Edward_the_sonnes_of_King_Edmund_Ironside_into_Hungary_Anno_1017_pp.024-025_0.txt	0.001881268735353381	0.0013033193857308052	0.0010236062478033736	0.4622293518129617	0.0033161937325517483	0.002437175225011556	0.2579755633458928	0.2626396484593889	0.002333208964771559	0.0011764137423810079	0.00185414330833238	0.0010609670000990988	7.691400397216732E-4
21	file:/C:/Users/apovzner/Documents/Hakluyt/text-data/CC_ML_FR_trimmed_cleaned_EN_cl_MAlem_chunked_pages/01_12_NNE-_1249_A_Chronicle_of_the_Kings_of_Man_taken_out_of_M_Camdens_Chorographie_pp.025-041_0.txt	9.327922999893184E-4	0.12836891333388858	5.075362218213823E-4	0.49135549282163626	0.08903347988574593	0.001208428248922384	1.8972415203220993E-4	0.02939131110985087	0.23643551157845735	0.007305549650477666	0.014363835977455355	5.260608596938735E-4	3.813638600287951E-4
22	file:/C:/Users/apovzner/Documents/Hakluyt/text-data/CC_ML_FR_trimmed_cleaned_EN_cl_MAlem_chunked_pages/01_12_NNE-_1249_A_Chronicle_of_the_Kings_of_Man_taken_out_of_M_Camdens_Chorographie_pp.025-041_1.txt	0.015870921064086684	7.133623766722996E-4	0.007980874586535402	0.4830368162921493	0.03891815029219314	0.016175192433799907	2.0943432026908433E-4	0.3589516230001317	0.07548317653335748	6.439014967496272E-4	0.0010148518403118572	5.807125628973786E-4	4.209832008460635E-4
23	file:/C:/Users/apovzner/Documents/Hakluyt/text-data/CC_ML_FR_trimmed_cleaned_EN_cl_MAlem_chunked_pages/01_12_NNE-_1249_A_Chronicle_of_the_Kings_of_Man_taken_out_of_M_Camdens_Chorographie_pp.025-041_10.txt	0.0010531436539519634	7.296047153503246E-4	5.730199007518238E-4	0.5395723531231706	0.009445990727223848	0.03931218727884606	2.142028688663354E-4	0.16220612749595473	0.10756010634733248	0.1372708021036867	0.0010379587041406658	5.939346368805372E-4	4.305684438438756E-4
24	file:/C:/Users/apovzner/Documents/Hakluyt/text-data/CC_ML_FR_trimmed_cleaned_EN_cl_MAlem_chunked_pages/01_12_NNE-_1249_A_Chronicle_of_the_Kings_of_Man_taken_out_of_M_Camdens_Chorographie_pp.025-041_11.txt	8.795776582181574E-4	6.093603703014246E-4	0.00681733275038485	0.6534867976213645	0.11564798467463802	0.0011394889187271277	1.7890062488061685E-4	0.04039207500698954	0.14054339848842873	0.03858253131682475	8.668953023543005E-4	4.960497412500795E-4	3.596075256378145E-4
25	file:/C:/Users/apovzner/Documents/Hakluyt/text-data/CC_ML_FR_trimmed_cleaned_EN_cl_MAlem_chunked_pages/01_12_NNE-_1249_A_Chronicle_of_the_Kings_of_Man_taken_out_of_M_Camdens_Chorographie_pp.025-041_12.txt	9.788529361493162E-4	6.781370377811978E-4	5.325980080857011E-4	0.5156182859218076	0.28389292768044666	0.0012680995968738138	1.990925989390077E-4	0.01673426058226994	0.14935192153723642	0.021774665684725997	0.008018925693303133	5.520373797151607E-4	4.001953426659908E-4
26	file:/C:/Users/apovzner/Documents/Hakluyt/text-data/CC_ML_FR_trimmed_cleaned_EN_cl_MAlem_chunked_pages/01_12_NNE-_1249_A_Chronicle_of_the_Kings_of_Man_taken_out_of_M_Camdens_Chorographie_pp.025-041_13.txt	0.014774558525399703	6.640833346347211E-4	5.215604538967552E-4	0.6845405064959307	0.27110153867907466	0.008149815179710536	1.949666065093594E-4	0.01638745998372353	0.0011888453487986046	5.994208092841584E-4	9.447459192035231E-4	5.405969642415276E-4	3.919016995922659E-4
27	file:/C:/Users/apovzner/Documents/Hakluyt/text-data/CC_ML_FR_trimmed_cleaned_EN_cl_MAlem_chunked_pages/01_12_NNE-_1249_A_Chronicle_of_the_Kings_of_Man_taken_out_of_M_Camdens_Chorographie_pp.025-041_14.txt	9.788529361493162E-4	0.13470768115111245	5.325980080857011E-4	0.734298068422506	0.058158958647467694	0.015376472661435	1.990925989390077E-4	0.01673426058226994	0.0012140043593439833	0.03588303874928719	9.647391610225407E-4	5.520373797151607E-4	4.001953426659908E-4
28	file:/C:/Users/apovzner/Documents/Hakluyt/text-data/CC_ML_FR_trimmed_cleaned_EN_cl_MAlem_chunked_pages/01_12_NNE-_1249_A_Chronicle_of_the_Kings_of_Man_taken_out_of_M_Camdens_Chorographie_pp.025-041_15.txt	0.0010146402438662731	7.029300357373681E-4	5.520700330456321E-4	0.7757685207430308	0.031036913400927228	0.0013144618938165994	2.0637151473858404E-4	0.09046698068903941	0.00857047970414541	0.08837957449594112	0.0010000104627136109	5.722201169267855E-4	4.148266660711403E-4
29	file:/C:/Users/apovzner/Documents/Hakluyt/text-data/CC_ML_FR_trimmed_cleaned_EN_cl_MAlem_chunked_pages/01_12_NNE-_1249_A_Chronicle_of_the_Kings_of_Man_taken_out_of_M_Camdens_Chorographie_pp.025-041_16.txt	0.0010296987452990812	7.133623766722996E-4	5.602634271416028E-4	0.8095437073054765	0.08344181724855594	0.001333970115012306	2.0943432026908433E-4	0.0027622873492293134	0.001277064939419488	0.09711184656886902	0.0010148518403118572	5.807125628973786E-4	4.209832008460635E-4
30	file:/C:/Users/apovzner/Documents/Hakluyt/text-data/CC_ML_FR_trimmed_cleaned_EN_cl_MAlem_chunked_pages/01_12_NNE-_1249_A_Chronicle_of_the_Kings_of_Man_taken_out_of_M_Camdens_Chorographie_pp.025-041_17.txt	9.788529361493162E-4	0.2546288521998825	5.325980080857011E-4	0.5861601512446135	0.08637570477659007	0.008322286129154406	1.990925989390077E-4	0.030842633646831125	0.0012140043593439833	0.028828852217006592	9.647391610225407E-4	5.520373797151607E-4	4.001953426659908E-4
31	file:/C:/Users/apovzner/Documents/Hakluyt/text-data/CC_ML_FR_trimmed_cleaned_EN_cl_MAlem_chunked_pages/01_12_NNE-_1249_A_Chronicle_of_the_Kings_of_Man_taken_out_of_M_Camdens_Chorographie_pp.025-041_2.txt	0.001069375857404284	0.03927358831213358	5.818519110633596E-4	0.5016495474413915	0.05583086843782251	0.009091919262088929	2.1750439808740756E-4	0.23406515462315233	0.07068520238196165	0.03920145091431459	0.04729324261628632	6.030890080121937E-4	4.372048362813138E-4
32	file:/C:/Users/apovzner/Documents/Hakluyt/text-data/CC_ML_FR_trimmed_cleaned_EN_cl_MAlem_chunked_pages/01_12_NNE-_1249_A_Chronicle_of_the_Kings_of_Man_taken_out_of_M_Camdens_Chorographie_pp.025-041_3.txt	0.04488718500966884	0.08113592877304206	5.520700330456321E-4	0.5637178877083184	0.001788550223725518	0.0013144618938165994	2.0637151473858404E-4	0.1124032530719407	0.18406065876735567	6.344849643359888E-4	0.008312101257014037	5.722201169267855E-4	4.148266660711403E-4
33	file:/C:/Users/apovzner/Documents/Hakluyt/text-data/CC_ML_FR_trimmed_cleaned_EN_cl_MAlem_chunked_pages/01_12_NNE-_1249_A_Chronicle_of_the_Kings_of_Man_taken_out_of_M_Camdens_Chorographie_pp.025-041_4.txt	0.0011033891412730436	0.06437775203856957	6.003586821705891E-4	0.3744753382912363	0.025799993446969358	0.08094610804281864	2.2442248847034184E-4	0.06657330833726734	0.27967681132229993	6.899823106578982E-4	0.10445915377206781	6.222712604313189E-4	4.511108657678285E-4
34	file:/C:/Users/apovzner/Documents/Hakluyt/text-data/CC_ML_FR_trimmed_cleaned_EN_cl_MAlem_chunked_pages/01_12_NNE-_1249_A_Chronicle_of_the_Kings_of_Man_taken_out_of_M_Camdens_Chorographie_pp.025-041_5.txt	0.015194410204541323	6.829547278243738E-4	5.363817449672099E-4	0.7608276481684443	0.023050629425720243	0.0012771085588700552	2.0050701280838846E-4	0.023957447417470676	0.09357854982487668	0.014825057876054953	0.04359740256472056	0.02186886402262159	4.030384510795877E-4
35	file:/C:/Users/apovzner/Documents/Hakluyt/text-data/CC_ML_FR_trimmed_cleaned_EN_cl_MAlem_chunked_pages/01_12_NNE-_1249_A_Chronicle_of_the_Kings_of_Man_taken_out_of_M_Camdens_Chorographie_pp.025-041_6.txt	9.788529361493162E-4	6.781370377811978E-4	5.325980080857011E-4	0.4944557263249658	0.015833839453784145	0.0012680995968738138	1.990925989390077E-4	0.08022193937279527	0.3327607713765318	6.121060878842214E-4	0.07150660448382846	5.520373797151607E-4	4.001953426659908E-4
36	file:/C:/Users/apovzner/Documents/Hakluyt/text-data/CC_ML_FR_trimmed_cleaned_EN_cl_MAlem_chunked_pages/01_12_NNE-_1249_A_Chronicle_of_the_Kings_of_Man_taken_out_of_M_Camdens_Chorographie_pp.025-041_7.txt	9.788529361493162E-4	6.781370377811978E-4	5.325980080857011E-4	0.6778645761642612	0.2133510623576407	0.0012680995968738138	1.990925989390077E-4	0.10138449896963704	0.0012140043593439833	6.121060878842214E-4	9.647391610225407E-4	5.520373797151607E-4	4.001953426659908E-4
37	file:/C:/Users/apovzner/Documents/Hakluyt/text-data/CC_ML_FR_trimmed_cleaned_EN_cl_MAlem_chunked_pages/01_12_NNE-_1249_A_Chronicle_of_the_Kings_of_Man_taken_out_of_M_Camdens_Chorographie_pp.025-041_8.txt	0.07152071825895523	6.781370377811978E-4	5.325980080857011E-4	0.6425936435028583	0.001725466389222958	0.036539032258276774	1.990925989390077E-4	0.0520051932436729	0.022376563956185758	0.05704559834612896	0.11383172367751203	5.520373797151607E-4	4.001953426659908E-4
38	file:/C:/Users/apovzner/Documents/Hakluyt/text-data/CC_ML_FR_trimmed_cleaned_EN_cl_MAlem_chunked_pages/01_12_NNE-_1249_A_Chronicle_of_the_Kings_of_Man_taken_out_of_M_Camdens_Chorographie_pp.025-041_9.txt	9.024595224398348E-4	0.007128863569474737	4.910320297145332E-4	0.7550344597973504	0.15117477582032895	0.0011691322713939518	0.06522006395990006	0.0024209532481298903	0.0011192588323669544	0.007067985926562723	8.894472401139123E-4	0.007012605209311078	3.689625729128977E-4
39	file:/C:/Users/apovzner/Documents/Hakluyt/text-data/CC_ML_FR_trimmed_cleaned_EN_cl_MAlem_chunked_pages/01_13_NNE-_1067_The_mariage_of_the_daughter_of_Harald_unto_Jeruslaus_duke_of_Russia_in_his_owne_Countrey_Anno_1067_pp.042-042_0.txt	0.0020180687998188605	0.001398092754700652	0.001098039739444038	0.6558184654286164	0.0035573371204515544	0.00261439909613097	4.1046264189002985E-4	0.049043856482535376	0.11884994161561452	0.01580534253480157	0.0019889708953440043	0.0011381172505028718	0.14625890564014907
40	file:/C:/Users/apovzner/Documents/Hakluyt/text-data/CC_ML_FR_trimmed_cleaned_EN_cl_MAlem_chunked_pages/01_14_NNE-_1278_The_ancient_state_of_the_shipping_of_the_Cinque_Ports_pp.042-050_0.txt	0.0010146402438662731	7.029300357373681E-4	5.520700330456321E-4	0.22736171117049872	0.016412731812326373	0.015938643482417456	0.01483055310333944	0.20014834260354583	0.001258388909844982	0.42473575103376077	0.09605719078861916	5.722201169267855E-4	4.148266660711403E-4
41	file:/C:/Users/apovzner/Documents/Hakluyt/text-data/CC_ML_FR_trimmed_cleaned_EN_cl_MAlem_chunked_pages/01_14_NNE-_1278_The_ancient_state_of_the_shipping_of_the_Cinque_Ports_pp.042-050_1.txt	0.001061197686889708	7.351844483591257E-4	0.008225013081984747	0.2760324093793068	0.009518229989323756	0.02431760969673521	2.1584100907136343E-4	0.16344661685242004	0.0013161309226673629	0.513053532243051	0.001045896608489989	5.984768179119214E-4	4.3386126378886495E-4
42	file:/C:/Users/apovzner/Documents/Hakluyt/text-data/CC_ML_FR_trimmed_cleaned_EN_cl_MAlem_chunked_pages/01_14_NNE-_1278_The_ancient_state_of_the_shipping_of_the_Cinque_Ports_pp.042-050_2.txt	0.008513485167733903	7.186955367928311E-4	0.008040540309685007	7.023024449122435E-4	0.0018286643019499809	0.0013439429933866198	0.045067529891873834	0.34668300042305555	0.001286612389676133	0.5763075147452331	0.008498527265973955	5.850540212966608E-4	4.2413050842995823E-4
43	file:/C:/Users/apovzner/Documents/Hakluyt/text-data/CC_ML_FR_trimmed_cleaned_EN_cl_MAlem_chunked_pages/01_14_NNE-_1278_The_ancient_state_of_the_shipping_of_the_Cinque_Ports_pp.042-050_3.txt	0.0011396372045497283	0.10755712198450852	6.200814061724935E-4	7.715176542440429E-4	0.002008887770306086	0.0014763948968238687	2.317951190849574E-4	0.38085024079063895	0.0014134140924545536	0.5016990595380191	0.001123205131214589	6.427138469854628E-4	4.659305649976815E-4
44	file:/C:/Users/apovzner/Documents/Hakluyt/text-data/CC_ML_FR_trimmed_cleaned_EN_cl_MAlem_chunked_pages/01_14_NNE-_1278_The_ancient_state_of_the_shipping_of_the_Cinque_Ports_pp.042-050_4.txt	0.040539369738051924	7.58383743641661E-4	5.956224903298221E-4	7.410853832737359E-4	0.1202637033173874	0.0014181589649405648	2.226520335900444E-4	0.2869383526194541	0.12758065494412973	0.41090926479172124	0.001078900658438974	0.008506299234487848	4.475520805529528E-4
45	file:/C:/Users/apovzner/Documents/Hakluyt/text-data/CC_ML_FR_trimmed_cleaned_EN_cl_MAlem_chunked_pages/01_14_NNE-_1278_The_ancient_state_of_the_shipping_of_the_Cinque_Ports_pp.042-050_5.txt	0.0010146402438662731	0.2273777446590506	5.520700330456321E-4	6.86896547185471E-4	0.1626545476983349	0.008626552688117026	0.03676682548624072	0.010033981951734716	0.06706720605854882	0.4832324773881641	0.0010000104627136109	5.722201169267855E-4	4.148266660711403E-4
46	file:/C:/Users/apovzner/Documents/Hakluyt/text-data/CC_ML_FR_trimmed_cleaned_EN_cl_MAlem_chunked_pages/01_14_NNE-_1278_The_ancient_state_of_the_shipping_of_the_Cinque_Ports_pp.042-050_6.txt	0.001094684573814813	7.58383743641661E-4	5.956224903298221E-4	0.21374238527015413	0.08081901815315029	0.0014181589649405648	2.226520335900444E-4	0.42893921921070766	0.02502447351711325	0.2452415871019254	0.001078900658438974	6.173622016404256E-4	4.475520805529528E-4
47	file:/C:/Users/apovzner/Documents/Hakluyt/text-data/CC_ML_FR_trimmed_cleaned_EN_cl_MAlem_chunked_pages/01_14_NNE-_1278_The_ancient_state_of_the_shipping_of_the_Cinque_Ports_pp.042-050_7.txt	9.585672006382318E-4	0.06283604429606134	5.215604538967552E-4	0.15262484049261396	0.3056415169909783	0.04959778915399495	1.949666065093594E-4	0.1683633645560997	0.02191283233594081	0.23547127333022916	9.447459192035231E-4	5.405969642415276E-4	3.919016995922659E-4
48	file:/C:/Users/apovzner/Documents/Hakluyt/text-data/CC_ML_FR_trimmed_cleaned_EN_cl_MAlem_chunked_pages/01_15_NNE-_1243_The_voyage_of_a_certaine_Englishman_into_Tartaria_and_from_thence_into_Poland_and_Hungary_Anno_1243_pp.050-054_0.txt	0.006708078443290036	0.23030266832234642	4.4475185650708684E-4	0.3127592222581883	0.007331546263872341	0.1365444994960672	1.662544764544E-4	0.20247577652978407	0.0010137677656110423	5.111459578008631E-4	0.10094711616477353	4.6098491876093994E-4	3.341875465436381E-4
49	file:/C:/Users/apovzner/Documents/Hakluyt/text-data/CC_ML_FR_trimmed_cleaned_EN_cl_MAlem_chunked_pages/01_15_NNE-_1243_The_voyage_of_a_certaine_Englishman_into_Tartaria_and_from_thence_into_Poland_and_Hungary_Anno_1243_pp.050-054_1.txt	0.00691164991092736	5.834710280208622E-4	4.5824883465499987E-4	0.43756999154063686	0.013623480312835484	0.0314382868459442	1.7129983602483725E-4	0.3360786350298075	0.098155605944791	5.26657811707475E-4	0.07366336917326678	4.749745250638756E-4	3.4432920631865985E-4
50	file:/C:/Users/apovzner/Documents/Hakluyt/text-data/CC_ML_FR_trimmed_cleaned_EN_cl_MAlem_chunked_pages/01_15_NNE-_1243_The_voyage_of_a_certaine_Englishman_into_Tartaria_and_from_thence_into_Poland_and_Hungary_Anno_1243_pp.050-054_2.txt	8.222455517247908E-4	5.696414059592294E-4	4.473872701743112E-4	0.29091017408034675	0.007374989943629952	0.00106521543141639	1.672396310143522E-4	0.3695918639020842	0.060275596545068144	0.012365339118224199	0.2556104227952772	4.6371652277228274E-4	3.361678023080415E-4
51	file:/C:/Users/apovzner/Documents/Hakluyt/text-data/CC_ML_FR_trimmed_cleaned_EN_cl_MAlem_chunked_pages/01_15_NNE-_1243_The_voyage_of_a_certaine_Englishman_into_Tartaria_and_from_thence_into_Poland_and_Hungary_Anno_1243_pp.050-054_3.txt	0.012238295714151056	0.13215930615875404	4.320271943572443E-4	0.2580338410796094	0.012843925683666218	0.006750783653772583	0.017327918101213435	0.22529350320477612	0.21270394663509154	4.965217139059531E-4	0.12094750883662429	4.477958173292474E-4	3.2462620674879273E-4
52	file:/C:/Users/apovzner/Documents/Hakluyt/text-data/CC_ML_FR_trimmed_cleaned_EN_cl_MAlem_chunked_pages/01_16_NNE-_1246_Libellus_historicus_Johannis_de_Plano_Carpini_pp.055-094_0.txt	0.003404384251329235	0.0023585147128916653	0.001852339819451384	0.2231105673717188	0.006001055301296561	0.004410364557618924	0.7121779447353619	0.033666642281448465	0.004222224983309697	0.0021288635389227852	0.0033552974968292034	0.0019199486380870095	0.0013918523117343745
53	file:/C:/Users/apovzner/Documents/Hakluyt/text-data/CC_ML_FR_trimmed_cleaned_EN_cl_MAlem_chunked_pages/01_17_NNE-_1246_The_long_and_wonderfull_voyage_of_Frier_John_de_Plano_Carpini_Anno_1246_pp.094-179_0.txt	0.020682434989419757	6.334521420857424E-4	4.975032040667593E-4	0.521178501456598	0.03455857285830686	0.020952622144255854	0.3494220926119642	0.00245285831667775	0.0011340092327710308	5.717722096740701E-4	9.011690175532164E-4	5.156616453749822E-4	0.0464993501712517
54	file:/C:/Users/apovzner/Documents/Hakluyt/text-data/CC_ML_FR_trimmed_cleaned_EN_cl_MAlem_chunked_pages/01_17_NNE-_1246_The_long_and_wonderfull_voyage_of_Frier_John_de_Plano_Carpini_Anno_1246_pp.094-179_1.txt	0.0010221140344885823	0.008074059083132204	5.561365540226753E-4	0.6562616218033646	0.01653362719553927	0.001324144156110824	2.078916372656462E-4	0.2900140411355561	0.001267658141270083	0.022737012446638227	0.0010073764910804347	5.764350624403677E-4	4.178822590909406E-4
55	file:/C:/Users/apovzner/Documents/Hakluyt/text-data/CC_ML_FR_trimmed_cleaned_EN_cl_MAlem_chunked_pages/01_17_NNE-_1246_The_long_and_wonderfull_voyage_of_Frier_John_de_Plano_Carpini_Anno_1246_pp.094-179_10.txt	0.008775923483366147	7.408501823242717E-4	5.818519110633596E-4	0.26274657103657373	0.0018850350560894761	0.08615739552170754	2.1750439808740756E-4	0.08764074972987693	0.0013262737483049	6.687127845052728E-4	0.5482188383038074	6.030890080121937E-4	4.372048362813138E-4
56	file:/C:/Users/apovzner/Documents/Hakluyt/text-data/CC_ML_FR_trimmed_cleaned_EN_cl_MAlem_chunked_pages/01_17_NNE-_1246_The_long_and_wonderfull_voyage_of_Frier_John_de_Plano_Carpini_Anno_1246_pp.094-179_11.txt	0.0010373968640451348	7.186955367928311E-4	5.644520059962407E-4	0.6959785146879676	0.0018286643019499809	0.016296119600764155	2.1100006974123902E-4	0.0924959980976375	0.1881888199818953	6.487153611982048E-4	0.0010224389622851898	5.850540212966608E-4	4.2413050842995823E-4
57	file:/C:/Users/apovzner/Documents/Hakluyt/text-data/CC_ML_FR_trimmed_cleaned_EN_cl_MAlem_chunked_pages/01_17_NNE-_1246_The_long_and_wonderfull_voyage_of_Frier_John_de_Plano_Carpini_Anno_1246_pp.094-179_12.txt	0.016872558639509656	0.1900928725319798	5.956224903298221E-4	0.37941006295994995	0.001929647824676076	0.09608540335910962	2.226520335900444E-4	0.07393705273257371	0.16702534010836684	6.845390836553395E-4	0.07207933395406577	6.173622016404256E-4	4.475520805529528E-4
58	file:/C:/Users/apovzner/Documents/Hakluyt/text-data/CC_ML_FR_trimmed_cleaned_EN_cl_MAlem_chunked_pages/01_17_NNE-_1246_The_long_and_wonderfull_voyage_of_Frier_John_de_Plano_Carpini_Anno_1246_pp.094-179_13.txt	0.0010373968640451348	0.4717122586691851	0.08280142334657267	0.2548893047703303	0.009304752605638747	0.08358091433396304	2.1100006974123902E-4	0.07754382149025997	0.001286612389676133	0.015600891968575737	0.0010224389622851898	5.850540212966608E-4	4.2413050842995823E-4
59	file:/C:/Users/apovzner/Documents/Hakluyt/text-data/CC_ML_FR_trimmed_cleaned_EN_cl_MAlem_chunked_pages/01_17_NNE-_1246_The_long_and_wonderfull_voyage_of_Frier_John_de_Plano_Carpini_Anno_1246_pp.094-179_14.txt	0.008642712531877327	7.296047153503246E-4	0.01575215765660255	0.5319827842452453	0.009445990727223848	0.0013643428892192457	2.142028688663354E-4	0.18497483412973081	0.0013061420563774114	0.03101683781273162	0.2135458872860508	5.939346368805372E-4	4.305684438438756E-4
60	file:/C:/Users/apovzner/Documents/Hakluyt/text-data/CC_ML_FR_trimmed_cleaned_EN_cl_MAlem_chunked_pages/01_17_NNE-_1246_The_long_and_wonderfull_voyage_of_Frier_John_de_Plano_Carpini_Anno_1246_pp.094-179_15.txt	9.928605836647566E-4	0.100859714975773	0.0076953534578127775	0.179550497778932	0.001750158275089956	0.13007865537570137	0.007357075496995353	0.002663464670930523	0.33036753325178625	6.208654898377642E-4	0.23709796121596374	5.599371823768526E-4	4.0592224513556763E-4
61	file:/C:/Users/apovzner/Documents/Hakluyt/text-data/CC_ML_FR_trimmed_cleaned_EN_cl_MAlem_chunked_pages/01_17_NNE-_1246_The_long_and_wonderfull_voyage_of_Frier_John_de_Plano_Carpini_Anno_1246_pp.094-179_16.txt	0.008913305103942674	7.524477308723005E-4	5.90960440624829E-4	0.1572790614280311	0.0019145441067711492	0.16577802425992005	2.2090929407908374E-4	0.034222389294082	0.33008896672443594	6.791810669840005E-4	0.29850363155324117	6.125299911098295E-4	4.4404900590586295E-4
62	file:/C:/Users/apovzner/Documents/Hakluyt/text-data/CC_ML_FR_trimmed_cleaned_EN_cl_MAlem_chunked_pages/01_17_NNE-_1246_The_long_and_wonderfull_voyage_of_Frier_John_de_Plano_Carpini_Anno_1246_pp.094-179_17.txt	0.06062138866601654	0.17065360424547957	0.034608595928388344	0.25555361366949364	0.002077124569090493	0.13739635201694056	2.396686086516732E-4	0.06260409665550072	0.23923358772569014	7.368561926070024E-4	0.0011613575475243492	6.645451986920925E-4	0.0344492089759249
63	file:/C:/Users/apovzner/Documents/Hakluyt/text-data/CC_ML_FR_trimmed_cleaned_EN_cl_MAlem_chunked_pages/01_17_NNE-_1246_The_long_and_wonderfull_voyage_of_Frier_John_de_Plano_Carpini_Anno_1246_pp.094-179_18.txt	0.0010531436539519634	7.296047153503246E-4	5.730199007518238E-4	0.2739374423957829	0.0018564218492984862	0.12279744493602505	2.142028688663354E-4	0.12425828310632792	0.3656054481967948	6.585623010301688E-4	0.10729192299509574	5.939346368805372E-4	4.305684438438756E-4
64	file:/C:/Users/apovzner/Documents/Hakluyt/text-data/CC_ML_FR_trimmed_cleaned_EN_cl_MAlem_chunked_pages/01_17_NNE-_1246_The_long_and_wonderfull_voyage_of_Frier_John_de_Plano_Carpini_Anno_1246_pp.094-179_19.txt	0.01756542114640691	7.895263624368478E-4	6.200814061724935E-4	0.8220607147471032	0.002008887770306086	0.10824399051889554	2.317951190849574E-4	0.0030572101279237934	0.0014134140924545536	0.04177710916601799	0.001123205131214589	6.427138469854628E-4	4.659305649976815E-4
65	file:/C:/Users/apovzner/Documents/Hakluyt/text-data/CC_ML_FR_trimmed_cleaned_EN_cl_MAlem_chunked_pages/01_17_NNE-_1246_The_long_and_wonderfull_voyage_of_Frier_John_de_Plano_Carpini_Anno_1246_pp.094-179_2.txt	0.07042830449106104	7.408501823242717E-4	5.818519110633596E-4	0.3243989520442686	0.0018850350560894761	0.5947895388351904	2.1750439808740756E-4	0.0028687258442964517	0.0013262737483049	6.687127845052728E-4	0.0010539568605151491	6.030890080121937E-4	4.372048362813138E-4
66	file:/C:/Users/apovzner/Documents/Hakluyt/text-data/CC_ML_FR_trimmed_cleaned_EN_cl_MAlem_chunked_pages/01_17_NNE-_1246_The_long_and_wonderfull_voyage_of_Frier_John_de_Plano_Carpini_Anno_1246_pp.094-179_20.txt	0.0011212202824391546	0.04925778052760651	6.100606812311681E-4	0.47748901258371995	0.001976423465484422	0.0014525358566743354	2.280492316773192E-4	0.18077151956513468	0.09835259919903422	0.18654501650617206	0.0011050537569586487	6.323273741570374E-4	4.584009697104793E-4
67	file:/C:/Users/apovzner/Documents/Hakluyt/text-data/CC_ML_FR_trimmed_cleaned_EN_cl_MAlem_chunked_pages/01_17_NNE-_1246_The_long_and_wonderfull_voyage_of_Frier_John_de_Plano_Carpini_Anno_1246_pp.094-179_21.txt	0.0011033891412730436	0.0961844209784506	6.003586821705891E-4	0.6607353587501656	0.025799993446969358	0.0014294356931160619	2.2442248847034184E-4	0.209703318566732	0.0013684580983408892	6.899823106578982E-4	0.001087479717454471	6.222712604313189E-4	4.511108657678285E-4
68	file:/C:/Users/apovzner/Documents/Hakluyt/text-data/CC_ML_FR_trimmed_cleaned_EN_cl_MAlem_chunked_pages/01_17_NNE-_1246_The_long_and_wonderfull_voyage_of_Frier_John_de_Plano_Carpini_Anno_1246_pp.094-179_22.txt	0.015870921064086684	0.2159110859990925	0.0747663750210796	0.46819559397336163	0.0018150944952241457	0.053278248230768904	2.0943432026908433E-4	0.0027622873492293134	0.04580073189578229	6.439014967496272E-4	0.07522096343424985	5.807125628973786E-4	0.04494465015720886
69	file:/C:/Users/apovzner/Documents/Hakluyt/text-data/CC_ML_FR_trimmed_cleaned_EN_cl_MAlem_chunked_pages/01_17_NNE-_1246_The_long_and_wonderfull_voyage_of_Frier_John_de_Plano_Carpini_Anno_1246_pp.094-179_23.txt	0.0326504327052045	7.58383743641661E-4	5.956224903298221E-4	0.26896494450008607	0.001929647824676076	0.17497477368758385	2.226520335900444E-4	0.026603430535489185	0.09602490681274004	6.845390836553395E-4	0.39552575230081005	6.173622016404256E-4	4.475520805529528E-4
70	file:/C:/Users/apovzner/Documents/Hakluyt/text-data/CC_ML_FR_trimmed_cleaned_EN_cl_MAlem_chunked_pages/01_17_NNE-_1246_The_long_and_wonderfull_voyage_of_Frier_John_de_Plano_Carpini_Anno_1246_pp.094-179_24.txt	0.008708808634856239	0.016030406344292186	5.774021340182162E-4	0.6048796801418677	0.0018706190413572256	0.0013747768528356193	2.1584100907136343E-4	0.0793228964247882	0.20780162651776368	6.635987292934451E-4	0.001045896608489989	0.046484142505711104	0.031024305055654986
71	file:/C:/Users/apovzner/Documents/Hakluyt/text-data/CC_ML_FR_trimmed_cleaned_EN_cl_MAlem_chunked_pages/01_17_NNE-_1246_The_long_and_wonderfull_voyage_of_Frier_John_de_Plano_Carpini_Anno_1246_pp.094-179_25.txt	0.026208813424010748	0.2596542012708944	6.304368252530912E-4	0.059234738466649776	0.0020424363891492383	0.01820114694590854	2.356661198520632E-4	0.103308842505343	0.0014370182436451763	0.017424646735777285	0.510494894193299	6.534472300028955E-4	4.7371165021485123E-4
72	file:/C:/Users/apovzner/Documents/Hakluyt/text-data/CC_ML_FR_trimmed_cleaned_EN_cl_MAlem_chunked_pages/01_17_NNE-_1246_The_long_and_wonderfull_voyage_of_Frier_John_de_Plano_Carpini_Anno_1246_pp.094-179_26.txt	0.0010861162709429927	0.05554276956187006	5.90960440624829E-4	0.008562473601037157	0.00974173293977083	0.19708677959191878	2.2090929407908374E-4	0.010740822795082962	0.03265579107044809	6.791810669840005E-4	0.6820358843702256	6.125299911098295E-4	4.4404900590586295E-4
73	file:/C:/Users/apovzner/Documents/Hakluyt/text-data/CC_ML_FR_trimmed_cleaned_EN_cl_MAlem_chunked_pages/01_17_NNE-_1246_The_long_and_wonderfull_voyage_of_Frier_John_de_Plano_Carpini_Anno_1246_pp.094-179_27.txt	0.0011122332499644302	0.2973404542000003	6.051707989844344E-4	0.08892239916016388	0.042037596898807005	0.09762572982993793	2.2622132516954407E-4	0.18733796602815325	0.00137942684155996	6.955127969771236E-4	0.28163530315371177	6.272590153918499E-4	4.5472670117845533E-4
74	file:/C:/Users/apovzner/Documents/Hakluyt/text-data/CC_ML_FR_trimmed_cleaned_EN_cl_MAlem_chunked_pages/01_17_NNE-_1246_The_long_and_wonderfull_voyage_of_Frier_John_de_Plano_Carpini_Anno_1246_pp.094-179_28.txt	0.001069375857404284	0.463133707740036	5.818519110633596E-4	0.13944180902118394	0.0018850350560894761	0.01679846688805079	2.1750439808740756E-4	0.21865205937122859	0.1400441310156184	0.016081808036428995	0.0010539568605151491	6.030890080121937E-4	4.372048362813138E-4
75	file:/C:/Users/apovzner/Documents/Hakluyt/text-data/CC_ML_FR_trimmed_cleaned_EN_cl_MAlem_chunked_pages/01_17_NNE-_1246_The_long_and_wonderfull_voyage_of_Frier_John_de_Plano_Carpini_Anno_1246_pp.094-179_29.txt	0.0010452109534289523	0.045918516241118396	5.687036849636622E-4	0.3547304488781041	0.0018424385351327522	0.016418868511603558	2.1258940691980027E-4	0.2137111342679263	0.18207393247519094	6.536017455634826E-4	0.008562541582952112	5.894608829088578E-4	0.17367255283418703
76	file:/C:/Users/apovzner/Documents/Hakluyt/text-data/CC_ML_FR_trimmed_cleaned_EN_cl_MAlem_chunked_pages/01_17_NNE-_1246_The_long_and_wonderfull_voyage_of_Frier_John_de_Plano_Carpini_Anno_1246_pp.094-179_3.txt	0.04730866161317546	7.408501823242717E-4	5.818519110633596E-4	0.10861561851733649	0.06353741606378437	0.34818001480441085	2.1750439808740756E-4	0.010575273470258313	0.0013262737483049	6.687127845052728E-4	0.4172075286624557	6.030890080121937E-4	4.372048362813138E-4
77	file:/C:/Users/apovzner/Documents/Hakluyt/text-data/CC_ML_FR_trimmed_cleaned_EN_cl_MAlem_chunked_pages/01_17_NNE-_1246_The_long_and_wonderfull_voyage_of_Frier_John_de_Plano_Carpini_Anno_1246_pp.094-179_30.txt	0.0011684256658590093	0.026070546009212988	6.357453293042891E-4	0.34602570363158863	0.0020596344356652555	0.11097835012085906	2.376505130566679E-4	0.2389044752538173	0.026710193814195995	7.306515993362424E-4	0.0011515785006809998	6.589494899102571E-4	0.24466809563651334
78	file:/C:/Users/apovzner/Documents/Hakluyt/text-data/CC_ML_FR_trimmed_cleaned_EN_cl_MAlem_chunked_pages/01_17_NNE-_1246_The_long_and_wonderfull_voyage_of_Frier_John_de_Plano_Carpini_Anno_1246_pp.094-179_31.txt	0.0011586692553989845	8.027115285728229E-4	6.304368252530912E-4	0.2930360840403595	0.0020424363891492383	0.05160133917072422	2.356661198520632E-4	0.06990865028052731	0.34378898854800594	7.245506233694426E-4	0.2349433083385696	6.534472300028955E-4	4.7371165021485123E-4
79	file:/C:/Users/apovzner/Documents/Hakluyt/text-data/CC_ML_FR_trimmed_cleaned_EN_cl_MAlem_chunked_pages/01_17_NNE-_1246_The_long_and_wonderfull_voyage_of_Frier_John_de_Plano_Carpini_Anno_1246_pp.094-179_32.txt	0.0012416092292490302	0.018755695297471932	6.755648145882287E-4	0.36769879311964054	0.01113640026440006	0.0016084991983364974	2.5253559466275124E-4	0.3791367659134703	0.2073384089664705	0.0097241774732424	0.0012237068531005904	7.002223523393921E-4	5.07620923027784E-4
80	file:/C:/Users/apovzner/Documents/Hakluyt/text-data/CC_ML_FR_trimmed_cleaned_EN_cl_MAlem_chunked_pages/01_17_NNE-_1246_The_long_and_wonderfull_voyage_of_Frier_John_de_Plano_Carpini_Anno_1246_pp.094-179_33.txt	0.0013120486220451256	9.089708301624379E-4	7.138911850862827E-4	0.2750945315175186	0.0212235837170255	0.001699753116376683	2.668625290382344E-4	0.15480595502385947	0.32311048526674857	8.20463339787558E-4	0.17149014058752432	7.39947602570395E-4	0.047813366662256856
81	file:/C:/Users/apovzner/Documents/Hakluyt/text-data/CC_ML_FR_trimmed_cleaned_EN_cl_MAlem_chunked_pages/01_17_NNE-_1246_The_long_and_wonderfull_voyage_of_Frier_John_de_Plano_Carpini_Anno_1246_pp.094-179_34.txt	0.17193847568012943	0.07841060147660264	0.016119170316723906	0.41234876129729303	0.0018996749918883122	0.1101257275639081	2.191936241915469E-4	0.0028910055159923655	0.009102973875979888	6.739062753113947E-4	0.00882854206637937	6.077728383366007E-4	0.18683419447726327
82	file:/C:/Users/apovzner/Documents/Hakluyt/text-data/CC_ML_FR_trimmed_cleaned_EN_cl_MAlem_chunked_pages/01_17_NNE-_1246_The_long_and_wonderfull_voyage_of_Frier_John_de_Plano_Carpini_Anno_1246_pp.094-179_35.txt	0.01896741728885491	0.036326181268416045	6.695736291150329E-4	0.20480651719131093	0.019906047685009493	0.010462643948031728	2.502960055759061E-4	0.16293259588128184	0.24097328535179272	7.695299051927618E-4	0.17858104610740633	6.940124937221994E-4	0.12466085324429019
