0	file:/C:/Users/apovzner/Documents/Hakluyt/CC_ML_FR_trimmed_MAlem_AMER_cat_mod/enc_full_part/10_32-1595-En-enc_part-expl_y-The_voyage_of_sir_Walter_Ralegh_himselfe_to_the_Isle_of_Trinidad_where_he_tooke_the_citie_of_Saint_J-348_431.txt	0.468158025453991	0.03485472055892357	0.07720267962277785	0.30971764426987214	0.0034257419283258	0.021417596496860446	0.004734129332915637	7.985214627817286E-6	0.0803827753121418	9.870180956388654E-5
1	file:/C:/Users/apovzner/Documents/Hakluyt/CC_ML_FR_trimmed_MAlem_AMER_cat_mod/enc_full_part/10_34-1594-Sp-enc_part-expl_y-Foure_severall_testimonies_concerning_the_rich_Empire_of_Guiana-433_439.txt	0.15177114586246543	0.02386228108802268	0.028190410993101257	0.38501574437321434	1.1829338583674739E-4	0.3703613814394386	2.170804700136688E-4	1.2832997018858162E-4	0.04005711569498082	2.782167227379029E-4
2	file:/C:/Users/apovzner/Documents/Hakluyt/CC_ML_FR_trimmed_MAlem_AMER_cat_mod/enc_full_part/10_39-1596-En-enc_part-expl_y-A_table_of_the_names_of_the_rivers_nations_townes_and_Caciques_or_captaines-490_495.txt	0.6158420172792853	0.0022581050127113717	0.11362414986510454	0.0950945340798783	1.6427702040255164E-4	0.027515338970534244	0.058428616182370906	1.7821507924392787E-4	0.08650837990244374	3.863666080250749E-4
3	file:/C:/Users/apovzner/Documents/Hakluyt/CC_ML_FR_trimmed_MAlem_AMER_cat_mod/enc_full_part/10_4-1565-En-enc_part-expl_y-The_second_voyage_made_by_the_R_W_sir_John_Hawkins_knight_with_the_Jesus_of_Lubec-009_063.txt	0.0010443589835360315	0.3290081849886293	0.17249191578731896	0.3433255648141201	9.219714480055626E-4	0.016793105673718084	0.0011918524404687034	1.27573314025613E-5	0.13505260063669178	1.576878961089594E-4
4	file:/C:/Users/apovzner/Documents/Hakluyt/CC_ML_FR_trimmed_MAlem_AMER_cat_mod/enc_full_part/11_1-1597-En-enc_part-expl_y-The_3_voyage_set_forth_by_sir_Walter_Ralegh_to_Guiana_with_a_pinnesse_called_The_Wat_begun_in_the_ye-001_015.txt	0.08901094284837736	0.20035775929277685	0.09990342507340498	0.20186103897203994	4.374199774190189E-5	0.0010387671705997395	8.027104272975463E-5	4.7453280895638124E-5	0.3727293458621213	0.03492725445931247
5	file:/C:/Users/apovzner/Documents/Hakluyt/CC_ML_FR_trimmed_MAlem_AMER_cat_mod/enc_full_part/11_20.2-1579-En-enc_part-expl_y-The_famous_voyage_of_sir_Francis_Drake_into_the_South_sea_and_therehence_about_the_globe_2-119_132.txt	1.541783482787179E-5	0.02154504693958232	0.433184601143972	0.39315529392429294	4.404021192295907E-5	7.191030654504952E-5	8.081829627339718E-5	0.0015086848967082035	0.12253335344331721	0.027860833002558
6	file:/C:/Users/apovzner/Documents/Hakluyt/CC_ML_FR_trimmed_MAlem_AMER_cat_mod/enc_full_part/11_23-1578-Sp-enc_part-expl_y-The_voyage_of_Nunno_de_Silva_a_Portugal_Pilot_taken_by_sir_Francis_Drake_at_the_yles_of_Cabo_Verde_a-133_146.txt	1.620706946289361E-5	0.29702482658391494	2.8259581847199397E-4	0.12508268409233778	4.6294618003407266E-5	0.049729618968182496	8.495536216329194E-5	5.022247783547239E-5	0.5198952558405554	0.007787339169072254
7	file:/C:/Users/apovzner/Documents/Hakluyt/CC_ML_FR_trimmed_MAlem_AMER_cat_mod/enc_full_part/11_25.2-1578-En-enc_part-expl_y-The_voyage_of_M_John_Winter_into_the_South_sea_by_the_Streight_of_Magellan_in_consort_with_sir_Franc-156_157.txt	1.0295613914752295E-4	0.15037570763111166	0.07658775219431167	0.30356404078510174	2.940886471704701E-4	0.0037320475951271967	0.0037915327459434782	3.19040553765795E-4	0.3402227111513056	0.12101012255701495
8	file:/C:/Users/apovzner/Documents/Hakluyt/CC_ML_FR_trimmed_MAlem_AMER_cat_mod/enc_full_part/11_29-1579-Sp-enc_part-expl_y-A_discourse_of_the_West_Indies_and_the_South_sea_written_by_Lopez_Vaz_a_Portugall_conteining_divers_2-274_290.txt	0.011451463535553215	0.034410879621932365	0.032240800491496274	0.29183837748043717	3.448493426920558E-5	0.4869930459058106	0.032093577802581555	3.7410803278805136E-5	0.10281127997173856	0.008088679452902243
9	file:/C:/Users/apovzner/Documents/Hakluyt/CC_ML_FR_trimmed_MAlem_AMER_cat_mod/enc_full_part/11_3-1518-Sp-enc_part-expl_y-A_briefe_description_of_the_foresayd_river_of_Amazones_or_Orellana_and_of_the_countries_thereabout_a-019_022.txt	0.15123401487941196	0.004582322145705331	0.1849823549750119	0.247899700478577	1.847480007648873E-4	3.0166261215610083E-4	0.03302429360947709	0.05944246050864198	0.3138282722844439	0.004520170505809922
10	file:/C:/Users/apovzner/Documents/Hakluyt/CC_ML_FR_trimmed_MAlem_AMER_cat_mod/enc_full_part/11_5-1530-En-enc_part-expl_y-The_second_voyage_of_M_William_Hawkins_to_Brasil_1532-024_024.txt	1.8677030112386754E-4	0.22560018654222758	0.35720289084164003	0.356017918085947	0.006432603538762917	0.012669323692393712	9.790257646302663E-4	5.787639357006386E-4	0.00958224770987378	0.030750269587700246
11	file:/C:/Users/apovzner/Documents/Hakluyt/CC_ML_FR_trimmed_MAlem_AMER_cat_mod/enc_full_part/7_23.1-1497-En-enc_full-expl_n-Extract_taken_from_map_of_Sebastian_Cabot_concerning_his_discovery_of_the_West_Indies-145_146.txt	1.229462824488466E-4	0.020360288702850848	0.15747315575444454	0.05184577686923606	3.5118941113566145E-4	5.734336213985233E-4	0.31518649015691413	0.24502478063553762	0.04514010566771163	0.16392183289832218
12	file:/C:/Users/apovzner/Documents/Hakluyt/CC_ML_FR_trimmed_MAlem_AMER_cat_mod/enc_full_part/7_23.2-1497-En-enc_part-expl_y-A_discourse_of_Sebastian_Cabot_touching_his_discovery_of_part_of_the_West_India_out_of_England-147_149.txt	0.0028856251191761418	0.05102725870497646	0.0630796278839154	0.40655710416758956	2.5295935371447294E-4	4.1304035277728394E-4	0.40044489381383436	2.7442165165431347E-4	0.07447012848397898	5.949404683831116E-4
13	file:/C:/Users/apovzner/Documents/Hakluyt/CC_ML_FR_trimmed_MAlem_AMER_cat_mod/enc_full_part/7_23.4-1497-En-enc_part-expl_y-Another_testimonie_of_the_voyage_of_Cabot_out_of_Peter_Martyr-150_153.txt	6.153494222453244E-5	0.04323105842592151	0.04966219353122573	0.07259461494738727	1.7577123678458353E-4	0.03915839286336854	0.5367477099415571	0.18094263782178813	0.022592743261087383	0.05483334302865529
14	file:/C:/Users/apovzner/Documents/Hakluyt/CC_ML_FR_trimmed_MAlem_AMER_cat_mod/enc_full_part/7_23.7-1497-En-enc_full-expl_n-Of_three_Savages_which_Cabot_brought_home-155_155.txt	5.319597915385237E-4	0.0040849626122743225	0.1436903448232962	0.47635226856584123	0.06872690781018703	0.052886658143179686	0.1708069479712134	0.01845028571644702	0.027292189730070283	0.037177474835952226
15	file:/C:/Users/apovzner/Documents/Hakluyt/CC_ML_FR_trimmed_MAlem_AMER_cat_mod/enc_full_part/7_26-1576-En-enc_part-expl_y-A_discourse_written_by_sir_Humfrey_Gilbert_knight_to_proove_a_passage_by_the_Northwest_to_Cataya_and-158_203.txt	5.016351637946265E-6	3.852097323327036E-5	0.021001615034889006	0.21284124353027095	1.4328937343125717E-5	0.01333239941697924	0.6939957193137384	1.554467385535051E-5	0.05032456432204232	0.008431047446010472
16	file:/C:/Users/apovzner/Documents/Hakluyt/CC_ML_FR_trimmed_MAlem_AMER_cat_mod/enc_full_part/7_27-1576-En-enc_part-expl_y-The_first_voyage_of_M_Martin_Frobisher_to_the_Northwest_for_the_search_of_a_passage_to_China_anno_15-204_211.txt	2.730514758750819E-5	0.014008524347690262	0.021174377154455245	0.06584738754362053	7.799567836643677E-5	1.2735390897598357E-4	1.431300524459363E-4	8.46132098494193E-5	0.4843604964753769	0.41414881648163165
17	file:/C:/Users/apovzner/Documents/Hakluyt/CC_ML_FR_trimmed_MAlem_AMER_cat_mod/enc_full_part/7_28-1577-En-enc_part-expl_y-The_second_voyage_of_M_Martin_Frobisher_to_the_West_and_Northwest_regions_in_the_yeere_1577-211_230.txt	1.0885543081521497E-5	0.0011150443666122776	0.13084056982008707	0.3755697781068087	3.109396549897286E-5	5.0771249571727676E-5	0.04509719213582783	3.373212827837079E-5	0.1329283348338383	0.31432259785039524
18	file:/C:/Users/apovzner/Documents/Hakluyt/CC_ML_FR_trimmed_MAlem_AMER_cat_mod/enc_full_part/7_29-1578-En-enc_part-expl_y-The_third_and_last_voyage_of_M_Martin_Frobisher_for_the_discovery_of_a_Northwest_passage_in_the_yere-231_250.txt	1.1607915520977598E-5	0.05398430575411259	0.1380567086200815	0.28573648039213845	3.3157383331380846E-5	5.414046607592043E-5	0.029758184454394782	4.026044098464664E-4	0.1934449192538907	0.29851789135060725
19	file:/C:/Users/apovzner/Documents/Hakluyt/CC_ML_FR_trimmed_MAlem_AMER_cat_mod/enc_full_part/7_30.2-1578-En-enc_part-expl_y-Frobishers_first_voyage-278_283.txt	3.28595980802113E-5	0.01166883691474863	0.055579757578148	0.44145673308195255	9.386166600641431E-5	1.5326041543936328E-4	0.11848875608512885	1.0182534480057075E-4	0.1366081975555185	0.23581591176017688
20	file:/C:/Users/apovzner/Documents/Hakluyt/CC_ML_FR_trimmed_MAlem_AMER_cat_mod/enc_full_part/7_30.3-1578-En-enc_part-expl_y-Frobishers_second_voyage-284_319.txt	5.85820868374333E-6	0.0168827522190827	0.04876514276179888	0.39214440068885914	1.6733656495954824E-5	7.674448716088259E-4	0.012982836093048029	1.8153421039409945E-5	0.16090694401240782	0.36750973406697557
21	file:/C:/Users/apovzner/Documents/Hakluyt/CC_ML_FR_trimmed_MAlem_AMER_cat_mod/enc_full_part/7_33-1578-En-enc_full-expl_n-A_generall_and_briefe_description_of_the_country_and_condition_of_the_people_which_are_founde_in_Met-367_375.txt	2.6263240657368808E-5	0.0010311970034112615	0.291619263426794	0.3420533207496203	7.501952753075734E-5	1.2249435200354216E-4	0.0424431598003258	0.0075470594813477464	0.09259457327270998	0.22248764914559918
22	file:/C:/Users/apovzner/Documents/Hakluyt/CC_ML_FR_trimmed_MAlem_AMER_cat_mod/enc_full_part/7_35-1585-En-enc_part-expl_y-The_first_voyage_of_M_John_Davis_for_the_discovery_of_a_Northwest_passage_1585-381_393.txt	1.6597904822756705E-5	0.007991081441920298	0.09832259954206092	0.12757482587501823	4.741101808600775E-5	7.741426971654386E-5	8.700407057534693E-5	0.013681716546354642	0.3594328451301555	0.3927685042012897
23	file:/C:/Users/apovzner/Documents/Hakluyt/CC_ML_FR_trimmed_MAlem_AMER_cat_mod/enc_full_part/7_36-1586-En-enc_part-expl_y-The_second_voyage_of_M_John_Davis_for_the_discovery_of_the_Northwest_pass_1586-393_407.txt	1.4951845035493524E-5	1.148164371180436E-4	0.09707219844633708	0.29579507751800616	4.270913726562942E-5	6.973688406446826E-5	7.837563804536088E-5	0.0019353374596373094	0.22839216719129413	0.3764846294431963
24	file:/C:/Users/apovzner/Documents/Hakluyt/CC_ML_FR_trimmed_MAlem_AMER_cat_mod/enc_full_part/7_38-1586-En-enc_full-expl_n-The_voyage_and_course_which_the_Sunshine_a_barke_of_50_tunnes-408_413.txt	4.229800912540589E-5	0.03639612229860619	0.011425328780941062	0.16212208954369092	1.2082197705443096E-4	1.9728209806442042E-4	2.2172069369248644E-4	0.01215484391193976	0.348187503267592	0.42913198941929326
25	file:/C:/Users/apovzner/Documents/Hakluyt/CC_ML_FR_trimmed_MAlem_AMER_cat_mod/enc_full_part/7_39-1587-En-enc_part-expl_y-The_third_voyage_Northwestward_made_by_M_John_Davis_Gentleman_for_the_discovery_of_a_passage_to_the_-414_422.txt	2.5338417427911346E-5	0.03940972030546032	0.008444905993372285	0.19395584996326135	7.237781995824184E-5	1.1818088499129703E-4	0.021741165653541252	7.851870509796794E-5	0.3102192889789804	0.42593465327790897
26	file:/C:/Users/apovzner/Documents/Hakluyt/CC_ML_FR_trimmed_MAlem_AMER_cat_mod/enc_full_part/7_42-1587-En-enc_part-expl_y-A_report_of_M_John_Davis_concerning_his_three_voyages_made_for_the_discovery_of_the_Northwest_passag-440_444.txt	3.9062449945162976E-5	0.00893642385263003	0.0376945159165234	0.25582574530519553	1.1157977712311655E-4	1.8219113003333835E-4	0.13221922206212297	1.2104674636348078E-4	0.19694134103880617	0.3679288717212568
27	file:/C:/Users/apovzner/Documents/Hakluyt/CC_ML_FR_trimmed_MAlem_AMER_cat_mod/enc_full_part/7_43-1385-It-enc_part-expl_y-The_voyage_of_M_Nicolas_Zeno_and_M_Anthony_his_brother-445_464.txt	1.0647589090303502E-5	0.004789992636840528	0.12226330767682178	0.4252039155440992	0.008437965927195423	0.02392710813555196	0.25833580041576193	3.299475628911825E-5	0.10849923778171609	0.04849902953663362
28	file:/C:/Users/apovzner/Documents/Hakluyt/CC_ML_FR_trimmed_MAlem_AMER_cat_mod/enc_full_part/7_44-1385-It-enc_full-expl_n-A_testimony_of_Ortelius_for_the_credit_of_the_history_of_M_Nicolas_andamp_M_Antonio_Zeni-464_466.txt	1.1206674522587353E-4	8.605696738901233E-4	0.18955321720679044	0.2631739459463417	3.2011260104704325E-4	0.05715639808124915	0.4678155278899757	3.4727250605582916E-4	0.019908009734554432	7.528796148697927E-4
29	file:/C:/Users/apovzner/Documents/Hakluyt/CC_ML_FR_trimmed_MAlem_AMER_cat_mod/enc_full_part/8_14.2-1583-En-enc_full-expl_n-A_discourse_of_the_necessitie_and_commoditie_of_planting_English_colonies_upon_the_North_partes_of_A-097_107.txt	0.004434931716776458	7.840506172802304E-4	0.07351043009684648	0.38999965344952214	0.3463162784241682	0.02027582407267965	0.16345830353324955	6.187916066935675E-5	3.937871915812261E-4	7.648617372266501E-4
30	file:/C:/Users/apovzner/Documents/Hakluyt/CC_ML_FR_trimmed_MAlem_AMER_cat_mod/enc_full_part/8_14.4-1583-En-enc_full-expl_n-A_discourse_of_the_necessitie_and_commoditie_of_planting_English_colonies_upon_the_North_partes_of_A-119_131.txt	0.03436064806978723	0.08330651344396492	0.13498777876855905	0.2593757474064699	0.09985978729193164	0.10311021692086102	0.28235099973222244	5.2648011045648535E-5	0.0024815205554662313	1.1413979969187694E-4
31	file:/C:/Users/apovzner/Documents/Hakluyt/CC_ML_FR_trimmed_MAlem_AMER_cat_mod/enc_full_part/8_2-1536-En-enc_part-expl_y-The_voyage_of_M_Hore_and_divers_other_gentlemen_to_Newfoundland_and_Cape_Briton_in_the_yere_1536-003_007.txt	4.4248813636345724E-5	0.13590605152015814	0.190843831702505	0.3596715220815555	0.0797890427212975	2.0638084324863724E-4	0.005822307848238446	0.056040731149536935	0.058173797666022514	0.11350208565380099
32	file:/C:/Users/apovzner/Documents/Hakluyt/CC_ML_FR_trimmed_MAlem_AMER_cat_mod/enc_full_part/8_25-1594-En-enc_part-expl_y-The_voyage_of_The_Grace_of_Bristoll_up_into_the_gulfe_of_S_Laurence_to_the_Northwest_of_Newfoundland-162_165.txt	6.047706978959083E-5	0.1723785105979289	0.048808430389566775	0.13056146858270992	1.7274948134729843E-4	2.820710350103119E-4	3.170129787073831E-4	0.31727341719792035	0.20557938454150226	0.1245664781255172
33	file:/C:/Users/apovzner/Documents/Hakluyt/CC_ML_FR_trimmed_MAlem_AMER_cat_mod/enc_full_part/8_26-1597-En-enc_part-expl_y-The_voyage_of_M_Charles_Leigh_and_divers_others_to_Cape_Briton_and_the_isle_of_Ramea_1597-166_180.txt	1.4613679990699252E-5	0.46260564993289194	0.0016395234290116616	0.25679517647641337	4.1743187091435446E-5	6.815964884918264E-5	9.997436000399634E-4	0.06928082833845392	0.14799067706786856	0.06056388463938924
34	file:/C:/Users/apovzner/Documents/Hakluyt/CC_ML_FR_trimmed_MAlem_AMER_cat_mod/enc_full_part/8_28-1534-Fr-enc_part-expl_y-The_first_voyage_of_Jaques_Cartier_of_Saint_Malo_to_Newfound-land_the_gulfe_of_Saint_Laurence_and_th-183_209.txt	8.696783363164236E-6	6.678330853320236E-5	0.044376126855260295	0.1476029761415354	2.4841891655852324E-5	4.0562657765049665E-5	4.558741368789059E-5	0.4351299545495573	0.36303202580936067	0.009672444589281171
35	file:/C:/Users/apovzner/Documents/Hakluyt/CC_ML_FR_trimmed_MAlem_AMER_cat_mod/enc_full_part/8_30-1535-Fr-enc_full-expl_n-The_second_voyage_of_Jaques_Cartier_by_the_Grand_bay_up_the_river_of_Canada_to_Hochelaga_Anno_1535-210_262.txt	4.256330776621646E-6	7.048616818723425E-4	0.0644687696430743	0.3424541602802484	1.2157978828373853E-5	0.0023052536484400965	2.2311135485816438E-5	0.4135364619575124	0.175118818793925	0.0013729485498367433
36	file:/C:/Users/apovzner/Documents/Hakluyt/CC_ML_FR_trimmed_MAlem_AMER_cat_mod/enc_full_part/8_31-1540-Fr-enc_part-expl_y-The_third_voyage_of_Jaques_Cartier_unto_the_countries_of_Canada_Hochelaga_and_Saguenay_Anno_1540-263_266.txt	5.07777280814581E-5	3.899263140717411E-4	0.005696804289851596	0.5314226293339602	0.06750484700746008	2.3683234596584722E-4	0.014700413820579348	0.30808787884218	0.0715687586441772	3.4113167367249414E-4
37	file:/C:/Users/apovzner/Documents/Hakluyt/CC_ML_FR_trimmed_MAlem_AMER_cat_mod/enc_full_part/8_33-1540-Fr-enc_full-expl_n-A_description_of_the_3_saults_or_falles_of_water_in_the_river_of_Canada-269_272.txt	6.313001045155946E-5	0.010454527074802175	0.001100771303198868	0.6567095648363209	0.0280956178793358	2.944446126480174E-4	3.3091935056882814E-4	0.2175361027037418	0.08499080624466125	4.2411598427079776E-4
38	file:/C:/Users/apovzner/Documents/Hakluyt/CC_ML_FR_trimmed_MAlem_AMER_cat_mod/enc_full_part/8_37-1542-Fr-enc_part-expl_y-The_voyage_of_John_Francis_de_la_Roche_knight_lord_of_Roberval_with_three_tall_ships_to_the_countrie-283_286.txt	5.678889631889219E-5	0.10267507349761891	0.07991152722302429	0.3396328608863205	0.12213153215723338	0.002058535466575413	0.0020913464877557924	0.17774895477427585	0.16793086578033475	0.005762514830542277
39	file:/C:/Users/apovzner/Documents/Hakluyt/CC_ML_FR_trimmed_MAlem_AMER_cat_mod/enc_full_part/8_38-1542-Fr-enc_full-expl_n-A_description_of_the_Salvages_in_Canada-287_287.txt	1.9602109200717987E-4	0.013887839407643465	0.4925297465669238	0.28697355365929816	0.06247281095352288	0.025679416679971437	0.0010275172140923681	6.074302927592943E-4	0.01005685940789397	0.10656880472588758
40	file:/C:/Users/apovzner/Documents/Hakluyt/CC_ML_FR_trimmed_MAlem_AMER_cat_mod/enc_full_part/8_41-1584-En-enc_part-expl_y-The_first_voyage_made_to_the_coast_of_Virginia-297_310.txt	0.028854623182184836	0.08512099999104612	0.30991485264560686	0.3735617173212931	4.5755904664096664E-5	7.471174608326396E-5	0.02892257147644201	4.963805744472181E-5	0.14653267241826298	0.026922457256971916
41	file:/C:/Users/apovzner/Documents/Hakluyt/CC_ML_FR_trimmed_MAlem_AMER_cat_mod/enc_full_part/8_42-1585-En-enc_part-expl_y-The_second_voyage_made_to_Virginia_by_sir_Richard_Grinvile_for_sir_Walter_Ralegh_Anno_1585_at_what_t-310_317.txt	3.228988534860435E-5	0.47856692000632506	0.0036226346534774553	0.286941590482106	0.0072313233175131785	0.021567870234314217	1.6925940314394664E-4	0.002139799634354405	0.16891528881187678	0.030813023571540418
42	file:/C:/Users/apovzner/Documents/Hakluyt/CC_ML_FR_trimmed_MAlem_AMER_cat_mod/enc_full_part/8_44-1585-En-enc_part-expl_y-An_extract_of_M_Ralph_Lanes_letter_to_M_Richard_Hakluyt_esquire_and_another_Gentleman_of_the_middle_-319_320.txt	1.7158714429594928E-4	0.09886948056734429	0.5015902312963001	0.12655283467515896	0.011329223725969013	0.038737129538134275	0.21226177689481907	0.005951261519923019	0.003383728898418154	0.0011527457396372767
43	file:/C:/Users/apovzner/Documents/Hakluyt/CC_ML_FR_trimmed_MAlem_AMER_cat_mod/enc_full_part/8_45-1585-En-enc_full-expl_n-An_account_of_the_particular_employments_of_the_Englishmen_left_in_Virginia_by_S_Richard_Grinvile_un-320_345.txt	9.332536141380886E-6	0.29159560573249066	0.10480478901547592	0.47762503699629744	0.0106382472231815	4.352787160206525E-5	0.022745930476191938	0.004450415226850666	0.05235768684571476	0.035729428076053615
44	file:/C:/Users/apovzner/Documents/Hakluyt/CC_ML_FR_trimmed_MAlem_AMER_cat_mod/enc_full_part/8_47-1586-En-enc_part-expl_y-A_briefe_and_true_report_of_the_commodities_aswell_marchantable_as_others_which_are_to_be_found_and_-348_374.txt	9.296910725173453E-6	0.010055190785818598	0.7134164561042594	0.2238576768117927	0.0026693264598864116	4.336171113732604E-5	0.02265910164124678	0.002965220758650422	0.024261910907563352	6.24579089197232E-5
45	file:/C:/Users/apovzner/Documents/Hakluyt/CC_ML_FR_trimmed_MAlem_AMER_cat_mod/enc_full_part/8_48-1586-En-enc_full-expl_n-A_description_of_the_nature_and_maners_of_the_people_of_Virginia-374_382.txt	7.924761459200997E-5	0.03565083956222465	0.4869678349856795	0.3237686953225917	2.2636652811404244E-4	3.696187124779311E-4	0.13808154765850322	2.4557256180542634E-4	0.01407788081609876	5.323962379127547E-4
46	file:/C:/Users/apovzner/Documents/Hakluyt/CC_ML_FR_trimmed_MAlem_AMER_cat_mod/enc_full_part/8_49.2-1587-En-enc_full-expl_n-The_fourth_voyage_made_to_Virginia_with_3_ships_Anno_1587_wherein_was_transported_the_second_colonie-392_397.txt	5.05345852446415E-5	0.3898426122416902	0.05355328237236472	0.506532225111305	1.4434931159007996E-4	2.3569830372678353E-4	2.6489576052349213E-4	1.5659660700440218E-4	0.04888030749947852	3.394982070721046E-4
47	file:/C:/Users/apovzner/Documents/Hakluyt/CC_ML_FR_trimmed_MAlem_AMER_cat_mod/enc_full_part/8_52-1590-En-enc_part-expl_y-The_fifth_voyage_to_Virginia_made_by_master_John_White_in_the_yeere_1590-406_422.txt	1.3726665081701104E-5	0.4986926155079556	0.005441995175840967	0.15709883838354904	3.9209476942946654E-5	6.402252358300863E-5	7.195340317261314E-5	4.253619905801301E-5	0.2725426628785898	0.06599243978622629
48	file:/C:/Users/apovzner/Documents/Hakluyt/CC_ML_FR_trimmed_MAlem_AMER_cat_mod/enc_full_part/8_53-1524-Fr-enc_full-expl_n-The_voyage_of_John_de_Verazzano_a_Florentine_to_the_coast_of_Florida_sailing_from_thence_Northerly_t-423_438.txt	1.3626234019591757E-5	1.0463696204396641E-4	0.21715012158403524	0.3857734123068366	3.892260104186696E-5	6.355410317615148E-5	0.017717088850950514	0.0396373687462975	0.316599479857281	0.02290178875431753
49	file:/C:/Users/apovzner/Documents/Hakluyt/CC_ML_FR_trimmed_MAlem_AMER_cat_mod/enc_full_part/8_56-1587-Fr-enc_full-expl_n-A_description_of_Florida_nat-452_456.txt	5.4073196540537204E-5	4.152324850632239E-4	0.32373435988112187	0.13893899947972244	0.029188614004910296	0.05661262484069116	0.24451194048684333	0.0958094904768128	0.10866350249103107	0.00207116265726333
50	file:/C:/Users/apovzner/Documents/Hakluyt/CC_ML_FR_trimmed_MAlem_AMER_cat_mod/enc_full_part/8_57-1587-Fr-enc_part-expl_y-The_voyage_of_captaine_John_Ribault_to_Florida_1562-457_468.txt	1.7994020659582048E-5	0.006389892292800994	0.08726942280163039	0.43895629751941334	0.16771102154769468	6.522635957923638E-4	0.001799335440429075	0.061436231886190545	0.23564665462072432	1.2088627466462256E-4
51	file:/C:/Users/apovzner/Documents/Hakluyt/CC_ML_FR_trimmed_MAlem_AMER_cat_mod/enc_full_part/8_58-1587-Fr-enc_part-expl_y-An_oration_of_captaine_John_Ribault_to_his_company-468_486.txt	1.2641474043852667E-5	8.956319934718482E-4	0.05532086280512054	0.5499467716660514	0.3246495641599991	5.896108525117813E-5	6.626497209333321E-5	3.917340833447243E-5	0.06892520129609477	8.492713953938328E-5
52	file:/C:/Users/apovzner/Documents/Hakluyt/CC_ML_FR_trimmed_MAlem_AMER_cat_mod/enc_full_part/9_1.1-1564-Fr-enc_full-expl_n-The_voiage_of_captaine_Rene_Laudonniere_to_Florida_1564_where_he_fortified_and_inhabited_two_summers-001_035.txt	6.539435520475365E-6	0.0027353255338256775	0.04617396649455698	0.5009485769727681	0.3052948812407489	3.050057405329465E-5	4.473725176430682E-4	2.0264407222756334E-5	0.1430593590806254	0.001283213743035512
53	file:/C:/Users/apovzner/Documents/Hakluyt/CC_ML_FR_trimmed_MAlem_AMER_cat_mod/enc_full_part/9_10-1539-Sp-enc_part-expl_y-A_letter_of_the_sayd_Francis_Vasquez_de_Coronado_governour_of_Nueva_Galicia-118_120.txt	9.608234124139914E-5	7.378241324137278E-4	0.0077448319361362395	0.5351804082710375	2.7445401494869846E-4	0.4465552682837064	5.036512070457119E-4	2.9774002415578713E-4	0.0018947607993606071	0.006714978989953991
54	file:/C:/Users/apovzner/Documents/Hakluyt/CC_ML_FR_trimmed_MAlem_AMER_cat_mod/enc_full_part/9_11-1539-Sp-enc_part-expl_y-A_letter_written_by_Don_Antonio_de_Mendoca_a_viceroy_of_Nueva_Espanna_to_the_emperour_Charles_the_fi-121_124.txt	5.730280692666171E-5	0.013109320366770365	9.991648188624111E-4	0.47663883263923745	1.6368237103360763E-4	0.4364527335440438	0.012969661343515496	0.001987468182686404	0.053617069475866405	0.004004764451057419
55	file:/C:/Users/apovzner/Documents/Hakluyt/CC_ML_FR_trimmed_MAlem_AMER_cat_mod/enc_full_part/9_12-1539-Sp-enc_part-expl_y-The_voyage_of_frier_Marco_de_Nica_from_the_towne_of_S_Michael_in_the_province_of_Culiacan_to_the_kin-125_144.txt	1.1728315430708966E-5	9.00626904541837E-5	0.0376185984296285	0.444654012644946	3.3501299166468735E-5	0.436058581991732	6.147831273645392E-5	3.634371180519673E-5	0.08135690018814566	7.879241595485345E-5
56	file:/C:/Users/apovzner/Documents/Hakluyt/CC_ML_FR_trimmed_MAlem_AMER_cat_mod/enc_full_part/9_13-1540-Sp-enc_full-expl_n-The_voyage_of_Francis_Vasquez_de_Coronado_from_Nueva_Galicia_to_Cibola_Acuco_Tiguex_Quivira_andamp_t-145_166.txt	1.034829590659527E-5	7.94654080093792E-5	0.06130119224276438	0.47371891009480166	0.010161876753538412	0.36121635364150056	5.4244428860536904E-5	0.0016663120492006844	0.09172177582805446	6.95212573633069E-5
57	file:/C:/Users/apovzner/Documents/Hakluyt/CC_ML_FR_trimmed_MAlem_AMER_cat_mod/enc_full_part/9_14-1540-Sp-enc_full-expl_n-A_testimony_of_Francis_Lopez_de_Gomara-167_169.txt	1.0163414320168908E-4	0.016830931821905516	0.34525231550875035	0.3863387278870393	2.9031243719897877E-4	0.15134849622207366	0.045474082893752606	3.149439518329017E-4	0.005214338307959796	0.048834216826285186
58	file:/C:/Users/apovzner/Documents/Hakluyt/CC_ML_FR_trimmed_MAlem_AMER_cat_mod/enc_full_part/9_15.2-1583-Sp-enc_part-expl_y-A_briefe_relation_of_two_notable_voyages_En-186_204.txt	1.1325556951301199E-5	8.696987525211961E-5	0.05993597611598643	0.49806567167825244	0.015414119573077251	0.39604393947210925	5.9367104873689894E-5	3.50956435562504E-5	0.03027144835015204	7.608662978919924E-5
59	file:/C:/Users/apovzner/Documents/Hakluyt/CC_ML_FR_trimmed_MAlem_AMER_cat_mod/enc_full_part/9_17.2-1540-Sp-enc_part-expl_y-The_voyage_of_the_right_worshipfull_knight_Francisco_de_Ulloa-217_267.txt	3.645239425499373E-6	2.7992090761008036E-5	0.02090284900092558	0.22317049453045518	1.041242941056191E-5	0.0193595457812968	2.493762548910156E-4	1.1295870402189696E-5	0.729101579770479	0.007162809031953165
60	file:/C:/Users/apovzner/Documents/Hakluyt/CC_ML_FR_trimmed_MAlem_AMER_cat_mod/enc_full_part/9_18-1540-Sp-enc_full-expl_n-The_voyage_and_discovery_of_Fernando_Alarchon-279_318.txt	6.1316324414877175E-6	4.708530545747413E-5	0.025477218173265134	0.7439408039187781	1.7514676682658748E-5	0.09492515358137732	0.0011941398574495223	1.9000706765213046E-5	0.13433175900826824	4.1193139514902123E-5
61	file:/C:/Users/apovzner/Documents/Hakluyt/CC_ML_FR_trimmed_MAlem_AMER_cat_mod/enc_full_part/9_2.1-1565-Fr-enc_full-expl_n-The_voiage_of_captaine_Rene_Laudonniere_the_rest-049_076.txt	7.607991980687659E-6	0.011832974056020226	0.05660244593861399	0.5635807892096089	0.3025556205239654	3.548442706977983E-5	3.988011006768051E-5	2.3575650705844442E-5	0.06503021359579435	2.9140849617326155E-4
62	file:/C:/Users/apovzner/Documents/Hakluyt/CC_ML_FR_trimmed_MAlem_AMER_cat_mod/enc_full_part/9_20-1578-En-enc_part-expl_y-The_voyage_and_course_which_sir_Francis_Drake_held_from_the_haven_of_Guatulco-319_326.txt	3.133127078803404E-5	0.03586591458942984	0.33502847378377393	0.3724341947037332	0.006027049282773774	0.043688188953697187	0.00610178767066762	0.004055458163870742	0.15796301804181814	0.03880458353944753
63	file:/C:/Users/apovzner/Documents/Hakluyt/CC_ML_FR_trimmed_MAlem_AMER_cat_mod/enc_full_part/9_24-1572-En_Sp_col)-enc_part-expl_y-The_memorable_voyage_of_M_John_Chilton_to_all_the_principall_parts_of_Nueva_Espanna-360_377.txt	1.1728315430708966E-5	0.05602598951734789	0.05391780889574323	0.2338755863899624	3.3501299166468735E-5	0.5527461114650533	6.147831273645392E-5	3.634371180519673E-5	0.1032126596767995	7.879241595485345E-5
64	file:/C:/Users/apovzner/Documents/Hakluyt/CC_ML_FR_trimmed_MAlem_AMER_cat_mod/enc_full_part/9_25-1572-En_Sp_col)-enc_part-expl_y-The_voyage_of_Henrie_Hawks_merchant_to_Nueva_Espanna_in_which_countrey_he_travelled_for_the_space_of-378_397.txt	1.109146908321601E-5	0.018301912724251558	0.35577015755074415	0.2954444150279536	3.168218199346269E-5	0.2705002626905928	0.004262003222424962	3.4370251911981954E-5	0.0510154057781395	0.004628699102904728
65	file:/C:/Users/apovzner/Documents/Hakluyt/CC_ML_FR_trimmed_MAlem_AMER_cat_mod/enc_full_part/9_5-1568-Fr-enc_full-expl_n-The_voyage_of_captaine_Dominique_Gourgues_to_Florida_1567-100_112.txt	1.7943032151128474E-5	0.07494578187618041	0.033749772310584396	0.451880636097252	0.3440546888521711	6.50415318050707E-4	9.405505407357908E-5	5.560188019027149E-5	0.09273038012810389	0.001820725451242433
66	file:/C:/Users/apovzner/Documents/Hakluyt/CC_ML_FR_trimmed_MAlem_AMER_cat_mod/enc_full_part/9_7-1586-Sp-enc_full-expl_n-The_relation_of_Nicolas_Burgoignon_alias_Holy_whom_sir_Francis_Drake_brought_also_from_S_Augustines-113_115.txt	1.0823562959527713E-4	8.311502245948606E-4	0.12153831757727473	0.12768881500508922	0.1746578547053078	0.4141556244846563	0.010823162201063058	0.05845162913534513	0.08076226434915973	0.010982946687913938
67	file:/C:/Users/apovzner/Documents/Hakluyt/CC_ML_FR_trimmed_MAlem_AMER_cat_mod/enc_full_part/9_9-1539-Sp-enc_full-expl_n-An_extract_of_a_letter_of_C_Francis_Vasquez_de_Coronado-116_118.txt	1.1790970081520863E-4	9.054382062628085E-4	0.255298506544021	0.3476543071991088	3.3680268790318036E-4	0.31710314867999906	6.180674031326699E-4	3.653786607959495E-4	0.07308415216712948	0.00451628875083192
