0	file:/C:/Users/apovzner/Documents/Hakluyt/CC_ML_FR_trimmed_morphad_lem/01_01_NNE-_0517_The_voyage_of_Arthur_K_of_Britaine_to_Island_and_the_most_Northeastern_parts_of_Europe_Anno_517_pp.003-004.txt	6.144989283491506E-4	1.1894834715725033E-4	0.04027244855977964	3.588154438329612E-4	0.0019963874489808634	5.984109828142211E-4	0.3646158679336913	8.10218713658045E-4	0.0018401474198709595	0.008035919052017221	0.14347887395251546	0.13154361498650577	0.04783937228244686	6.363909594250855E-5	0.0010301605750434825	8.090421026411101E-4	0.1114473135390422	1.9575138933942225E-4	0.14280993880401444	0.0015206304423572134
1	file:/C:/Users/apovzner/Documents/Hakluyt/CC_ML_FR_trimmed_morphad_lem/01_02_NNE-_0517_Two_testimonies_of_Galfridus_Monumetensis_in_his_history_of_the_Kings_of_Brittaine_concerning_the_co_pp.004-004.txt	6.144989283491506E-4	1.1894834715725033E-4	0.08778497320922328	3.588154438329612E-4	0.0019963874489808634	0.016435919199295438	0.5150721959902628	8.10218713658045E-4	0.017677655636352176	1.1716494377661207E-4	9.413000041845169E-4	0.0523560739040997	3.2684763300320905E-4	6.363909594250855E-5	0.0010301605750434825	8.090421026411101E-4	0.23814737927089194	0.05562703014702368	2.723648556834686E-4	0.009439384550597823
2	file:/C:/Users/apovzner/Documents/Hakluyt/CC_ML_FR_trimmed_morphad_lem/01_03_NNE-_0580_A_testimony_of_M_Lambard_in_his_touching_the_right_and_appendances_of_the_Crowne_of_the_kingdome_of__pp.005-007.txt	1.675013781269397E-4	3.242318441187013E-5	1.849954461620304E-4	9.780664955220437E-5	0.07609203760672044	0.002321626327842428	0.2720685598415625	2.2085107859593953E-4	0.032879244681099457	3.1937060660904986E-5	0.09954805229113961	0.04880748975703683	0.12096566595269259	1.7346875285461924E-5	2.808032822374287E-4	2.2053035555190525E-4	0.09297533409700867	0.17057566687251038	0.0820976306972585	4.144965645438676E-4
3	file:/C:/Users/apovzner/Documents/Hakluyt/CC_ML_FR_trimmed_morphad_lem/01_04_NNE-_0580_The_voyage_of_Malgo_king_of_Britaine_to_Island_Gotland_Orkney_Denmark_and_Norway_Anno_580_pp.007-008.txt	8.409011762458785E-4	1.6277295276290968E-4	9.287260201518477E-4	4.910152237122955E-4	0.10025854970291809	8.188858859018486E-4	0.40142609538775637	0.0011087307689239105	0.002518120143825711	1.6033248308702523E-4	0.05546956541063133	0.10415470248838603	4.4726938708250334E-4	8.708589741083107E-5	0.0014097066720741216	0.022779704077584045	0.22836232591904676	0.07612191482150014	3.7271330664084514E-4	0.0020808822743575723
4	file:/C:/Users/apovzner/Documents/Hakluyt/CC_ML_FR_trimmed_morphad_lem/01_05_NNE-_0624_The_conquest_of_the_Isles_of_Anglesey_and_Man_by_Edwin_the_Saxon_king_of_Northumberland_Anno_624_pp.008-010.txt	0.024879394398531478	6.1490668276943E-5	0.024912571951997396	1.8549060963586343E-4	0.07471722043590297	3.0935016851359263E-4	0.4832298847688939	4.1884474516871463E-4	9.512691624573002E-4	6.05687330983244E-5	0.19698042775729616	0.04344009836500837	0.07385414733356123	3.289840196662891E-5	0.02918789305964628	4.182364929360232E-4	3.0229120062616715E-4	0.04513102800034105	1.407997453633283E-4	7.860940007782954E-4
5	file:/C:/Users/apovzner/Documents/Hakluyt/CC_ML_FR_trimmed_morphad_lem/01_06_NNE-_0624_The_voyage_of_Bertus_into_Ireland_Anno_684_pp.010-010.txt	5.694088422600014E-4	0.11751341564952626	6.288786635693498E-4	3.324866440480545E-4	0.0018498985329079335	5.545013818580832E-4	0.2644844533370035	7.507672974480505E-4	0.0017051229279623856	1.0856773203580325E-4	0.06691152763487665	0.20994373606106376	0.13238145933193748	5.8969450183496056E-5	0.18439706325877908	7.49677022614304E-4	5.418483826149382E-4	1.8138774020972024E-4	2.5237954045530535E-4	0.016084450568645856
6	file:/C:/Users/apovzner/Documents/Hakluyt/CC_ML_FR_trimmed_morphad_lem/01_07_NNE-_0890_The_voyage_of_Octher_to_the_North_parts_beyond_Norway_about_the_yeere_890_pp.011-014.txt	1.4633795578125977E-4	2.832658799473348E-5	1.6162168767159288E-4	8.544899938934702E-5	0.4247775710198735	0.2773532430924898	8.410671501637595E-5	1.92947041601792E-4	4.3821624308362057E-4	2.790188488620713E-5	0.19257446984782836	0.08412809430123482	7.783612348052216E-5	1.5155136613521871E-5	2.453244191707607E-4	1.9266684119293118E-4	0.01899712814445489	4.661661206510082E-5	6.486149018103772E-5	3.6212585598989185E-4
7	file:/C:/Users/apovzner/Documents/Hakluyt/CC_ML_FR_trimmed_morphad_lem/01_08_NNE-_0890_The_second_voyage_of_Octher_into_the_Sound_of_Denmarke_pp.014-015.txt	0.039581398741759755	1.1709387199739204E-4	0.10200694558683486	0.06271558964347777	0.0019652625866177615	0.2578338508238447	3.476726856082943E-4	7.975869241927839E-4	0.0018114584320692486	0.3586989562558986	9.266245797885228E-4	0.02815392358330116	3.217518848827108E-4	6.264692475693334E-5	0.001014099761734678	7.96428657238258E-4	0.07073330371901047	1.9269950927792127E-4	2.6811852631988657E-4	0.07165458730138838
8	file:/C:/Users/apovzner/Documents/Hakluyt/CC_ML_FR_trimmed_morphad_lem/01_09_NNE-_0890_Wolstans_Navigation_into_the_East_sea_or_the_Sound_of_Denmarke_pp.015-016.txt	0.007316555032013351	1.0198831843041837E-4	5.819099762589367E-4	3.0765441149854046E-4	0.08997748902750796	5.130876664207297E-4	3.028215906137872E-4	0.08896044795395373	0.04231581316336491	0.5093259559358156	0.11623153242193549	0.004152940797607095	2.8024467148661796E-4	5.4565233874398496E-5	8.83277046490625E-4	6.936863399933952E-4	0.03444974612338613	1.6784054176686305E-4	2.3353021958327707E-4	0.10314891352799814
9	file:/C:/Users/apovzner/Documents/Hakluyt/CC_ML_FR_trimmed_morphad_lem/01_10_NNE-_0973_The_voyage_of_King_Edgar_with_4000_shippes_round_about_his_large_Monarchie_Anno_973_pp.016-023.txt	6.07543408187236E-5	1.1760196950106574E-5	6.709960545830388E-5	0.007081684879454392	0.029165129110708773	0.001624988084821577	0.30145610138596834	8.010478390829684E-5	0.03149841844894894	1.1583875248300452E-5	0.10656911888622825	0.3551380829330284	0.09319886235538759	6.291876431214543E-6	0.004016410839093375	7.99884546139139E-5	0.0509471043956508	1.935356771998894E-5	0.018816820138603325	1.5034184095729557E-4
10	file:/C:/Users/apovzner/Documents/Hakluyt/CC_ML_FR_trimmed_morphad_lem/01_11_NNE-_0973_The_voyage_of_Edmund_and_Edward_the_sonnes_of_King_Edmund_Ironside_into_Hungary_Anno_1017_pp.024-025.txt	5.268817421798361E-4	1.0198831843041837E-4	5.819099762589367E-4	3.0765441149854046E-4	0.00850140954950579	5.130876664207297E-4	0.3397864860822895	6.946951861180518E-4	0.05589515974303194	0.020469479067802592	8.070864947657494E-4	0.09241869356544279	0.047807957700321216	5.4565233874398496E-5	0.18420445587199552	6.936863399933952E-4	0.09555680573188775	0.0612749001502685	0.08849928298741896	0.001303814180495423
11	file:/C:/Users/apovzner/Documents/Hakluyt/CC_ML_FR_trimmed_morphad_lem/01_12_NNE-_1249_A_Chronicle_of_the_Kings_of_Man_taken_out_of_M_Camdens_Chorographie_pp.025-041.txt	0.028439202327741026	6.010162401904068E-6	3.4291902390668754E-5	0.022824675600939717	0.0921272843488174	3.0236209882276374E-5	1.78452490089193E-5	0.04845483327308793	0.0024936670512316216	5.920051490723682E-6	4.756153430684378E-5	0.24231420716873953	1.651479320204651E-5	3.215524308372174E-6	0.04966629088795679	4.0878873419088326E-5	0.4573608018464559	9.890827980761636E-6	1.3761914766791544E-5	0.05609291045187175
12	file:/C:/Users/apovzner/Documents/Hakluyt/CC_ML_FR_trimmed_morphad_lem/01_13_NNE-_1067_The_mariage_of_the_daughter_of_Harald_unto_Jeruslaus_duke_of_Russia_in_his_owne_Countrey_Anno_1067_pp.042-042.txt	6.243876732545897E-4	0.09667509018111706	6.895995572303132E-4	3.645896351757002E-4	0.018120885335858657	6.080408345269986E-4	0.16932876086922904	0.03300799961168007	0.0179621310341917	1.1905040555272883E-4	9.564477533366207E-4	0.10147572112056363	0.11297870633829185	6.466319990226464E-5	0.09760096597448825	8.220615085370181E-4	0.1293331363653733	0.07261457224812079	0.14510808936155595	0.0015451009920135208
13	file:/C:/Users/apovzner/Documents/Hakluyt/CC_ML_FR_trimmed_morphad_lem/01_14_NNE-_1278_The_ancient_state_of_the_shipping_of_the_Cinque_Ports_pp.042-050.txt	7.40262824542637E-5	1.432924214820984E-5	0.03251576308954941	4.322509311039629E-5	0.06797033180004282	7.208823057925566E-5	4.2546087300884867E-5	0.0020054865502576185	0.12137222495642606	1.4114402518237361E-5	1.133947298674064E-4	0.3697587802287666	3.937405597305712E-5	7.666352981330853E-6	0.39600975360035734	0.0010514034731446827	7.044327105922252E-5	2.3581404245869008E-5	3.281072888378306E-5	0.008768656420333459
14	file:/C:/Users/apovzner/Documents/Hakluyt/CC_ML_FR_trimmed_morphad_lem/01_15_NNE-_1243_The_voyage_of_a_certaine_Englishman_into_Tartaria_and_from_thence_into_Poland_and_Hungary_Anno_1243_pp.050-054.txt	1.1542834564372591E-4	2.2343425343804302E-5	1.274838364966966E-4	0.013454629891296425	0.26663212413348947	1.1240636325737399E-4	6.634163310563242E-5	0.10427508867595037	3.456558874511E-4	2.2008428336737858E-5	0.08793754179125375	0.4114515235499055	6.139552050397037E-5	1.1954057564657537E-5	0.053742424784201805	1.5197160996662285E-4	0.06109610908272675	3.677021714197694E-5	5.116139874726016E-5	2.85637367616449E-4
15	file:/C:/Users/apovzner/Documents/Hakluyt/CC_ML_FR_trimmed_morphad_lem/01_16_NNE-_1246_Libellus_historicus_Johannis_de_Plano_Carpini_pp.055-094.txt	9.229049559106538E-6	1.78646396314678E-6	1.019294384279343E-5	5.388985010280831E-6	2.998338622871275E-5	8.987427580944669E-6	0.020104533890856348	1.2168530028447826E-5	2.7636845160455175E-5	1.7596793465681864E-6	1.4137216499212643E-5	7.274440043904433E-5	0.025099213227155893	9.557842060489887E-7	1.5471797528525555E-5	1.3108121113962717E-4	8.782346190527832E-6	0.11714933709051456	0.8372737716479588	2.2838076790960476E-5
16	file:/C:/Users/apovzner/Documents/Hakluyt/CC_ML_FR_trimmed_morphad_lem/01_17_NNE-_1246_The_long_and_wonderfull_voyage_of_Frier_John_de_Plano_Carpini_Anno_1246_pp.094-179.txt	5.204841739774775E-6	0.00368998448612575	5.748442374740866E-6	0.010130957823914781	0.12436897012400955	0.005706214828064236	0.017374719438209365	0.04434165874888572	0.001021670788635325	9.923939028586563E-7	7.972865900013439E-6	0.11802121640980281	0.020795184161677003	5.390268518985903E-7	8.725520114512196E-6	6.852633765162559E-6	0.014492571628977016	0.12643296020595007	0.5135749758026212	1.2879828478164578E-5
17	file:/C:/Users/apovzner/Documents/Hakluyt/CC_ML_FR_trimmed_morphad_lem/01_18_NNE-_1253_The_journall_of_Frier_William_de_Rubricis_Anno_1253_pp.179-293.txt	3.876479206199477E-6	0.007294083353762072	4.281343880915614E-6	0.0068460075016469136	0.15562034905202785	3.774990686920581E-6	0.016786884711894216	0.019836982348635818	0.0017100557160920743	7.391184057321967E-7	0.002004111477924883	0.08944881541213247	0.018385257340932295	4.014581974702787E-7	6.4986216638828026E-6	6.045557533535095E-4	0.00609811778299584	0.5230730820344496	0.15226253282095567	9.592681155600583E-6
18	file:/C:/Users/apovzner/Documents/Hakluyt/CC_ML_FR_trimmed_morphad_lem/01_19_NNE-_1278_Part_of_the_great_Charter_graunted_by_King_Edward_the_first_to_the_Barons_of_the_Cinque_Ports_pp.293-296.txt	1.602379956984928E-4	3.1017213962164356E-5	1.7697346635492888E-4	9.356544803083917E-5	5.205820689089291E-4	1.5604287016044E-4	9.209566559173095E-5	0.04563930519169264	0.3515146248657802	3.0552170053946146E-5	0.0023103658074217583	0.16026112196435138	8.522945638315718E-5	1.6594660643732842E-5	0.3306543060848649	2.1096747119019605E-4	0.1033980069592386	5.1044532115314134E-5	7.102241608569696E-5	0.00452634369147088
19	file:/C:/Users/apovzner/Documents/Hakluyt/CC_ML_FR_trimmed_morphad_lem/01_20_NNE-_1345_The_rolle_of_the_huge_Fleete_of_Edward_the_thirde_before_Caleis_pp.297-299.txt	2.307597265297026E-4	4.4668081252651634E-5	0.003228550929733708	1.347441791574321E-4	7.496934502583847E-4	0.04780376387838524	1.326275363959677E-4	3.042574041508275E-4	6.910214091414816E-4	4.3998368650363086E-5	3.534817092872271E-4	0.010739945009486497	1.2273946613922582E-4	2.3898073208594356E-5	0.9162834784546847	3.038155572671735E-4	0.01806173261321726	7.350954572553544E-5	1.0227981972672874E-4	5.710347876013123E-4
20	file:/C:/Users/apovzner/Documents/Hakluyt/CC_ML_FR_trimmed_morphad_lem/01_21_NNE-_1345_The_summe_of_expences_layde_out_in_the_siege_of_Caleis_pp.299-300.txt	0.0018352857812050437	3.552556402694086E-4	0.00202696548366041	0.001071651799153737	0.10056429055744547	0.00178723691353919	0.0010548176469278453	0.002419829907332183	0.005495854002680114	3.499292601641878E-4	0.002811322255954395	0.20366953604226518	9.761755241507625E-4	1.9006693506496653E-4	0.31053258013752283	0.3571730814123755	0.0017464544952185085	5.846385159221097E-4	8.134551971941199E-4	0.004541572491954024
21	file:/C:/Users/apovzner/Documents/Hakluyt/CC_ML_FR_trimmed_morphad_lem/01_22_NNE-_1360_A_note_of_Thomas_Walsingham_touching_King_Edward_the_thirde_his_huge_Fleete_of_1100_ships_wherewith__pp.300-301.txt	4.452567499068917E-4	8.618819662439067E-5	4.917599605852625E-4	2.5999231400886455E-4	0.0014465525423716689	4.335996647419007E-4	0.1838658605614038	5.870723845300947E-4	0.0242845873951314	8.48959691583978E-5	6.820519307926323E-4	0.15269264977798777	0.14941991521072154	4.611193888083432E-5	0.247472312462105	5.862198297523142E-4	0.13813116975769613	1.4183853443192128E-4	0.0977401387014372	0.0011018261177320535
22	file:/C:/Users/apovzner/Documents/Hakluyt/CC_ML_FR_trimmed_morphad_lem/01_23_NNE-_1360_The_voyage_of_Nicolaus_de_Linna_a_Franciscan_Frier_and_an_excellent_Mathematician_of_Oxford_to_all_t_pp.301-303.txt	2.2804715997510344E-4	0.14404214818061942	2.5186471047185385E-4	0.017765569065844127	0.04482190284013358	0.03548689434303434	0.2322911176593152	3.0068087686463115E-4	6.828984944928205E-4	4.348117050208683E-5	0.21487696690851268	0.07526586319542133	0.03538611426381744	2.3617152811088813E-5	0.06503446925315082	3.0024422386422915E-4	2.1700924822663212E-4	0.0911734242264713	0.029488425520531228	0.012319261505939982
23	file:/C:/Users/apovzner/Documents/Hakluyt/CC_ML_FR_trimmed_morphad_lem/01_24_NNE-_1360_A_Testimonie_of_the_learned_Mathematician_Master_John_Dee_touching_the_foresaid_voyage_of_Nicholas_D_pp.303-304.txt	7.816126941324347E-4	1.5129650158047682E-4	8.632453696432053E-4	4.5639576053297076E-4	0.002539307557007667	7.61149611330332E-4	0.08102738136535372	0.0010305587241951383	0.09299100216559918	1.4902809938031292E-4	0.30336536878021075	0.0665943748483297	4.157342628550422E-4	8.094582909266576E-5	0.23297250952003856	0.0010290621323143954	0.13168328295339424	2.489862288495633E-4	0.020490973561001505	0.06236778403515821
24	file:/C:/Users/apovzner/Documents/Hakluyt/CC_ML_FR_trimmed_morphad_lem/01_25_NNE-_1390_The_voyage_of_Henry_Earle_of_Derby_afterward_King_of_England_into_Prussia_and_Letto_Anno_1390_pp.304-305.txt	3.312260137651688E-4	6.41153060733502E-5	3.6581970179684837E-4	1.9340800065747717E-4	0.0010760888687523123	3.225543207428205E-4	0.22214464230472408	0.1156822101411507	9.918726730110835E-4	6.315401946168583E-5	5.073776922293069E-4	0.11358789670853918	1.7617677361793791E-4	3.430262136548342E-5	0.17982603368008665	4.3608829611130735E-4	0.11556068168176524	0.10254594698136575	0.14527075695976718	8.196472550164721E-4
25	file:/C:/Users/apovzner/Documents/Hakluyt/CC_ML_FR_trimmed_morphad_lem/01_26_NNE-_1402_The_voyage_of_Thomas_of_Woodstock_duke_of_Glocester_into_Prussia_Anno_1391_pp.306-307.txt	3.8362418402234716E-4	7.425800194899578E-5	4.236904070602681E-4	2.2400410400199252E-4	0.006189901908492743	3.7358067589937356E-4	0.3017789617055396	0.01039297281861624	0.02092310790510144	7.314464497615608E-5	5.8764210866181E-4	0.23537210297792022	0.10401926017418175	3.972911119381687E-5	0.11928907460405058	5.050751142873802E-4	0.08440594291511866	0.05450160258652047	0.029831523537803013	0.030610800514603218
26	file:/C:/Users/apovzner/Documents/Hakluyt/CC_ML_FR_trimmed_morphad_lem/01_27_NNE-_1402_Certaine_verses_of_Geffrey_Chaucer_concerning_the_long_Voyages_and_valiant_exploits_of_the_English_k_pp.307-308.txt	4.3043811458544254E-4	8.331975845909104E-5	0.006022243984843598	2.513394832803406E-4	0.0013984096796229215	4.1916899006115424E-4	2.4739129122275307E-4	0.10595769038450317	0.029023219902051846	8.207053774723478E-5	0.2613613183618057	0.23081362518727871	2.2894698821456527E-4	4.45772827383212E-5	0.15048655577956274	5.6670978778862E-4	0.21118991693151415	1.3711799169626379E-4	1.9078343273060393E-4	0.0010651561302928204
27	file:/C:/Users/apovzner/Documents/Hakluyt/CC_ML_FR_trimmed_morphad_lem/01_28_NNE-_0604_A_testimonie_out_of_Cornelius_Tacitus_proving_London_to_have_bene_a_famous_Mart-towne_in_the_raigne__pp.308-309.txt	0.0015131958928008905	2.929088108539978E-4	0.0016712360963806903	8.835785236277312E-4	0.004916079017994053	0.0014735795289897114	0.3128670192201862	0.13849398111602823	0.004531339908724417	2.885172024291647E-4	0.002317939437342944	0.22642533703371465	8.048581909830964E-4	1.5671047443560423E-4	0.19753508277724838	0.0019922560159843384	0.09893911701375385	4.820353375623446E-4	6.706950361504266E-4	0.0037445333648092717
28	file:/C:/Users/apovzner/Documents/Hakluyt/CC_ML_FR_trimmed_morphad_lem/01_29_NNE-_0604_A_testimony_out_of_venerable_Beda_prooving_London_to_have_bene_a_Citie_of_great_traffique_in_his_tim_pp.309-309.txt	7.586875772011326E-4	1.4685889454560223E-4	8.37925922827616E-4	4.430094296101056E-4	0.01224167265167375	7.388246875247745E-4	0.48927826731082413	0.04988455358153844	0.0022719274570997604	0.08813625607504266	0.09893061403905055	0.025533748982910175	4.035405553323165E-4	7.857164477992206E-5	0.10881716957197474	9.988791914666035E-4	7.219656705449748E-4	0.05890274936287805	0.05899733973965495	0.001877437653519832
29	file:/C:/Users/apovzner/Documents/Hakluyt/CC_ML_FR_trimmed_morphad_lem/01_30_NNE-_0795_The_league_betweene_Carolus_Magnus_and_Offa_King_of_Mercia_concerning_the_safe_trade_of_English_Merc_pp.310-312.txt	0.003120924117805554	0.05217473091272391	2.482174836862293E-4	1.3123198945321857E-4	0.0036263315156250513	2.188608799735061E-4	0.2347196926141557	2.9632674822957446E-4	0.08466220878101716	4.285152417557916E-5	0.011928985132187098	0.14658042815445516	0.3071145444108727	2.327515526736219E-5	0.06698889112493167	2.9589641835604526E-4	0.06682599031786668	7.159347431322615E-5	0.02037286882940964	5.561504154948348E-4
30	file:/C:/Users/apovzner/Documents/Hakluyt/CC_ML_FR_trimmed_morphad_lem/01_31_NNE-_0795_An_ancient_testimony_translated_out_of_the_olde_Saxon_Lawes_conteyning_the_advancement_of_Merchants__pp.312-312.txt	0.01812039838967471	0.003507559311898492	0.020012917041143247	0.010580781333644441	0.058869648500225316	0.017645995638237082	0.010414572044601021	0.023891800615007286	0.054262428794421017	0.003454970156318555	0.027757137226990407	0.14282700598057266	0.24314702861294252	0.0018765952525498497	0.2638863824416327	0.02385710460596164	0.017243337003362304	0.005772334167761543	0.008031518794653617	0.04484048408840171
31	file:/C:/Users/apovzner/Documents/Hakluyt/CC_ML_FR_trimmed_morphad_lem/01_32_NNE-_1027_A_testimony_of_certaine_Privileges_obteined_for_the_English_and_Danish_Merchants_by_Canutus_the_King_pp.313-314.txt	3.384491124697378E-4	6.5513478816418E-5	0.026542389285622033	1.9762567988841086E-4	0.0010995553109726284	3.295883144494936E-4	0.15720607382678967	0.10512061456849928	0.07951927888425353	6.453122927373109E-5	0.004879874174622357	0.09425776607593081	0.03943290683126443	3.5050664120736355E-5	0.009290248149434256	4.455981433932678E-4	0.17477934817195376	0.10914361487849852	0.19641445178583186	8.37521433915085E-4
32	file:/C:/Users/apovzner/Documents/Hakluyt/CC_ML_FR_trimmed_morphad_lem/01_33_NNE-_1140_The_flourishing_state_of_Merchandise_in_the_City_of_London_in_the_dayes_of_Wilhelmus_Malmesburiensis_pp.314-315.txt	5.866268076888115E-4	1.1355315030439098E-4	6.478948963438122E-4	0.00790211988619774	0.00946541575771577	5.712685707643286E-4	0.16664790656735692	7.73469237448201E-4	0.03199500059825007	0.15886301815104292	0.10673271668705715	0.057540913921302894	0.10614613432482053	6.075258714811621E-5	0.061460070334255504	0.053689401832351866	0.038356129993121296	0.19673593714076335	2.6001107316078834E-4	0.0014516584829055877
33	file:/C:/Users/apovzner/Documents/Hakluyt/CC_ML_FR_trimmed_morphad_lem/01_34_NNE-_1140_A_testimony_of_the_said_Wil_of_Malmesbury_concerning_traffique_to_Bristow_in_his_time_pp.315-315.txt	0.0011041221496094148	2.1372454645051577E-4	0.10081750062075943	6.447140277725644E-4	0.0035870780239499076	0.001075215578438419	0.24251559534311196	0.0014557884261591524	0.01753464300091166	2.105201548992709E-4	0.3289420899660778	0.13675746598049723	0.15709851579546497	1.143457411716078E-4	0.0018509765535565123	0.0014536743097216145	0.0010506805595091406	3.5172306218192147E-4	4.893809509858442E-4	0.0027322452087711322
34	file:/C:/Users/apovzner/Documents/Hakluyt/CC_ML_FR_trimmed_morphad_lem/01_35_NNE-_1157_The_league_betweene_Henry_the_second_and_Frederick_Barbarossa_Emperour_of_Germany_partly_touching_tr_pp.316-318.txt	1.6822762020695994E-4	3.256376284263571E-5	1.8579753793654204E-4	9.823071355337799E-5	5.465388043154893E-4	1.6382332157192212E-4	0.12366521891470207	2.2180863099633042E-4	0.046029014287402165	3.207553138648034E-5	0.04795081128733493	0.21377714793328204	0.3296055624635133	1.7422086790764398E-5	0.01762497252864869	2.2148651738122612E-4	0.1324000922336425	5.358966283187106E-5	0.08462145347901534	0.0025841626826453206
35	file:/C:/Users/apovzner/Documents/Hakluyt/CC_ML_FR_trimmed_morphad_lem/01_36_NNE-_1199_A_generall_safe_conduct_granted_by_King_John_to_all_forreine_Merchants_pp.319-320.txt	3.604587405496438E-4	6.977387498778952E-5	3.981055336777559E-4	2.1047744268856125E-4	0.00117106030996995	3.5102171744346686E-4	2.0717113618757497E-4	4.7526595022634775E-4	0.10327072222665837	6.872774893806012E-5	5.521568847959643E-4	0.07716212933481623	0.5901142918146859	3.733003804381051E-5	0.1446011284870737	4.7457576232574287E-4	3.4301185909062253E-4	1.1482574827541383E-4	0.06054554092767042	0.01947222446189475
36	file:/C:/Users/apovzner/Documents/Hakluyt/CC_ML_FR_trimmed_morphad_lem/01_37_NNE-_1229_The_letters_of_King_Henry_the_third_unto_Haquinus_king_of_Norwey_pp.320-322.txt	2.6369375688279755E-4	5.104311023154924E-5	2.912342856528972E-4	1.5397486968133742E-4	0.004254785169882218	2.567900983035576E-4	1.5155613964493533E-4	3.4768102374923014E-4	0.03137250316099447	5.027781624032721E-5	4.039306221803136E-4	0.09042894571899594	0.6457783948731007	2.7308806442978843E-5	0.00723825339360824	3.471761164741617E-4	0.1565633217950848	0.00348209629209836	0.05788450007286183	6.52532877889238E-4
37	file:/C:/Users/apovzner/Documents/Hakluyt/CC_ML_FR_trimmed_morphad_lem/01_38_NNE-_1229_A_mandate_for_the_king_of_Norway_his_ship_called_The_Cog_pp.322-323.txt	0.0016766697937303824	3.245523978837587E-4	0.0018517834302383277	9.790334668522912E-4	0.005447173913355931	0.0016327735864675613	9.636542192009096E-4	0.002210694243446532	0.19947885390070033	3.1968635428237125E-4	0.002568351564248328	0.22928012467147513	8.918088024677216E-4	1.73640253781675E-4	0.002810809000932761	0.002207483842158502	0.520150137990728	5.341106818003755E-4	7.431517051218271E-4	0.025755506181127236
38	file:/C:/Users/apovzner/Documents/Hakluyt/CC_ML_FR_trimmed_morphad_lem/01_39_NNE-_1236_A_Charter_granted_for_the_behalfe_of_the_Merchants_of_Colen_in_the_20_yeere_of_Henry_the_thirde_pp.323-324.txt	3.112952509889106E-4	6.025731514700615E-5	3.438073434904634E-4	1.8177011951307076E-4	0.0010113376986208506	3.03145357128809E-4	1.789147649432208E-4	4.1044373909922716E-4	0.07715093936051318	5.935387174396929E-5	4.768474077663326E-4	0.0064651771472125545	0.4655011041453782	3.2238540101854264E-5	0.13290179754491582	0.03250195309406301	0.19686037359367048	0.004110677674094861	0.08036823916303801	7.703268685702358E-4
39	file:/C:/Users/apovzner/Documents/Hakluyt/CC_ML_FR_trimmed_morphad_lem/01_40_NNE-_1257_The_Charter_of_Lubeck_granted_for_seven_yeeres_in_the_time_of_Henry_the_third_pp.324-325.txt	2.871087036861538E-4	5.55755334670405E-5	3.170947208277313E-4	0.003867479915957618	9.327603126535143E-4	2.79592027945293E-4	1.650137163030185E-4	3.785537026167963E-4	0.10445507669783644	5.4742284442277964E-5	4.397980395299112E-4	0.12805733456890503	0.5958257751610373	2.9733718802241515E-5	0.0115808139273515	3.7800396160305263E-4	0.11866785837735487	9.145976509510181E-5	0.03342574968725027	7.10475177334759E-4
40	file:/C:/Users/apovzner/Documents/Hakluyt/CC_ML_FR_trimmed_morphad_lem/01_41_NNE-_1260_A_Charter_of_the_Merchants_of_Almaine_or_the_Stilyard-merchants_pp.326-327.txt	5.095822569837576E-4	9.863966300432515E-5	5.628037096836454E-4	2.975529740958934E-4	0.060756221400019295	4.962410919829571E-4	2.928788326768685E-4	6.718857620558032E-4	0.25762894973437417	9.716074957113239E-5	7.805868464568327E-4	0.04998378594467511	0.45994305943246794	5.277365451215799E-5	8.542757792867502E-4	6.709100400977317E-4	0.0858525776745529	0.03956278824758801	0.03962632108921531	0.0012610051166994352
41	file:/C:/Users/apovzner/Documents/Hakluyt/CC_ML_FR_trimmed_morphad_lem/01_42_NNE-_1303_A_mandate_of_King_Edward_the_first_concerning_outlandish_Merchants_pp.327-327.txt	0.0019264065487372675	3.7289385604103917E-4	0.0021276030260660344	0.0011248586269220317	0.006258520036585738	0.001875972085462488	0.19970463537891517	0.027364653756240247	0.25401552803219896	3.6730302456354356E-4	0.0029509026114316692	0.015184151790740584	0.32374549291814836	1.995036370668997E-4	0.10252819697357768	0.0025362843331867583	0.0018331648461045289	6.136654450495965E-4	8.538427284878762E-4	0.0544164203444735
42	file:/C:/Users/apovzner/Documents/Hakluyt/CC_ML_FR_trimmed_morphad_lem/01_43_NNE-_1303_King_Edw_the_first_his_great_Charter_granted_to_forreine_Merchants_Anno_Dom_1303_pp.327-339.txt	3.997380914650431E-5	0.003613601381371676	4.414872725554049E-5	2.3341326418794645E-5	0.01558356854847798	3.8927271171083745E-5	2.2974666798199125E-5	5.67828970125302E-4	0.16238356846466745	7.62170426199031E-6	6.123256686217718E-5	0.0456459355334137	0.4868128565372986	4.139790906220268E-6	6.701304154861546E-5	0.10204705842603563	0.058246981019392643	0.03864698738783158	0.08604332219871456	9.89186283016822E-5
43	file:/C:/Users/apovzner/Documents/Hakluyt/CC_ML_FR_trimmed_morphad_lem/01_44_NNE-_1313_The_letters_of_Edward_the_second_unto_Haquinus_King_of_Norway_concerning_certain_English_Merchants_a_pp.339-343.txt	1.1933345401823829E-4	2.309933583475679E-5	1.3179679961456726E-4	6.968065246705426E-5	3.8769117219710316E-4	1.1620923358404154E-4	6.858606678935917E-5	1.5734152355769874E-4	0.11876742705867362	2.275300539299165E-5	1.8279703280930197E-4	0.10243495145282519	0.4921572996585214	1.2358480672732156E-5	2.0005343205985963E-4	1.5711302998316318E-4	0.16465743090624496	0.029256085187337907	0.07540475952835204	0.01567323298906408
44	file:/C:/Users/apovzner/Documents/Hakluyt/CC_ML_FR_trimmed_morphad_lem/01_45_NNE-_1313_Another_letter_of_Edw_the_second_unto_the_said_Haquinus_for_the_merchants_aforesaid_pp.343-344.txt	2.739331165701433E-4	5.302513958029098E-5	3.0254305776543773E-4	1.5995379042681472E-4	8.899553938198529E-4	2.6676138549579725E-4	1.5744113990051527E-4	3.6118165076716625E-4	0.1561422950455782	5.2230128842888364E-5	4.196154490724265E-4	0.06923003024450151	0.5402426186368244	2.8369220974999975E-5	4.5922797237005507E-4	3.6065713769156877E-4	0.1979432054198356	8.72626227335187E-5	0.03189182239327403	6.778710539746751E-4
45	file:/C:/Users/apovzner/Documents/Hakluyt/CC_ML_FR_trimmed_morphad_lem/01_46_NNE-_1313_A_third_letter_of_King_Edward_the_second_to_the_said_Haquinus_in_the_behalfe_of_our_English_merchant_pp.344-349.txt	9.041365351474573E-5	0.03963149827981552	9.985657645409847E-5	5.279393293916376E-5	2.9373636757716956E-4	8.804657056918729E-5	5.1964614027551595E-5	1.1921067827512791E-4	0.10280109317604137	1.7238940772691276E-5	0.0013036147431449146	0.14402211004304918	0.4987184048021563	9.363471448185126E-6	1.5157159272312243E-4	1.1903755885066838E-4	0.14456061453730915	0.005854389460060017	0.061791304640480146	2.2373636079173423E-4
46	file:/C:/Users/apovzner/Documents/Hakluyt/CC_ML_FR_trimmed_morphad_lem/01_47_NNE-_1320_An_Ordinance_for_the_Staple_to_be_holden_at_one_certaine_place_pp.350-355.txt	8.805400828134011E-5	1.7044584233489686E-5	9.725048671549845E-5	0.0011861260358024875	0.0014207802756234797	8.574870224416257E-5	5.060842445850739E-5	0.001250809415098501	0.18408669175662157	1.6789033232823877E-5	0.0012695925772962854	0.0642378079688808	0.5344952152871757	9.119100494109742E-6	1.4761582749978167E-4	0.0035200606863412228	0.1464613738073568	2.8049999215269007E-5	0.05904394493514597	0.00248731708828231
47	file:/C:/Users/apovzner/Documents/Hakluyt/CC_ML_FR_trimmed_morphad_lem/02_01_NNE-_1262_A_Catalogue_of_the_great_Masters_of_Prussia_pp.001-011.txt	4.852204424505566E-5	9.39239549065736E-6	5.358975146464278E-5	0.0025294543830048474	0.043301986447417756	4.7251708416879315E-5	2.7887705042368118E-5	0.1438784690204756	1.4530166027184924E-4	9.251574451352074E-6	7.432690008689637E-5	0.3861804644716331	2.580853208740237E-5	5.025068208553875E-6	0.07261387018647097	6.38835559989127E-5	0.34957791843962616	1.5456914790845287E-5	2.150646480991496E-5	0.0013706327760060993
48	file:/C:/Users/apovzner/Documents/Hakluyt/CC_ML_FR_trimmed_morphad_lem/02_02_NNE-_1388_The_Oration_or_speach_of_the_Ambassadours_sent_from_Conradus_de_Zolner_Master_generall_of_the_land_o_pp.012-018.txt	8.999423804761356E-5	1.742015384501616E-5	0.0012591061069831034	5.2549029750489806E-5	0.01884777777327304	8.763813564714714E-5	5.172355792574111E-5	1.1865767770085346E-4	0.16378898998839314	1.7158971895027654E-5	1.3785471827978358E-4	0.3845742649978792	4.786729859531494E-5	9.32003569928268E-6	0.002470293975305798	1.1848536135160943E-4	0.4048253882052742	2.8668068108254822E-5	3.9888218721603676E-5	0.023416953487323842
49	file:/C:/Users/apovzner/Documents/Hakluyt/CC_ML_FR_trimmed_morphad_lem/02_03_NNE-_1390_An_agreement_made_by_the_Ambassadours_of_England_and_Prussia_confirmed_by_king_Richard_the_second_pp.018-024.txt	8.089426888723716E-5	1.5658675930454682E-5	8.93429745599139E-5	4.7235416784689055E-5	0.00234770132983718	7.877640906371871E-5	4.6493414394327904E-5	0.004276442521837437	0.1305479663018802	1.5423903978947244E-5	1.2391522935056235E-4	0.2237210178690879	4.302708937239296E-5	8.377619392671943E-6	1.356130706012378E-4	1.065044483771005E-4	0.6370113597722674	0.00106821502743978	3.585483205037148E-5	2.0017982490649666E-4
50	file:/C:/Users/apovzner/Documents/Hakluyt/CC_ML_FR_trimmed_morphad_lem/02_04_NNE-_1398_The_letters_of_Conradus_de_Jungingen_Master_generall_of_Prussia_unto_Rich_the_second_pp.025-027.txt	2.3856327285188452E-4	4.617861104231659E-5	2.6347914024720806E-4	1.3930079074435067E-4	7.75045653844805E-4	2.323175452139432E-4	1.3711256998231837E-4	3.1454640380801943E-4	0.24972871418660553	4.5486250929593264E-5	3.654353154643079E-4	0.3277509801073588	1.268901172254501E-4	2.4706228618113607E-5	3.9993312763877715E-4	3.140896150942821E-4	0.41832514173702556	7.599540040138562E-5	1.0573859185765868E-4	5.903453340456052E-4
51	file:/C:/Users/apovzner/Documents/Hakluyt/CC_ML_FR_trimmed_morphad_lem/02_05_NNE-_1407_A_briefe_relation_of_William_Esturmy_and_John_Kington_concerning_their_Ambassages_into_Prussia_and_t_pp.027-033.txt	9.553382796654332E-5	1.8492450368878067E-5	1.0551150877602774E-4	5.5783682121248704E-5	3.1037081808731477E-4	9.303269582429849E-5	5.4907398427896606E-5	1.259616439264189E-4	0.1504801342504487	1.821519137964181E-5	1.4634035718541616E-4	0.19649771735600347	5.0813767285951724E-5	9.893729937090396E-6	1.6015517458836174E-4	0.005050173916710561	0.6464177792932285	3.0432729319160998E-5	4.234353562975234E-5	2.3640667278479151E-4
52	file:/C:/Users/apovzner/Documents/Hakluyt/CC_ML_FR_trimmed_morphad_lem/02_06_NNE-_1407_Certaine_Articles_of_complaint_exhibited_by_the_Livonians_pp.033-034.txt	3.5879212973105416E-4	6.945126970227958E-5	3.962648597954801E-4	2.095042828131232E-4	0.0011656458157095503	3.4939873948221906E-4	0.009453378783809986	4.7306851877234354E-4	0.03343950009186096	6.840998050291877E-5	5.496039417424638E-4	0.20164209837084646	0.004814421755954632	3.7157439523471374E-5	0.005225070394545366	0.04208462636433511	0.6985024227143387	1.1429484192525389E-4	1.5902772507202532E-4	8.878619795366381E-4
53	file:/C:/Users/apovzner/Documents/Hakluyt/CC_ML_FR_trimmed_morphad_lem/02_07_NNE-_1407_Other_complaints_exhibited_by_the_Cities_of_the_Hans_pp.034-036.txt	3.075935047969749E-4	5.9540769404104186E-5	3.397189819736001E-4	1.7960861256563845E-4	9.9931144552917E-4	2.9954052484245156E-4	1.7678721224941745E-4	4.0556297544032844E-4	0.004884914497840785	5.864806923652047E-5	4.7117700942191223E-4	0.10151974992530834	1.6360680927490415E-4	3.185517770658323E-5	5.156570453793369E-4	4.049740111805305E-4	0.8881862666409676	9.798529035282297E-5	1.3633491724431284E-4	7.61166579284688E-4
54	file:/C:/Users/apovzner/Documents/Hakluyt/CC_ML_FR_trimmed_morphad_lem/02_08_NNE-_1403_Compositions_and_Ordinances_concluded_betweene_the_Ambassadours_of_Prussia_and_the_Chanceller_and_Tr_pp.036-038.txt	2.6191374109203E-4	5.069855318440448E-5	2.892683626314224E-4	0.010278407241580599	8.509067816220137E-4	2.550566843794037E-4	1.505330880378559E-4	3.4533406749307985E-4	0.21679437766072857	4.99384251683085E-5	4.012039634442287E-4	0.03581600589174192	1.3931006610040032E-4	2.712446341085646E-5	4.3907840630415376E-4	0.007095147068964098	0.7259080454228699	8.343379677420632E-5	1.160882387308507E-4	6.481280757415933E-4
55	file:/C:/Users/apovzner/Documents/Hakluyt/CC_ML_FR_trimmed_morphad_lem/02_09_NNE-_1403_The_letters_of_the_Chanceller_and_Treasurer_of_England_unto_Conradus_de_Jungingen_master_generall_of_pp.038-041.txt	2.1903553700645834E-4	0.0028650049534600336	2.4191190154352913E-4	0.0057731108823864995	0.012002029118026843	2.1330105704724884E-4	1.2588914059314917E-4	2.887990244597098E-4	0.14178622872195917	4.176294732911262E-5	3.355223945705391E-4	0.3432618272576562	1.165034526691159E-4	2.2683885864244816E-5	3.671963682080244E-4	2.883796264525653E-4	0.49134193340804605	6.977475257590483E-5	9.708329774729628E-5	5.420222723982248E-4
56	file:/C:/Users/apovzner/Documents/Hakluyt/CC_ML_FR_trimmed_morphad_lem/02_10_NNE-_1404_The_letters_of_king_Henry_the_fourth_unto_Conradus_de_Jungingen_the_master_generall_of_Prussia_for_e_pp.041-043.txt	1.9934227065476922E-4	3.8586615076219476E-5	2.2016184410604653E-4	1.163990399654863E-4	6.476242493305198E-4	1.941233720608877E-4	1.1457057370501437E-4	2.628333926333758E-4	0.18812142842657137	3.800808244908391E-5	0.008011841725270741	0.41258381481399736	1.0602874360746871E-4	2.064440034367051E-5	3.3418210951136225E-4	2.624517022821439E-4	0.3880828130374738	6.350137426533423E-5	8.835463541712164E-5	4.93289591278214E-4
57	file:/C:/Users/apovzner/Documents/Hakluyt/CC_ML_FR_trimmed_morphad_lem/02_11_NNE-_1404_The_letters_of_Conradus_de_Jungingen_unto_king_Henry_the_fourth_pp.044-046.txt	1.9147250969607033E-4	3.706326814203571E-5	2.1147015478370731E-4	1.1180376462653502E-4	0.0030894716823237607	1.8645964610051923E-4	1.1004748372014627E-4	2.524570887757222E-4	0.21277104283036508	3.6507575193947696E-5	2.933008763128791E-4	0.4703180111876194	1.0184287342448559E-4	1.9829387575396516E-5	3.20989055625251E-4	0.00271950522208862	0.30367421975096587	6.099442662008277E-5	8.486651491943781E-5	0.0054086447011210135
58	file:/C:/Users/apovzner/Documents/Hakluyt/CC_ML_FR_trimmed_morphad_lem/02_12_NNE-_1405_An_agreement_made_betweene_king_Henry_the_fourth_and_Conradus_de_Jungingen_pp.047-055.txt	6.746208551588132E-5	1.3058612794416037E-5	7.450791598606133E-5	3.939215682817976E-5	2.1917118906585856E-4	6.569588820066716E-5	3.877336109147177E-5	8.894896577640541E-5	0.1453837466944193	1.286282382583777E-5	1.0333958034555637E-4	0.16223115348972048	3.5882606056877365E-5	6.986547794575698E-6	1.1309503988131563E-4	8.881979283666304E-5	0.69119877089336	2.1490349874077104E-5	2.990127457992699E-5	1.6694073204643136E-4
59	file:/C:/Users/apovzner/Documents/Hakluyt/CC_ML_FR_trimmed_morphad_lem/02_13_NNE-_1405_An_agreement_betweene_king_Henry_the_fourth_and_the_Hans-townes_pp.055-067.txt	3.9127283252601746E-5	7.573854822096816E-6	4.3213789064694465E-5	2.284702683530675E-5	0.021304130378881465	3.8102907825961535E-5	2.248813197042778E-5	5.558040483882368E-4	0.09843901674002015	7.460299328329977E-6	5.9935843970221164E-5	0.02098120446410844	2.0811525174365524E-5	4.052122498523268E-6	0.030822684867083297	0.03484232233258778	0.771485580519163	1.2464171545994996E-5	1.734241731716407E-5	0.02127383727616185
60	file:/C:/Users/apovzner/Documents/Hakluyt/CC_ML_FR_trimmed_morphad_lem/02_14_NNE-_1405_A_testimonie_out_of_Albertus_Krantzius_concerning_the_surprise_of_Bergen_in_Norway_wherein_21_houses_pp.068-071.txt	1.430996888332547E-4	2.769975777038474E-5	1.5804521179099468E-4	8.35581251524796E-5	0.07238313864411235	1.393532543094394E-4	8.224554377143983E-5	1.8867737674144373E-4	0.029933436261617347	2.728445278438726E-5	0.002063259882226264	0.137588169652651	7.611371219848555E-5	1.4819773325671745E-5	0.024212640911482435	0.10714372811442296	0.5662617715747438	4.558504760684069E-5	6.342619050960067E-5	0.059363946823949486
61	file:/C:/Users/apovzner/Documents/Hakluyt/CC_ML_FR_trimmed_morphad_lem/02_15_NNE-_1407_The_grievances_and_offences_whereat_the_merchants_of_the_Hans_found_themselves_agrieved_pp.072-083.txt	4.5399432919629124E-5	8.787952685570878E-6	5.014101043458326E-5	2.6509432191500402E-5	0.00658294274706747	6.292516510249259E-4	2.6093006056363895E-5	5.9859290950702364E-5	0.3605210849530472	8.656194112182572E-6	6.95436304698328E-5	0.12497153425781175	2.414763721286359E-5	4.701682515654712E-6	7.610868589922057E-5	0.0690945870127673	0.4364836403974596	1.4462192949813934E-5	2.012242727336433E-5	0.0012824264051503706
62	file:/C:/Users/apovzner/Documents/Hakluyt/CC_ML_FR_trimmed_morphad_lem/02_16_NNE-_1407_A_letter_of_Henry_the_fourth_king_of_England_unto_Conradus_de_Jungingen_Master_generall_of_Prussia_pp.083-085.txt	2.9813936125377315E-4	5.771073407552787E-5	3.292774350298548E-4	1.7408819169097912E-4	9.685967727449284E-4	2.903338963711004E-4	1.71353509472398E-4	3.9309765830643244E-4	0.020102690607357702	5.684547179396502E-5	4.566949900949064E-4	0.5671209557768118	1.5857821720319866E-4	3.087608218624376E-5	4.998078949582404E-4	3.925267963555816E-4	0.40753353693611455	9.497363053013157E-5	1.3214454957569444E-4	7.37771488073009E-4
63	file:/C:/Users/apovzner/Documents/Hakluyt/CC_ML_FR_trimmed_morphad_lem/02_17_NNE-_1408_A_letter_of_Werneherus_de_Tettingen_commander_in_Elbing_unto_sir_William_Sturmy_Ambassadour_unto_kin_pp.085-090.txt	1.0925294756524726E-4	2.114805565219805E-5	1.2066347158071048E-4	6.379448858600701E-5	3.549415681966754E-4	1.0639264075448985E-4	6.279236631748862E-5	1.4405034501438417E-4	0.07353747137395186	2.083098093156998E-5	1.6735554002773748E-4	0.2880708138771348	5.811086995099743E-5	1.1314517391893898E-5	1.8315423200390376E-4	1.438411530763555E-4	0.6364704884693828	3.480301639057165E-5	4.842427207569477E-5	2.7035581401466086E-4
64	file:/C:/Users/apovzner/Documents/Hakluyt/CC_ML_FR_trimmed_morphad_lem/02_18_NNE-_1408_The_letters_of_Ulricus_de_Jungingen_master_generall_of_Prussia_signifying_unto_king_Henry_the_4_that_pp.091-095.txt	1.3124091599424833E-4	2.540425917236013E-5	1.4494789285058826E-4	7.66336039804514E-5	4.263761992027425E-4	1.2780495116003458E-4	7.542979715061697E-5	1.7304154853748724E-4	0.07819000063379948	2.502337080549024E-5	2.010370874143715E-4	0.2767064098183791	6.98061148147686E-5	1.3591648185585026E-5	2.2001538367703995E-4	0.0018640292382681252	0.6411044632044516	4.180738233843663E-5	5.817001705856447E-5	3.247669327590872E-4
