0	file:/C:/Users/apovzner/Documents/Hakluyt/CC_ML_FR_trimmed_morphad_lem/01_01_NNE-_0517_The_voyage_of_Arthur_K_of_Britaine_to_Island_and_the_most_Northeastern_parts_of_Europe_Anno_517_pp.003-004.txt	5.016464575557723E-4	0.0018062356880136615	0.1471631001590871	8.386726929185738E-5	0.4769966275285098	0.001886531343010052	0.016554691991897852	0.1273954360989396	6.703748422708026E-4	0.008734210922172702	1.4614087352994695E-4	6.870976097076636E-4	0.008685703146310344	0.1829029861514104	0.025785349918292497
1	file:/C:/Users/apovzner/Documents/Hakluyt/CC_ML_FR_trimmed_morphad_lem/01_02_NNE-_0517_Two_testimonies_of_Galfridus_Monumetensis_in_his_history_of_the_Kings_of_Brittaine_concerning_the_co_pp.004-004.txt	5.016464575557723E-4	0.0018062356880136615	0.03603837960666383	8.386726929185738E-5	0.6833711085544386	0.001886531343010052	6.797319129802454E-4	0.18295779637515125	6.703748422708026E-4	0.008734210922172702	1.4614087352994695E-4	6.870976097076636E-4	7.482231068515404E-4	0.07971574563844594	0.001972909799916087
2	file:/C:/Users/apovzner/Documents/Hakluyt/CC_ML_FR_trimmed_morphad_lem/01_03_NNE-_0580_A_testimony_of_M_Lambard_in_his_touching_the_right_and_appendances_of_the_Crowne_of_the_kingdome_of__pp.005-007.txt	0.0022964042093892053	0.03504988917213627	0.070283724142031	2.2821455549923454E-5	0.33498786976398864	5.13351532147969E-4	1.8496454897034786E-4	0.18153922344052523	0.00234231755990482	2.1680160304053052E-4	3.9766973188126404E-5	1.8696885794425782E-4	0.03476198916899887	0.2808796720399902	0.05669423553219456
3	file:/C:/Users/apovzner/Documents/Hakluyt/CC_ML_FR_trimmed_morphad_lem/01_04_NNE-_0580_The_voyage_of_Malgo_king_of_Britaine_to_Island_Gotland_Orkney_Denmark_and_Norway_Anno_580_pp.007-008.txt	0.011558457322746673	0.002473869555351899	0.07110192286480285	1.1486689448584075E-4	0.6750503399812954	0.0025838446696965054	9.309793270512642E-4	0.13099870164387614	9.181636283531492E-4	0.011962612982222096	2.0015851763833246E-4	9.410675857479759E-4	0.0010247867301782804	0.0874380773414725	0.0027021509550811734
4	file:/C:/Users/apovzner/Documents/Hakluyt/CC_ML_FR_trimmed_morphad_lem/01_05_NNE-_0624_The_conquest_of_the_Isles_of_Anglesey_and_Man_by_Edwin_the_Saxon_king_of_Northumberland_Anno_624_pp.008-010.txt	2.590315975804585E-4	9.326730186687306E-4	0.04320059980413565	4.330594270560573E-5	0.5455025909792456	9.741347124158095E-4	3.5098831197491063E-4	0.1723463876898598	3.4615666821856894E-4	4.1140223414839035E-4	7.54617188501869E-5	0.004453411547657402	0.037273933391808414	0.11903602750090485	0.07479389488182571
5	file:/C:/Users/apovzner/Documents/Hakluyt/CC_ML_FR_trimmed_morphad_lem/01_06_NNE-_0624_The_voyage_of_Bertus_into_Ireland_Anno_684_pp.010-010.txt	4.6475650290555686E-4	0.0016734091692277365	0.07015707590752972	7.76998585303251E-5	0.6037024286266361	0.031162902347311387	6.297459536129203E-4	0.2871638997808552	6.210769808835013E-4	7.381410816915849E-4	1.3539400167256278E-4	6.365699935337389E-4	6.932004588007908E-4	3.1587289580344664E-4	0.0018278264410053382
6	file:/C:/Users/apovzner/Documents/Hakluyt/CC_ML_FR_trimmed_morphad_lem/01_07_NNE-_0890_The_voyage_of_Octher_to_the_North_parts_beyond_Norway_about_the_yeere_890_pp.011-014.txt	0.0020060956021363653	4.2936688665915846E-4	0.10668287917169204	1.993639509362728E-5	0.007725157809459178	4.4845426026540817E-4	0.060540698016140974	9.407647857301016E-5	1.5935725377953108E-4	0.04170003637543147	3.473968114881393E-5	1.6333248394375527E-4	0.3907552724426828	8.104733997228458E-5	0.38915954980302153
7	file:/C:/Users/apovzner/Documents/Hakluyt/CC_ML_FR_trimmed_morphad_lem/01_08_NNE-_0890_The_second_voyage_of_Octher_into_the_Sound_of_Denmarke_pp.014-015.txt	4.938072865944074E-4	0.025218335733366144	0.019848328111345362	8.255668520990242E-5	7.361389839980728E-4	0.0018570507367004086	0.20381860078805789	3.8957104284569267E-4	6.598989724273989E-4	7.842804616938351E-4	0.054837950868888326	6.763604151186942E-4	0.5711177938102471	3.356173321088843E-4	0.11914370877139802
8	file:/C:/Users/apovzner/Documents/Hakluyt/CC_ML_FR_trimmed_morphad_lem/01_09_NNE-_0890_Wolstans_Navigation_into_the_East_sea_or_the_Sound_of_Denmarke_pp.015-016.txt	4.2997515426285496E-4	0.06277909239478502	0.04449636971098557	7.188497298889347E-5	6.409817793220418E-4	0.0016169985714336965	0.05501009935163367	3.3921303672762587E-4	0.1230364318858978	0.027896641331995365	0.4015279425815526	0.0073923657773264225	6.41322869813659E-4	2.9223366698785306E-4	0.2738284469142869
9	file:/C:/Users/apovzner/Documents/Hakluyt/CC_ML_FR_trimmed_morphad_lem/01_10_NNE-_0973_The_voyage_of_King_Edgar_with_4000_shippes_round_about_his_large_Monarchie_Anno_973_pp.016-023.txt	4.949136754033427E-5	0.04873007814303437	0.40606620658566595	8.274165573402928E-6	0.27180768109128106	1.8612115099584956E-4	6.706089802390303E-5	0.1637058615994505	6.613774942271821E-5	7.860376636417226E-5	1.4417946295837226E-5	6.778758192336376E-5	0.04079474869073131	0.0634643172835843	0.004893211980112916
10	file:/C:/Users/apovzner/Documents/Hakluyt/CC_ML_FR_trimmed_morphad_lem/01_11_NNE-_0973_The_voyage_of_Edmund_and_Edward_the_sonnes_of_King_Edmund_Ironside_into_Hungary_Anno_1017_pp.024-025.txt	4.2997515426285496E-4	0.001548174928559927	0.07171011080708561	7.188497298889347E-5	0.5449158037013229	0.0016169985714336965	5.826171594335891E-4	0.1840319654354029	0.007378032227472607	6.829002358953223E-4	1.252614140769871E-4	5.889305033014125E-4	6.41322869813659E-4	0.18398498606566316	0.0016910359532864938
11	file:/C:/Users/apovzner/Documents/Hakluyt/CC_ML_FR_trimmed_morphad_lem/01_12_NNE-_1249_A_Chronicle_of_the_Kings_of_Man_taken_out_of_M_Camdens_Chorographie_pp.025-041.txt	2.529015722084608E-5	0.04410893896712944	0.15227796300464194	4.228110044688791E-6	0.5754714264323808	0.10373720473349193	0.015240444542033767	1.9951736618153243E-5	3.37964813716313E-5	4.016663325943615E-5	7.3675904858816525E-6	3.463954805988523E-5	3.7721147480527316E-5	1.7188517313326188E-5	0.10894367239846772
12	file:/C:/Users/apovzner/Documents/Hakluyt/CC_ML_FR_trimmed_morphad_lem/01_13_NNE-_1067_The_mariage_of_the_daughter_of_Harald_unto_Jeruslaus_duke_of_Russia_in_his_owne_Countrey_Anno_1067_pp.042-042.txt	5.097385364729665E-4	0.0179664118376148	0.1414714741236468	8.522013554149863E-5	0.4040358806090406	0.0019169630549806297	6.906966954471085E-4	0.23430221492016362	6.811886854586693E-4	8.095829802052289E-4	1.4849827776119393E-4	6.981812085207815E-4	7.602927234851588E-4	0.16165684194540111	0.03426681426625986
13	file:/C:/Users/apovzner/Documents/Hakluyt/CC_ML_FR_trimmed_morphad_lem/01_14_NNE-_1278_The_ancient_state_of_the_shipping_of_the_Cinque_Ports_pp.042-050.txt	6.030595728175665E-5	0.2025101935142046	0.33830677499947187	1.0082192115729286E-5	0.3073463331662167	0.08324328089964092	8.171468788389878E-5	4.7576160388573347E-5	8.058981777271436E-5	9.577984226602229E-5	1.7568479042305903E-5	0.046839013815865825	8.994842889724903E-5	4.098709160968614E-5	0.0212298509473422
14	file:/C:/Users/apovzner/Documents/Hakluyt/CC_ML_FR_trimmed_morphad_lem/01_15_NNE-_1243_The_voyage_of_a_certaine_Englishman_into_Tartaria_and_from_thence_into_Poland_and_Hungary_Anno_1243_pp.050-054.txt	0.01943973168354541	0.042006258976110995	0.3698600998595672	1.572354819980739E-5	0.23824090889500268	3.5368942798219707E-4	1.274370512708447E-4	7.419676618385777E-5	1.2568277509670422E-4	1.493721751334447E-4	2.7398687095839112E-5	1.2881798197833787E-4	1.402778722155445E-4	6.392087187957778E-5	0.3292464834287376
15	file:/C:/Users/apovzner/Documents/Hakluyt/CC_ML_FR_trimmed_morphad_lem/01_16_NNE-_1246_Libellus_historicus_Johannis_de_Plano_Carpini_pp.055-094.txt	7.516630426707539E-6	2.7064491188635705E-5	4.210616331945741E-4	1.256660460108927E-6	1.1205352443392146E-5	2.8267634865597043E-5	1.0185048657586484E-5	0.04853123310869259	1.0044843057925429E-5	1.1938151869115985E-5	2.189763168892087E-6	1.0295415668658335E-5	1.1211315232502473E-5	0.9508869680283135	2.956192276021407E-5
16	file:/C:/Users/apovzner/Documents/Hakluyt/CC_ML_FR_trimmed_morphad_lem/01_17_NNE-_1246_The_long_and_wonderfull_voyage_of_Frier_John_de_Plano_Carpini_Anno_1246_pp.094-179.txt	0.004833541773429866	0.01148485713660147	0.08012217560514008	7.086989531748132E-7	0.047829831142457875	0.00658915926732096	5.743901038344448E-6	0.0408511965568168	0.024755841364153937	6.732570969688247E-6	1.2349261513010977E-6	5.8061429785459195E-6	0.004500257160769506	0.6086291733669582	0.17038374038626017
17	file:/C:/Users/apovzner/Documents/Hakluyt/CC_ML_FR_trimmed_morphad_lem/01_18_NNE-_1253_The_journall_of_Frier_William_de_Rubricis_Anno_1253_pp.179-293.txt	0.017037839076192326	0.01534757691358057	0.06996410027702943	5.278244530807146E-7	0.013042982101084549	1.1873015334250118E-5	4.277939752178619E-6	0.033072752994042165	0.014541147031322449	0.0021031275976876964	9.19747683392993E-7	4.324296273376161E-6	0.006049273549461463	0.5999126891408745	0.22890658849522846
18	file:/C:/Users/apovzner/Documents/Hakluyt/CC_ML_FR_trimmed_morphad_lem/01_19_NNE-_1278_Part_of_the_great_Charter_graunted_by_King_Edward_the_first_to_the_Barons_of_the_Cinque_Ports_pp.293-296.txt	1.3058208197802852E-4	0.5831333807471872	0.0548370370177466	2.1831236858131583E-5	0.2646659060894436	0.07074125095308821	1.769389717538278E-4	1.0301791657223076E-4	1.745032607943443E-4	0.020869210400818582	3.804149165252816E-5	1.7885631413589394E-4	0.0022609492865046685	8.875043192849051E-5	0.002579743799537536
19	file:/C:/Users/apovzner/Documents/Hakluyt/CC_ML_FR_trimmed_morphad_lem/01_20_NNE-_1345_The_rolle_of_the_huge_Fleete_of_Edward_the_thirde_before_Caleis_pp.297-299.txt	1.881030217125948E-4	0.027464231043950346	0.001608049192148253	0.4494568501418273	0.05385430198755204	0.44418014308819914	0.012160188626330117	1.4839694010264823E-4	2.5137132259569984E-4	2.9875121068420076E-4	5.47986325681268E-5	2.5764188035384133E-4	0.009209543690273433	1.278446795392338E-4	7.397845421630378E-4
20	file:/C:/Users/apovzner/Documents/Hakluyt/CC_ML_FR_trimmed_morphad_lem/01_21_NNE-_1345_The_summe_of_expences_layde_out_in_the_siege_of_Caleis_pp.299-300.txt	0.0015053081279145402	0.1959662338483092	0.0605050805093997	2.516634578586546E-4	0.1927902242403183	0.05329753055883897	0.0020396954030086098	0.0011875573186457032	0.07346644195208447	0.38348317639426416	4.3853004727079575E-4	0.025880072787470985	0.002245219331807745	0.0010230863569809035	0.00592017966582721
21	file:/C:/Users/apovzner/Documents/Hakluyt/CC_ML_FR_trimmed_morphad_lem/01_22_NNE-_1360_A_note_of_Thomas_Walsingham_touching_King_Edward_the_thirde_his_huge_Fleete_of_1100_ships_wherewith__pp.300-301.txt	3.6324895408165563E-4	0.0817748259155586	0.07207696522788232	6.072941888274919E-5	0.4086236781081427	0.09907587758073878	4.922030300962423E-4	0.20145383769933595	4.854274492119792E-4	5.76923559353954E-4	1.058225741630614E-4	4.975366302682716E-4	5.417984257435559E-4	0.12669487871040708	0.007176246716133067
22	file:/C:/Users/apovzner/Documents/Hakluyt/CC_ML_FR_trimmed_morphad_lem/01_23_NNE-_1360_The_voyage_of_Nicolaus_de_Linna_a_Franciscan_Frier_and_an_excellent_Mathematician_of_Oxford_to_all_t_pp.301-303.txt	1.8588994454399777E-4	6.69318096083475E-4	0.06923925929528625	3.107782742786859E-5	0.16499047186499952	0.0565839617561826	2.5188123170317685E-4	0.22368620833001696	2.4841387869176004E-4	2.9523633103242087E-4	5.4153913512033415E-5	2.5461066183382906E-4	0.28558432787947646	0.16778100854285147	0.030144180446358214
23	file:/C:/Users/apovzner/Documents/Hakluyt/CC_ML_FR_trimmed_morphad_lem/01_24_NNE-_1360_A_Testimonie_of_the_learned_Mathematician_Master_John_Dee_touching_the_foresaid_voyage_of_Nicholas_D_pp.303-304.txt	6.384804562329871E-4	0.0831196006143083	0.09638148482779692	1.067437266902788E-4	0.45556812525997525	0.042811459299362725	8.651422438630443E-4	0.010606290402940824	8.532328469449865E-4	0.0010140549979534646	1.8600368885354676E-4	8.745170801370011E-4	0.2535169357591538	0.05094686880486317	0.0025110599909238017
24	file:/C:/Users/apovzner/Documents/Hakluyt/CC_ML_FR_trimmed_morphad_lem/01_25_NNE-_1390_The_voyage_of_Henry_Earle_of_Derby_afterward_King_of_England_into_Prussia_and_Letto_Anno_1390_pp.304-305.txt	0.013091460383737617	9.725334685914404E-4	0.10060612046674558	4.515674606972197E-5	0.4705191244138471	0.0052895532563533125	3.6598880169948965E-4	0.05577230648058619	0.06019395620251439	4.2898468568726926E-4	7.868679130870287E-5	0.008917526941704655	4.0286659056483487E-4	0.28225345877656344	0.0010622759940262707
25	file:/C:/Users/apovzner/Documents/Hakluyt/CC_ML_FR_trimmed_morphad_lem/01_26_NNE-_1402_The_voyage_of_Thomas_of_Woodstock_duke_of_Glocester_into_Prussia_Anno_1391_pp.306-307.txt	3.128937671704169E-4	0.030831849491169204	0.2056606599432985	5.231083651798256E-5	0.25296097983188714	0.05563629887876825	4.239716551665216E-4	0.30720098795464884	4.18135335463951E-4	0.005447821104957729	9.115297789435055E-5	4.285658879417435E-4	4.666919163098115E-4	0.13883711022283338	0.0012305701959722229
26	file:/C:/Users/apovzner/Documents/Hakluyt/CC_ML_FR_trimmed_morphad_lem/01_27_NNE-_1402_Certaine_verses_of_Geffrey_Chaucer_concerning_the_long_Voyages_and_valiant_exploits_of_the_English_k_pp.307-308.txt	0.033687330828485955	0.12905305149908386	0.23079911791961213	5.870493136274126E-5	0.4783421990688766	0.045768778364818005	4.7579485577032296E-4	2.770186481327471E-4	0.00602527701544511	5.57691125265203E-4	1.0229485259632192E-4	4.809506540271745E-4	0.07275215122031381	2.3865290128236827E-4	0.0013809861149276543
27	file:/C:/Users/apovzner/Documents/Hakluyt/CC_ML_FR_trimmed_morphad_lem/01_28_NNE-_0604_A_testimonie_out_of_Cornelius_Tacitus_proving_London_to_have_bene_a_famous_Mart-towne_in_the_raigne__pp.308-309.txt	0.040467140585072114	0.06330460178985432	0.08905203716979049	2.0723881772215716E-4	0.6294887883944927	0.0242754595610701	0.0016796402124866002	0.020591702685264165	0.001656518578891743	0.001968748566282341	3.6111896937808074E-4	0.0016978410945992402	0.0018488842353588737	0.11852515346692219	0.004875125872814889
28	file:/C:/Users/apovzner/Documents/Hakluyt/CC_ML_FR_trimmed_morphad_lem/01_29_NNE-_0604_A_testimony_out_of_venerable_Beda_prooving_London_to_have_bene_a_Citie_of_great_traffique_in_his_tim_pp.309-309.txt	6.196987778717981E-4	0.08067453657357163	0.024908471396255173	1.0360373027817264E-4	0.2950859604483439	0.00233048823543261	8.39693033629139E-4	0.1769861783719574	8.28133966091107E-4	9.842253381319457E-4	0.2257048470123544	8.487920977038572E-4	0.030340517221139587	0.14750225469344536	0.012242599103793947
29	file:/C:/Users/apovzner/Documents/Hakluyt/CC_ML_FR_trimmed_morphad_lem/01_30_NNE-_0795_The_league_betweene_Carolus_Magnus_and_Offa_King_of_Mercia_concerning_the_safe_trade_of_English_Merc_pp.310-312.txt	1.831957668710744E-4	0.12820155400055935	0.1436014366934651	3.0627403985199206E-5	0.2814450941175984	6.88940489668704E-4	0.006045591370358646	0.37407429421245325	2.448135165137121E-4	2.909573522352913E-4	0.02034413168008946	2.5092048718730007E-4	0.011867964355351654	0.03200999360192201	7.20484951740943E-4
30	file:/C:/Users/apovzner/Documents/Hakluyt/CC_ML_FR_trimmed_morphad_lem/01_31_NNE-_0795_An_ancient_testimony_translated_out_of_the_olde_Saxon_Lawes_conteyning_the_advancement_of_Merchants__pp.312-312.txt	0.015861117242204174	0.05710977439016973	0.135593019908342	0.2536199113703264	0.023644824709402604	0.31061675803573885	0.021491844311187527	0.012513043352109293	0.021195991338779033	0.02519113162441703	0.004620699486707558	0.021724733784649244	0.02365740700915668	0.010780047191703548	0.06237969624510622
31	file:/C:/Users/apovzner/Documents/Hakluyt/CC_ML_FR_trimmed_morphad_lem/01_32_NNE-_1027_A_testimony_of_certaine_Privileges_obteined_for_the_English_and_Danish_Merchants_by_Canutus_the_King_pp.313-314.txt	2.759998762044127E-4	0.1320069644205436	0.015460778572165918	4.614276766736919E-5	0.3672483909161938	0.0010379469630135486	3.739803620837463E-4	0.13123093508681705	0.07460964280771742	4.3835179474544764E-4	8.04049592998187E-5	0.030947778418933664	4.1166339710740766E-4	0.2447455483014596	0.001085471356047149
32	file:/C:/Users/apovzner/Documents/Hakluyt/CC_ML_FR_trimmed_morphad_lem/01_33_NNE-_1140_The_flourishing_state_of_Merchandise_in_the_City_of_London_in_the_dayes_of_Wilhelmus_Malmesburiensis_pp.314-315.txt	4.788416798982524E-4	0.11537377410565187	0.07228329646661749	8.005467498338166E-5	0.12951676539136583	0.02453069982031999	0.015802118013994337	0.1822172039017149	6.398996958904838E-4	7.605116084431352E-4	0.1744022934428516	0.008232505557922027	7.142089892733832E-4	0.18216488534306396	0.09280294130800938
33	file:/C:/Users/apovzner/Documents/Hakluyt/CC_ML_FR_trimmed_morphad_lem/01_34_NNE-_1140_A_testimony_of_the_said_Wil_of_Malmesbury_concerning_traffique_to_Bristow_in_his_time_pp.315-315.txt	9.030521118503598E-4	0.0889847280981097	0.07916430451310602	1.509758785463254E-4	0.12994599507423416	0.01768495340125898	0.0012236373451130185	0.2722008496018808	0.001206792967289507	0.0014342561287422166	2.63079350967414E-4	0.08697008214607681	0.3014130819421512	6.13761580200109E-4	0.017840449860473385
34	file:/C:/Users/apovzner/Documents/Hakluyt/CC_ML_FR_trimmed_morphad_lem/01_35_NNE-_1157_The_league_betweene_Henry_the_second_and_Frederick_Barbarossa_Emperour_of_Germany_partly_touching_tr_pp.316-318.txt	1.3709724124554893E-4	0.1284805649363798	0.22243755357141357	2.2920467348128066E-5	0.14120692716936206	0.03739316889333053	1.857670250682285E-4	0.3428528193448216	1.8320978866980043E-4	2.1774220547159491E-4	3.993950379275404E-5	1.8778002981683305E-4	2.0448529485352773E-4	0.12591083903888292	5.391854895431648E-4
35	file:/C:/Users/apovzner/Documents/Hakluyt/CC_ML_FR_trimmed_morphad_lem/01_36_NNE-_1199_A_generall_safe_conduct_granted_by_King_John_to_all_forreine_Merchants_pp.319-320.txt	2.939732511713873E-4	0.3964356991131174	0.0025131092778595846	0.06982159727409602	0.14928613068378296	0.0011055390584109334	3.983343196668208E-4	0.24676124143271622	3.928509190438041E-4	0.009769890967426113	8.564100687554172E-5	4.0265074168373673E-4	4.3847130984324574E-4	0.12113871235909654	0.0011561582852097421
36	file:/C:/Users/apovzner/Documents/Hakluyt/CC_ML_FR_trimmed_morphad_lem/01_37_NNE-_1229_The_letters_of_King_Henry_the_third_unto_Haquinus_king_of_Norwey_pp.320-322.txt	2.1497629245811873E-4	0.20146485262586736	0.06306548602573561	3.594059987744585E-5	0.11597280282940028	8.084568476819096E-4	2.912932889627984E-4	0.5852343195895703	2.8728339645964874E-4	3.4143219527006424E-4	6.262741955985197E-5	2.944497952033617E-4	3.2064460342482516E-4	0.030759960895027014	8.4547359550146E-4
37	file:/C:/Users/apovzner/Documents/Hakluyt/CC_ML_FR_trimmed_morphad_lem/01_38_NNE-_1229_A_mandate_for_the_king_of_Norway_his_ship_called_The_Cog_pp.322-323.txt	0.0013743678435772474	0.5486092072097238	0.011749152567871542	2.29772335291628E-4	0.2412595077846599	0.17913996054859033	0.001862271066370351	0.0010842568115357533	0.0018366353683614463	0.0021828147865773752	4.0038420323045557E-4	0.0018824509691190519	0.0020499173519308495	9.340924719413815E-4	0.005405208681218746
38	file:/C:/Users/apovzner/Documents/Hakluyt/CC_ML_FR_trimmed_morphad_lem/01_39_NNE-_1236_A_Charter_granted_for_the_behalfe_of_the_Merchants_of_Colen_in_the_20_yeere_of_Henry_the_thirde_pp.323-324.txt	2.5382983751062976E-4	0.2941048040929289	0.010202558844577238	4.2436291567843116E-5	0.13291672890454967	9.545725620951146E-4	0.008376566235145346	0.43396207086158595	3.392053003103159E-4	4.031406331150773E-4	7.394632937808352E-5	3.4766691162500276E-4	3.785960147295766E-4	0.11664559768265491	9.98279498226404E-4
39	file:/C:/Users/apovzner/Documents/Hakluyt/CC_ML_FR_trimmed_morphad_lem/01_40_NNE-_1257_The_Charter_of_Lubeck_granted_for_seven_yeeres_in_the_time_of_Henry_the_third_pp.324-325.txt	2.3408638842486058E-4	0.24159735542718014	0.06867162741165525	3.913550246371157E-5	0.13368991640169045	0.008288154570564147	3.171875056826789E-4	0.4076153669735072	0.007720651942508976	3.71783458393729E-4	6.819461947875157E-5	3.206246062924494E-4	3.4914797499478576E-4	0.1297961361177217	9.206310994412344E-4
40	file:/C:/Users/apovzner/Documents/Hakluyt/CC_ML_FR_trimmed_morphad_lem/01_41_NNE-_1260_A_Charter_of_the_Merchants_of_Almaine_or_the_Stilyard-merchants_pp.326-327.txt	4.1582979866182216E-4	0.297579933188212	0.05619175540488083	6.952009563442913E-5	6.198947115870764E-4	0.001563802428418166	5.63450175439873E-4	0.44774189660531116	5.556938188055008E-4	0.09277504887201903	1.2114055447000616E-4	0.0071491711610410765	6.20224580857541E-4	0.09239723448185688	0.0016354041228046194
41	file:/C:/Users/apovzner/Documents/Hakluyt/CC_ML_FR_trimmed_morphad_lem/01_42_NNE-_1303_A_mandate_of_King_Edward_the_first_concerning_outlandish_Merchants_pp.327-327.txt	0.001580602581435334	0.15574903053158443	0.06353150206901645	2.642514869666038E-4	0.1023948626927941	0.030953787308373476	0.0021417195320692665	0.5264495709789856	0.002112236995324005	0.052529659831031875	4.6046501171388747E-4	0.002164927588432612	0.002357523623193584	0.05109355688142251	0.006216302887656171
42	file:/C:/Users/apovzner/Documents/Hakluyt/CC_ML_FR_trimmed_morphad_lem/01_43_NNE-_1303_King_Edw_the_first_his_great_Charter_granted_to_forreine_Merchants_Anno_Dom_1303_pp.327-339.txt	0.0015781679885052463	0.25153603262813845	0.07137629115785592	5.443619659180388E-6	0.008806981109151344	6.376525901602417E-4	4.41197386741529E-5	0.4054900135425339	4.3512394062883805E-5	0.1211242889705329	9.485647248021845E-6	4.4597828062867834E-5	4.8565334823719145E-5	0.13809638579842012	0.0011584616521709678
43	file:/C:/Users/apovzner/Documents/Hakluyt/CC_ML_FR_trimmed_morphad_lem/01_44_NNE-_1313_The_letters_of_Edward_the_second_unto_Haquinus_King_of_Norway_concerning_certain_English_Merchants_a_pp.339-343.txt	9.723263546898674E-5	0.2803567447228626	0.1039105895095311	1.6255742465654502E-5	0.001683446781635899	0.01728913943107249	1.317504077143756E-4	0.4323946637808263	1.299367546293289E-4	0.007846918283367815	2.832604929035469E-5	1.331780787246758E-4	0.0016835239142960177	0.15391589069067096	3.824032174434422E-4
44	file:/C:/Users/apovzner/Documents/Hakluyt/CC_ML_FR_trimmed_morphad_lem/01_45_NNE-_1313_Another_letter_of_Edw_the_second_unto_the_said_Haquinus_for_the_merchants_aforesaid_pp.343-344.txt	2.2333271707591218E-4	0.3824503869220566	0.06551692834029332	3.733766050287581E-5	3.3293133557347755E-4	8.398826790010024E-4	3.026162603614282E-4	0.4277613426139779	2.9845049781305225E-4	3.5470413502322503E-4	6.5061833627444E-5	0.007373418646253375	3.331085008480437E-4	0.11323215953879348	8.783383187988866E-4
45	file:/C:/Users/apovzner/Documents/Hakluyt/CC_ML_FR_trimmed_morphad_lem/01_46_NNE-_1313_A_third_letter_of_King_Edward_the_second_to_the_said_Haquinus_in_the_behalfe_of_our_English_merchant_pp.344-349.txt	7.366066353221735E-5	0.26950083513982653	0.15914071730681423	1.2314885536666115E-5	1.0980900340129669E-4	2.770141170288158E-4	9.98103404898093E-5	0.47559113989709306	9.843636878763936E-5	1.1699021211724653E-4	2.1459004745781414E-5	1.0089190321221404E-4	1.098674368984138E-4	0.09329183385314534	0.001455219867370714
46	file:/C:/Users/apovzner/Documents/Hakluyt/CC_ML_FR_trimmed_morphad_lem/01_47_NNE-_1320_An_Ordinance_for_the_Staple_to_be_holden_at_one_certaine_place_pp.350-355.txt	7.173759322965787E-5	0.35894789651183606	0.0573679511596743	1.1993378920796114E-5	0.013728066142100578	2.6978206675526845E-4	9.720457653819418E-5	0.490417056542149	0.0012309601369342668	1.1393593060762625E-4	2.089877119954074E-5	9.825790273580977E-5	0.0012420927723870085	0.07610003195866528	2.821345562665529E-4
47	file:/C:/Users/apovzner/Documents/Hakluyt/CC_ML_FR_trimmed_morphad_lem/02_01_NNE-_1262_A_Catalogue_of_the_great_Masters_of_Prussia_pp.001-011.txt	0.06758239061358874	0.13647883918622358	0.26425538304965346	6.607932285946956E-6	0.39843674971489734	0.0751962690479317	5.355632169136021E-5	3.118171551031827E-5	5.281907472761748E-5	6.277471256128457E-5	1.1514491942433916E-5	0.0013049304770080129	5.8952767469392997E-5	2.6863198285239146E-5	0.05644116769622361
48	file:/C:/Users/apovzner/Documents/Hakluyt/CC_ML_FR_trimmed_morphad_lem/02_02_NNE-_1388_The_Oration_or_speach_of_the_Ambassadours_sent_from_Conradus_de_Zolner_Master_generall_of_the_land_o_pp.012-018.txt	0.0023935459953168424	0.538556691889917	0.40434631005777266	1.2257738873105565E-5	0.003589640165830466	0.0037560693717692273	9.934717516595368E-5	5.784219780124049E-5	9.797957931667913E-5	0.0012765608997479794	2.135942521490391E-5	1.0042371894597092E-4	1.0935760207826871E-4	4.9831332348426236E-5	0.04553278284990127
49	file:/C:/Users/apovzner/Documents/Hakluyt/CC_ML_FR_trimmed_morphad_lem/02_03_NNE-_1390_An_agreement_made_by_the_Ambassadours_of_England_and_Prussia_confirmed_by_king_Richard_the_second_pp.018-024.txt	6.59027420192671E-5	0.7625019021440039	0.20494623804394932	1.1017885063779577E-5	0.025124715469605957	2.478390638208193E-4	0.003217607282105752	5.1991537249072464E-5	8.806907657963032E-5	1.0466883405917299E-4	1.9198948067212588E-5	9.026599477099845E-5	9.829622763399936E-5	4.4790960068058646E-5	0.003387495791003034
50	file:/C:/Users/apovzner/Documents/Hakluyt/CC_ML_FR_trimmed_morphad_lem/02_04_NNE-_1398_The_letters_of_Conradus_de_Jungingen_Master_generall_of_Prussia_unto_Rich_the_second_pp.025-027.txt	1.9446988782744729E-4	0.6684242228402344	0.32167767259129054	3.2512256801431794E-5	2.899043200249479E-4	7.313388405963974E-4	2.635070713228511E-4	1.5341984425849405E-4	2.5987967903521296E-4	3.088632702500628E-4	5.665344358424829E-5	2.6636248113344024E-4	0.00644419694543986	1.321719356923338E-4	7.648245925083543E-4
51	file:/C:/Users/apovzner/Documents/Hakluyt/CC_ML_FR_trimmed_morphad_lem/02_05_NNE-_1407_A_briefe_relation_of_William_Esturmy_and_John_Kington_concerning_their_Ambassages_into_Prussia_and_t_pp.027-033.txt	7.783363756737398E-5	0.8340399360529294	0.15707229498888461	1.3012540093741303E-5	1.1602982871085447E-4	2.9270733322184526E-4	1.0546472831815065E-4	6.140397717642542E-5	1.040129193014188E-4	1.2361786240061942E-4	2.2674685752853563E-5	1.0660756299958428E-4	1.1609157254288524E-4	5.28998224567465E-5	0.00769541248764347
52	file:/C:/Users/apovzner/Documents/Hakluyt/CC_ML_FR_trimmed_morphad_lem/02_06_NNE-_1407_Certaine_Articles_of_complaint_exhibited_by_the_Livonians_pp.033-034.txt	2.9261216666045696E-4	0.7279573661661629	0.25251933516158215	4.892007709764005E-5	0.00969612987736007	0.005730380854132926	3.9649004754168656E-4	2.3084557480189857E-4	3.9103203484639956E-4	4.6473596359502504E-4	8.524449240528191E-5	4.00786484695604E-4	4.364412050431085E-4	1.9887457593926688E-4	0.0011508053181356552
53	file:/C:/Users/apovzner/Documents/Hakluyt/CC_ML_FR_trimmed_morphad_lem/02_07_NNE-_1407_Other_complaints_exhibited_by_the_Cities_of_the_Hans_pp.034-036.txt	2.508078686805237E-4	0.8422244221093405	0.15294698362064305	4.193106668316838E-5	3.738896825571747E-4	9.432079071080699E-4	3.3984514352871037E-4	1.978656160171852E-4	3.351668946815781E-4	3.983410459610574E-4	7.306596202382412E-5	3.435277663594427E-4	3.740886433073054E-4	1.7046218240114987E-4	9.8639449070735E-4
54	file:/C:/Users/apovzner/Documents/Hakluyt/CC_ML_FR_trimmed_morphad_lem/02_08_NNE-_1403_Compositions_and_Ordinances_concluded_betweene_the_Ambassadours_of_Prussia_and_the_Chanceller_and_Tr_pp.036-038.txt	2.1352367421290704E-4	0.9028428709052443	0.05588223663949612	3.56977453257701E-5	3.183085889206987E-4	8.029940166228157E-4	2.89324988451999E-4	1.68451626157734E-4	0.007042451212889297	3.3912510070311985E-4	6.220423925814082E-5	2.9246016583576724E-4	3.184779728822768E-4	1.4512188828894865E-4	0.031246751235710104
55	file:/C:/Users/apovzner/Documents/Hakluyt/CC_ML_FR_trimmed_morphad_lem/02_09_NNE-_1403_The_letters_of_the_Chanceller_and_Treasurer_of_England_unto_Conradus_de_Jungingen_master_generall_of_pp.038-041.txt	1.785380443395383E-4	0.588239082115314	0.3772488732299142	2.9848707227840645E-5	0.01721604546597232	6.714242899419072E-4	2.4191939281296304E-4	1.408510040438358E-4	2.3858917273456256E-4	2.835598089493914E-4	5.201213995457687E-5	2.445408746735524E-4	2.662956913476769E-4	1.2134381923446525E-4	0.014827076243539244
56	file:/C:/Users/apovzner/Documents/Hakluyt/CC_ML_FR_trimmed_morphad_lem/02_10_NNE-_1404_The_letters_of_king_Henry_the_fourth_unto_Conradus_de_Jungingen_the_master_generall_of_Prussia_for_e_pp.041-043.txt	1.6247357275542393E-4	0.5867265082981165	0.399862339528742	2.7162984356516422E-5	0.002813002155467079	6.11010967579401E-4	2.2015200297811533E-4	1.2817753178515545E-4	2.171214289836418E-4	2.5804570348175564E-4	4.733219878338166E-5	2.225376095046072E-4	2.42334974277811E-4	1.1042556176608606E-4	0.008351375481422563
57	file:/C:/Users/apovzner/Documents/Hakluyt/CC_ML_FR_trimmed_morphad_lem/02_11_NNE-_1404_The_letters_of_Conradus_de_Jungingen_unto_king_Henry_the_fourth_pp.044-046.txt	1.560546191348094E-4	0.5067540189016813	0.47542621263988966	2.608983791291342E-5	2.3263708717295758E-4	0.0055253311119154965	2.114543084999545E-4	1.231135351130795E-4	2.0854346544747022E-4	2.478509168801116E-4	4.546221350762492E-5	2.137456652516006E-4	0.007640450535594866	1.0606290421208611E-4	0.0030829722577861308
58	file:/C:/Users/apovzner/Documents/Hakluyt/CC_ML_FR_trimmed_morphad_lem/02_12_NNE-_1405_An_agreement_made_betweene_king_Henry_the_fourth_and_Conradus_de_Jungingen_pp.047-055.txt	5.495700929609332E-5	0.8706443416743317	0.12308015564427623	9.187933511118509E-6	8.192669100897178E-5	2.0667567565479738E-4	9.440437388595492E-4	4.3356305191066364E-5	9.430186411752783E-4	0.0026960151299896453	1.60102104263969E-5	7.527378924993084E-5	8.197028727990224E-5	3.735166600688004E-5	0.0010857156037424663
59	file:/C:/Users/apovzner/Documents/Hakluyt/CC_ML_FR_trimmed_morphad_lem/02_13_NNE-_1405_An_agreement_betweene_king_Henry_the_fourth_and_the_Hans-townes_pp.055-067.txt	3.1871005771756E-5	0.875058528008949	0.01792262041464453	5.328322732878123E-6	5.518017878994442E-4	0.012727115598900829	4.318527400232186E-5	2.5143454323390886E-5	5.468811520263582E-4	0.057539719467753644	9.284739388884396E-6	4.365323736451993E-5	5.518270705161704E-4	2.1661207153326656E-5	0.03492137925857299
60	file:/C:/Users/apovzner/Documents/Hakluyt/CC_ML_FR_trimmed_morphad_lem/02_14_NNE-_1405_A_testimonie_out_of_Albertus_Krantzius_concerning_the_surprise_of_Bergen_in_Norway_wherein_21_houses_pp.068-071.txt	1.1660795579262224E-4	0.5188848059925849	0.10432082935737096	1.9494986324996768E-5	0.10165273626531052	0.09084700316883235	1.5800400394698843E-4	9.199354520571945E-5	0.02045160973919115	0.11273453030926808	3.397051501790111E-5	1.5971616362724921E-4	1.7392481428429645E-4	7.925288283146576E-5	0.05027552030041073
61	file:/C:/Users/apovzner/Documents/Hakluyt/CC_ML_FR_trimmed_morphad_lem/02_15_NNE-_1407_The_grievances_and_offences_whereat_the_merchants_of_the_Hans_found_themselves_agrieved_pp.072-083.txt	3.698085622972505E-5	0.7637444958050507	0.12553669800956957	6.182608052638336E-6	5.5128894755837155E-5	1.390731327171157E-4	5.0109131182061095E-5	2.917468234642243E-5	4.9419337640363845E-5	0.09134100953749306	1.0773353527960566E-5	5.06521227005014E-5	5.515823091237263E-5	2.5134129535671987E-5	0.01887001016828613
62	file:/C:/Users/apovzner/Documents/Hakluyt/CC_ML_FR_trimmed_morphad_lem/02_16_NNE-_1407_A_letter_of_Henry_the_fourth_king_of_England_unto_Conradus_de_Jungingen_Master_generall_of_Prussia_pp.083-085.txt	2.4309024544299246E-4	0.5047513336588909	0.4251801567746009	4.0640803437796684E-5	3.62384701802157E-4	0.06630268064906163	3.293877492266193E-4	1.9177708185708753E-4	3.248534550416893E-4	3.860836709076156E-4	7.081764513745912E-5	3.329570538601075E-4	3.625775403196933E-4	1.6521688086041094E-4	9.560420895530119E-4
63	file:/C:/Users/apovzner/Documents/Hakluyt/CC_ML_FR_trimmed_morphad_lem/02_17_NNE-_1408_A_letter_of_Werneherus_de_Tettingen_commander_in_Elbing_unto_sir_William_Sturmy_Ambassadour_unto_kin_pp.085-090.txt	8.901561444536925E-5	0.7538580151695912	0.2430197602886008	1.4881987892917456E-5	1.3269926498998813E-4	3.3475915984080716E-4	1.2061632845346218E-4	7.022558534563622E-5	1.1895594515748882E-4	1.4137743425506852E-4	2.5932246618934664E-5	1.2192334858713169E-4	0.0015412511955652216	6.0499680436522425E-5	3.5008675021949275E-4
64	file:/C:/Users/apovzner/Documents/Hakluyt/CC_ML_FR_trimmed_morphad_lem/02_18_NNE-_1408_The_letters_of_Ulricus_de_Jungingen_master_generall_of_Prussia_signifying_unto_king_Henry_the_4_that_pp.091-095.txt	1.0693970024815257E-4	0.6924504960705526	0.290261859235121	1.7878608537179175E-5	0.010311968792983626	4.0216589450910254E-4	1.4490349912443898E-4	8.43661316433689E-5	1.4290878288195994E-4	0.005246119713542557	3.115393515473629E-5	1.4647369938855894E-4	1.595042754917675E-4	7.268182926447574E-5	4.2057983155639517E-4
65	file:/C:/Users/apovzner/Documents/Hakluyt/CC_ML_FR_trimmed_morphad_lem/02_19_NNE-_1408_The_letters_of_king_Henry_the_fourth_unto_Ulricus_de_Jungingen_wherein_he_doth_absolutely_approve_th_pp.095-098.txt	1.572192505504407E-4	0.5976039293029956	0.39688160218974594	2.6284545669919055E-5	2.343732514830222E-4	5.912511479361565E-4	0.0027006900668607703	1.240323281066932E-4	2.100998197081213E-4	2.4970062159114124E-4	4.580149678144701E-5	2.153408433891473E-4	2.3449797029742407E-4	1.0685444880694222E-4	6.183227160772722E-4
66	file:/C:/Users/apovzner/Documents/Hakluyt/CC_ML_FR_trimmed_morphad_lem/02_20_NNE-_1409_A_new_concord_betweene_king_Henry_the_fourth_and_Ulricus_de_Jungingen_pp.098-106.txt	5.11744958070634E-5	0.9224629899192339	0.05387944221841039	8.555557716160789E-6	7.628794141502234E-5	0.009909171456125179	6.934154005636016E-5	4.0372230705933055E-5	6.838699653557084E-5	8.127696428967087E-5	1.4908279341068377E-5	7.009293740127504E-5	7.632853709540068E-5	3.478087144730769E-5	0.013156890054419801
67	file:/C:/Users/apovzner/Documents/Hakluyt/CC_ML_FR_trimmed_morphad_lem/02_21_NNE-_1404_A_Charter_of_king_Henry_the_fourth_graunted_in_the_fifth_yeere_of_his_raigne_unto_the_English_mercha_pp.106-110.txt	8.657677893426539E-5	0.3441546144501253	0.14320888986543892	1.447425357826708E-5	1.2906359183566103E-4	3.255874821326439E-4	1.1731170165417403E-4	0.4521326521078156	1.1569680927313163E-4	1.3750399801269308E-4	0.001395113730459111	1.1858291226009289E-4	1.2913227142283376E-4	0.057594304917405914	3.4049512965132555E-4
68	file:/C:/Users/apovzner/Documents/Hakluyt/CC_ML_FR_trimmed_morphad_lem/02_22_NNE-_1430_A_note_touching_the_mighty_ships_of_king_Henry_the_fift_taken_out_of_a_Chronicle_in_the_Trinitie_Chu_pp.111-111.txt	5.963105135241139E-4	0.002147084494352798	0.014533056388153356	9.969358632166259E-5	0.21790166903991587	0.03998387582626955	8.080018905404397E-4	0.26465984061500414	7.968790777391375E-4	9.470793517142008E-4	1.7371863795493178E-4	8.167575437137731E-4	0.019760089506481466	0.43443073239763713	0.0023452111306774674
69	file:/C:/Users/apovzner/Documents/Hakluyt/CC_ML_FR_trimmed_morphad_lem/02_23_NNE-_1430_A_branch_of_a_Statute_made_in_the_eight_yeere_of_Henry_the_6_for_the_trade_to_Norway_Sweveland_Denma_pp.111-113.txt	2.70102054018121E-4	0.7232423860427897	0.21172455932431455	4.515674606972197E-5	4.0265232413227834E-4	0.001015767146446814	3.6598880169948965E-4	0.0044868731617082065	3.609506638234093E-4	4.2898468568726926E-4	7.868679130870287E-5	3.6995472189165813E-4	0.05168829990944282	0.004457361632641036	0.0010622759940262707
70	file:/C:/Users/apovzner/Documents/Hakluyt/CC_ML_FR_trimmed_morphad_lem/02_24_NNE-_1432_Another_branch_of_a_Statute_made_in_the_10_yeere_of_king_Henry_the_sixt_concerning_the_state_of_Engl_pp.113-114.txt	3.570916553423676E-4	0.5832573909337101	0.14430794667544541	5.970001695296306E-5	0.07398506276803671	0.018293537453561076	4.838598784845681E-4	2.817142888324409E-4	0.017427829480419297	0.01186756456300402	0.011404449036462354	4.891030707717402E-4	5.326146009140723E-4	0.13584774087800688	0.0014043947000560422
71	file:/C:/Users/apovzner/Documents/Hakluyt/CC_ML_FR_trimmed_morphad_lem/02_25_NNE-_1437_Libellus_de_politia_conservativa_Maris_Or_The_pollicy_of_keeping_the_Sea_pp.114-147.txt	1.5188643839523155E-5	0.0488412188184789	0.2916473876924648	2.5392984718242063E-6	0.3122083711091936	0.05004528865595356	2.058064155963239E-5	0.011788041573119232	2.0297332045040317E-5	0.12066864644573083	4.424792889514984E-6	2.080365707691083E-5	0.011558385706662153	0.012026709787620056	0.14113211584489446
72	file:/C:/Users/apovzner/Documents/Hakluyt/CC_ML_FR_trimmed_morphad_lem/02_26_NNE-_1462_A_large_Charter_granted_by_king_Edward_the_fourth_in_the_second_yere_of_his_raigne_to_the_English_me_pp.147-158.txt	0.0048486317095140985	0.6489702779465085	0.3202316423801349	6.3536258574694304E-6	6.579823114246718E-4	0.0037508909913147115	5.149520539925048E-5	2.998168646006675E-5	5.078633140213969E-5	0.02110685598385845	1.1071356450891272E-5	5.205321666611005E-5	5.668396883537992E-5	2.5829367471335194E-5	1.49463918702057E-4
73	file:/C:/Users/apovzner/Documents/Hakluyt/CC_ML_FR_trimmed_morphad_lem/02_27_NNE-_1527_A_perswasion_of_Robert_Thome_merchant_of_Bristol_and_dwelling_long_in_Sivil_in_Spaine_to_king_Henry__pp.159-163.txt	9.377026650782913E-5	0.1145835697153281	0.43701338777825527	1.5676889718506596E-5	1.3978722183781488E-4	0.02854319628187428	0.003094485880751385	7.397659269734082E-5	1.2530982063775118E-4	1.489289241094546E-4	2.7317383492270603E-5	0.062444402506167035	0.35326367337336073	6.37311913591619E-5	3.687861739031045E-4
74	file:/C:/Users/apovzner/Documents/Hakluyt/CC_ML_FR_trimmed_morphad_lem/02_28_NNE-_1527_The_discourse_of_the_foresaid_Robert_Thorne_written_to_Doctour_Leigh_the_Kings_Ambassadour_in_Spaine_pp.164-181.txt	0.009947644984249273	0.04846147401561244	0.2003073049606314	4.367940950573894E-6	3.894792535993638E-5	0.0046456161741439605	0.043855441287618105	0.013249302825459969	3.491418941517208E-5	0.0442749313818688	7.611249435375038E-6	0.0856088816640125	0.508930185191099	4.3115357286082603E-4	0.04020222263728274
75	file:/C:/Users/apovzner/Documents/Hakluyt/CC_ML_FR_trimmed_morphad_lem/02_29_NNE-_1580_A_briefe_treatise_of_the_Emperour_of_Moscovia_his_genealogie_pp.182-194.txt	0.016795944942114883	0.05093155775807393	0.2931088542381102	5.534870176309903E-6	0.38768999316846275	0.0011721801602470462	4.4859310727620296E-5	2.6118116795972558E-5	0.1126695628673799	5.2580727124095975E-5	9.644653620781635E-6	0.0010930228196662675	0.016812217914323056	2.2500883573742937E-5	0.11956542756960344
76	file:/C:/Users/apovzner/Documents/Hakluyt/CC_ML_FR_trimmed_morphad_lem/02_30_NNE-_1553_The_excellent_orders_and_instructions_of_Sebastian_Cabot_given_to_sir_Hugh_Willoughby_and_his_Fleete_pp.195-205.txt	4.1882278947325724E-5	0.19365841365749256	0.547746011995776	7.002047585757218E-6	6.243564870101172E-5	0.10685177116669638	5.675056837349014E-5	3.304147899232046E-5	5.596934996821681E-5	6.651876949028929E-5	1.2201247987695792E-5	7.200628280427978E-4	0.07693535571344605	2.8465393493650298E-5	0.07372411785500645
77	file:/C:/Users/apovzner/Documents/Hakluyt/CC_ML_FR_trimmed_morphad_lem/02_31_NNE-_1553_The_names_of_the_twelve_Counsellers_appointed_in_sir_Hugh_Willoughbies_voyage_pp.206-206.txt	0.0011090671384556717	0.6006460793663163	0.009481158249316973	1.8541829801174326E-4	0.0016533323396642938	0.37269166532399284	0.0015027881016426525	8.749576068304163E-4	0.001482100983295175	0.0017614557561438096	3.230961526310603E-4	0.0015190725826135997	0.0016542121399312204	7.537801977471727E-4	0.004361815763407077
78	file:/C:/Users/apovzner/Documents/Hakluyt/CC_ML_FR_trimmed_morphad_lem/02_32_NNE-_1553_The_letters_of_king_Edward_the_sixt_written_at_that_time_to_all_the_Kings_Princes_and_other_Potentat_pp.206-211.txt	7.632957789279882E-5	0.12467328705886768	0.19993160012341146	1.276108535732548E-5	0.08707193001959236	2.8705104745503494E-4	1.034267245718135E-4	0.4457206969739595	1.0200297035844814E-4	1.2122906691700849E-4	2.2236519408064528E-5	1.0454747507971019E-4	0.04117741543849911	0.10029529168825095	3.001942303787097E-4
