0	file:/C:/Users/apovzner/Documents/Hakluyt/CC_ML_FR_trimmed_morphad_lem_AMER/07_17_AMER_1170_The_most_ancient_voyage_and_discovery_of_the_West_Indies_performed_by_Madoc_the_sonne_of_Owen_Guined_pp.133-135.txt	0.0011832243887554155	1.9656447468824882E-4	1.3215951103050854E-4	3.909349041880422E-4	0.3184034394142319	0.03907783711571669	4.7902661970688506E-4	4.198298620933307E-4	0.013700498056969547	0.07786393582177407	3.3059976793387236E-4	0.257562854957974	5.4122472893961106E-5	0.027447560748809673	0.16090566741404605	2.632595742481892E-4	2.61579654406754E-4	0.10045604333725955	8.380671492235949E-4	3.279475404981938E-5
1	file:/C:/Users/apovzner/Documents/Hakluyt/CC_ML_FR_trimmed_morphad_lem_AMER/07_18_AMER_1488_The_verses_of_Meredith_the_sonne_of_Rhesus_making_mention_of_Madoc_the_sonne_of_Owen_Guined_and_of_h_pp.135-135.txt	0.00486212411298018	8.077258051976935E-4	5.43071924013504E-4	0.0016064358056865455	0.08943453737648555	0.0015852783813351673	0.0019684236570597586	0.0017251714173845318	0.020966304881825285	0.1609657201295934	0.001358505722746053	0.03375343361067246	0.4595383413701321	0.006791958467499156	0.060552156036975606	0.0010817903485503678	0.0010748871957362953	0.1478055744403948	0.0034437986008914994	1.3476071484006707E-4
2	file:/C:/Users/apovzner/Documents/Hakluyt/CC_ML_FR_trimmed_morphad_lem_AMER/07_19_AMER_1488_The_offer_of_the_discovery_of_the_West_Indies_pp.135-138.txt	0.03343985120119549	8.850471583719925E-5	5.950586944812579E-5	1.7602154540325926E-4	0.6118058535564226	1.7370326880739457E-4	0.0021513970118800397	1.8903172968295337E-4	3.616236432425448E-4	2.1604900168850492E-4	1.4885517112508335E-4	0.083062625977814	0.15681699830062745	0.006551347798978863	0.020184844918418595	1.1853471410442494E-4	0.02528202745211054	0.03748828544353563	3.7734638984060633E-4	0.021307592289836787
3	file:/C:/Users/apovzner/Documents/Hakluyt/CC_ML_FR_trimmed_morphad_lem_AMER/07_20_AMER_1494_Another_testimony_concerning_the_foresaid_offer_made_by_Bartholomew_Columbus_to_K_Henry_the_seventh__pp.139-140.txt	0.0602321317064602	0.03566841880931252	1.2121595827539011E-4	3.5856328965618E-4	0.7376110392690945	0.012183217856596372	4.393605143846718E-4	0.016157568240574852	7.366425674848028E-4	0.016212603559720883	0.004246349907527432	0.06668079460310179	4.964082694404682E-5	0.0015159939554969305	0.029288000873542365	0.008127711526223717	0.004183045048601807	0.005388951860071911	7.686704634433113E-4	3.0079163486288287E-5
4	file:/C:/Users/apovzner/Documents/Hakluyt/CC_ML_FR_trimmed_morphad_lem_AMER/07_21_AMER_1495_The_letters_patents_of_K_Henry_the_7_granted_unto_John_Cabot_and_his_3_sonnes_Lewis_Sebastian_and_Sa_pp.141-144.txt	0.019090944857668567	7.741551272646825E-5	5.2050078348759756E-5	1.5396691644504632E-4	0.028889862949578744	1.5193910843941684E-4	0.0018818376080575135	0.03233569857754794	0.012168548785280557	0.29310849622628066	1.3020435448696162E-4	0.08958705380144676	0.49950835357128825	6.509671274519113E-4	0.009189901696367771	0.0017968593001503892	1.0302127633606345E-4	0.010779895519014012	3.300667537165751E-4	1.2915979367745673E-5
5	file:/C:/Users/apovzner/Documents/Hakluyt/CC_ML_FR_trimmed_morphad_lem_AMER/07_22_AMER_1497_The_signed_bill_of_K_Henry_the_7_on_the_behalfe_of_John_Cabot_pp.145-145.txt	0.11365873132177033	5.602787342790911E-4	3.7670165822463133E-4	0.0011143036586411636	7.661699235440859E-4	0.001099627818325161	0.001365396410521428	0.0011966645759325446	0.026797283755401434	0.24644796521264403	9.423270396378737E-4	0.07242911150228575	0.47806079073917196	0.016965253111898237	0.017493955966059644	7.503835129952185E-4	7.455951433575083E-4	0.004493180048911927	0.014642803141678632	9.347672471929823E-5
6	file:/C:/Users/apovzner/Documents/Hakluyt/CC_ML_FR_trimmed_morphad_lem_AMER/07_23_AMER_1497_The_voyage_of_Sebastian_Cabota_to_the_North_part_of_America_for_the_discovery_of_a_Northwest_passage_pp.145-155.txt	1.7993196214722025E-4	2.989139841538982E-5	2.0097388426171216E-5	0.04059276515736225	0.28704290374468544	0.0013661925030815448	0.007918003121966506	0.01575415905647212	0.021042555181183774	0.014455757490843315	0.01639435307065883	0.15945979376210045	0.14318236270800824	0.09373948115928185	0.10357413537583228	4.0033667492557166E-5	0.02096019936845827	0.06430850520726646	0.007972602120753434	0.001966276555563934
7	file:/C:/Users/apovzner/Documents/Hakluyt/CC_ML_FR_trimmed_morphad_lem_AMER/07_24_AMER_1497_A_briefe_extract_concerning_the_discovery_of_Newfoundland_pp.155-155.txt	0.0718157907962704	0.0010025466627242533	6.740591194876094E-4	0.001993902937739635	0.3741296113221849	0.0019676424109137977	0.00244320109065938	0.002141277195796432	0.026023309957007648	0.024374297588720492	0.001686172918912142	0.12960257025305638	2.760432914659752E-4	0.00843015693089863	0.3382808928126062	0.0013427146894743965	0.0013341465184793769	0.00803996722961819	0.004274431709623537	1.6726456436064573E-4
8	file:/C:/Users/apovzner/Documents/Hakluyt/CC_ML_FR_trimmed_morphad_lem_AMER/07_25_AMER_1549_The_large_pension_granted_by_K_Edward_the_6_to_Sebastian_Cabota_constituting_him_Grand_pilote_of_Eng_pp.156-158.txt	7.028111221328341E-4	1.167552835624112E-4	7.85000504811926E-5	2.3220734909148685E-4	1.596605068287686E-4	2.2914908220970657E-4	2.845320290277471E-4	0.07430340974764839	0.003030640913019164	0.38076955868541223	1.9636951037060505E-4	0.04828998552008374	0.4443563839456325	0.01630329052798758	0.01896705334658123	0.007817133505461716	1.5537297252138667E-4	9.363241519110752E-4	0.003051382335892193	1.9479414143979606E-5
9	file:/C:/Users/apovzner/Documents/Hakluyt/CC_ML_FR_trimmed_morphad_lem_AMER/07_26_AMER_1576_A_discourse_written_by_sir_Humfrey_Gilbert_knight_to_proove_a_passage_by_the_Northwest_to_Cataya_and_pp.158-203.txt	4.3606175286668016E-5	7.2441246308348336E-6	4.870564584844739E-6	1.728456729112973E-4	0.4797610249787354	0.007143940342513897	1.7653894683400037E-5	1.5472276206439583E-5	3.4647551551595296E-4	0.018079647825504523	0.002230319770801129	0.19993495485252535	1.99461240183231E-6	0.05218710885455358	0.12586774598512251	9.702084616963648E-6	0.04294641467483306	0.010673459490986607	0.06055430969615062	1.2086074350477205E-6
10	file:/C:/Users/apovzner/Documents/Hakluyt/CC_ML_FR_trimmed_morphad_lem_AMER/07_27_AMER_1576_The_first_voyage_of_M_Martin_Frobisher_to_the_Northwest_for_the_search_of_a_passage_to_China_anno_15_pp.204-211.txt	0.1390776147572096	3.9428963937958346E-5	2.650994083617925E-5	0.2570622738321712	5.391831679037089E-5	7.738502809624955E-5	9.608818350162441E-5	8.421387699282762E-5	1.6110379490682995E-4	9.625010617600933E-5	6.631516884440022E-5	0.022344353095750218	1.0856453259693202E-5	0.2711131949481972	0.0012311167936893414	5.2807366518374595E-5	0.03368458577429115	0.045159022828922694	0.22955638245418333	6.5783157248294215E-6
11	file:/C:/Users/apovzner/Documents/Hakluyt/CC_ML_FR_trimmed_morphad_lem_AMER/07_28_AMER_1577_The_second_voyage_of_M_Martin_Frobisher_to_the_West_and_Northwest_regions_in_the_yeere_1577_pp.211-230.txt	0.007658385367301077	1.5719578790744885E-5	1.0569009735280488E-5	0.1028296518357211	2.149620848227811E-5	3.0851940423722694E-5	3.821158513251446E-4	3.357447273394927E-5	6.422902213486493E-5	3.837308862672804E-5	2.6438597862003018E-5	0.26435710646416666	4.328261647258065E-6	0.15622070435267027	0.06822086455888945	2.1053293716353136E-5	0.17261219268031597	0.22738270118128875	6.702158467367672E-5	2.622649494659957E-6
12	file:/C:/Users/apovzner/Documents/Hakluyt/CC_ML_FR_trimmed_morphad_lem_AMER/07_29_AMER_1578_The_third_and_last_voyage_of_M_Martin_Frobisher_for_the_discovery_of_a_Northwest_passage_in_the_yere_pp.231-250.txt	0.06792595068062507	1.67627073979228E-5	3.7789223063004816E-4	0.2372376924907342	2.2922665915534966E-5	3.28992307532754E-5	4.0850632214685724E-5	3.580242638626452E-5	0.02316566939532312	4.091947151809919E-5	2.8193025135828297E-5	0.25806904130668823	4.61547885604639E-6	0.14532321643956372	0.1145427968064828	2.2450359963686493E-5	0.05574883234705969	0.09472287344309353	0.0026378221769205947	2.7966847376456804E-6
13	file:/C:/Users/apovzner/Documents/Hakluyt/CC_ML_FR_trimmed_morphad_lem_AMER/07_30_AMER_1578_Experiences_and_reasons_of_the_Sphere_to_proove_all_parts_of_the_worlde_habitable_and_thereby_to_con_pp.250-309.txt	0.02186716172313249	5.172994509859355E-6	3.4780467125140635E-6	0.047529094261815154	0.0032881343813851854	1.0152747764742287E-5	1.2606561169053116E-5	1.1048677921726437E-5	2.113646830492123E-5	1.2627805072568636E-5	1.2184042056992639E-4	0.2711865045880754	1.4243431097328917E-6	0.12743915450189533	0.07392880918721385	6.928211897972268E-6	0.3329779461392832	0.12019618026361222	0.001379735615805672	8.630607484946796E-7
14	file:/C:/Users/apovzner/Documents/Hakluyt/CC_ML_FR_trimmed_morphad_lem_AMER/07_31_AMER_1578_A_letter_of_M_Martin_Frobisher_to_certaine_Englishmen_which_were_trecherously_taken_by_the_Salvages__pp.309-322.txt	0.0365534314613888	2.2808502906133298E-5	1.533522573798386E-5	0.13523402853080724	3.1190169925389865E-5	4.476497635093348E-5	0.013025714533103408	4.871526579166615E-5	9.319383537704498E-5	5.567787248697415E-5	3.836138640843382E-5	0.4189904045182502	6.280140815103411E-6	0.12191147545031387	0.09000652387027695	3.0547517672409846E-5	0.12524199537023303	0.034603644282418786	0.024042101726410223	3.8053633253799225E-6
15	file:/C:/Users/apovzner/Documents/Hakluyt/CC_ML_FR_trimmed_morphad_lem_AMER/07_32_AMER_1578_Articles_and_orders_prescribed_by_M_Martin_Frobisher_to_the_Captaines_and_company_of_every_ship_whic_pp.322-367.txt	0.042635859698185195	6.906023475292247E-6	4.643243328212656E-6	0.2498398114175538	9.443848488853458E-6	1.3554067043449737E-5	1.682994389618162E-5	1.4750146931909359E-5	2.8217494919113146E-5	1.685830481868123E-5	1.1615169841338496E-5	0.4245699984718691	1.9015189236985193E-6	0.12285649912334216	0.042205745791514857	1.602928414681043E-4	0.09290099013393388	0.02452444264373598	1.8048791798359266E-4	1.1521987464606077E-6
16	file:/C:/Users/apovzner/Documents/Hakluyt/CC_ML_FR_trimmed_morphad_lem_AMER/07_33_AMER_1578_A_generall_and_briefe_description_of_the_country_and_condition_of_the_people_which_are_founde_in_Met_pp.367-375.txt	2.2828769341389095E-4	3.792454834445542E-5	2.5498451707539136E-5	0.0697499345237951	5.186105866199347E-5	7.443239553012769E-5	9.242193039290274E-5	8.100068909530388E-5	1.5495686541581674E-4	9.2577674893378E-5	6.378490773350021E-5	0.19070132355884664	1.0442224328907256E-5	0.10400120244084939	0.036850856231051735	0.004198084683668856	0.19331428428649855	0.3951263537803654	0.005138444735897823	6.327319508672407E-6
17	file:/C:/Users/apovzner/Documents/Hakluyt/CC_ML_FR_trimmed_morphad_lem_AMER/07_34_AMER_1583_The_letters_patents_of_her_Majesty_graunted_to_M_Adrian_Gilbert_and_others_for_the_search_and_discov_pp.375-381.txt	0.017632313072696963	5.6474463592301085E-5	3.7970429325574194E-5	1.1231856137047524E-4	7.722769544052161E-5	1.1083927943649479E-4	1.3762797899918194E-4	1.2062030180862595E-4	0.016287945328729694	0.8104086178473456	9.498381936723806E-5	0.10858448810204809	1.554979672610209E-5	4.748792334291234E-4	0.040053573766914013	7.563647126360857E-5	7.515381755889624E-5	4.5289945443392467E-4	0.005181458398081532	9.422181432033277E-6
18	file:/C:/Users/apovzner/Documents/Hakluyt/CC_ML_FR_trimmed_morphad_lem_AMER/07_35_AMER_1585_The_first_voyage_of_M_John_Davis_for_the_discovery_of_a_Northwest_passage_1585_pp.381-393.txt	0.06567143867498863	2.3968294224761916E-5	1.611500781106947E-5	0.2784070488775775	3.277616127497078E-5	4.70412340765761E-5	5.841061046680654E-5	5.119239208892379E-5	9.793265588029408E-5	5.85090409076222E-5	5.645293152975196E-4	0.12943482815897905	6.599480178458275E-6	0.2979569626900296	0.036395153579653026	3.210083074814829E-5	0.015758414621999405	0.1312465367441094	0.04413644276717045	3.998862537808134E-6
19	file:/C:/Users/apovzner/Documents/Hakluyt/CC_ML_FR_trimmed_morphad_lem_AMER/07_36_AMER_1586_The_second_voyage_of_M_John_Davis_for_the_discovery_of_the_Northwest_pass_1586_pp.393-407.txt	0.049242035147856245	2.1591392202149735E-5	1.4516905155062768E-5	0.2734649205144568	2.9525795466816785E-5	4.237622106504222E-5	5.2618112391698165E-5	4.611571457664549E-5	8.822081215629768E-5	5.270678162415801E-5	3.631434043573216E-5	0.2389068900880564	5.945019012500092E-6	0.23724171764227334	0.028535814824429136	2.89174365183671E-5	0.015140137604489914	0.13050901863286446	0.026537014714004173	3.6023009650432014E-6
20	file:/C:/Users/apovzner/Documents/Hakluyt/CC_ML_FR_trimmed_morphad_lem_AMER/07_37_AMER_1586_A_letter_of_M_J_Davis_to_M_Wil_Sanderson_of_London_concerning_his_second_voyage_pp.407-408.txt	0.0025577124534018813	4.249028414089404E-4	2.856820991948877E-4	0.3261059870307339	0.04704689240683839	8.33933104921187E-4	0.019621824571668757	9.075236081937053E-4	0.0017361212007849624	0.0010372309976100335	7.146397180214201E-4	0.36160320127376	1.1699363556510067E-4	0.012866067925534765	0.18054407100538059	5.690740470961146E-4	5.654426548259845E-4	0.04058020413814368	0.001811604632837983	7.089065407762954E-5
21	file:/C:/Users/apovzner/Documents/Hakluyt/CC_ML_FR_trimmed_morphad_lem_AMER/07_38_AMER_1586_The_voyage_and_course_which_the_Sunshine_a_barke_of_50_tunnes_pp.408-413.txt	0.2702025463624726	6.107627370483748E-5	4.106444199135534E-5	0.3113666730122209	8.352057840461091E-5	1.1987099544639493E-4	1.488425667126405E-4	0.0028020816592998527	0.0029211857189207833	1.490933882557912E-4	1.0272355645703087E-4	0.059992371208538314	1.681686873122366E-5	0.23160979776024257	5.712088413491264E-4	8.179969365116733E-5	8.127771100806555E-5	0.08598204825380368	0.033655811162830666	1.0189945958476595E-5
22	file:/C:/Users/apovzner/Documents/Hakluyt/CC_ML_FR_trimmed_morphad_lem_AMER/07_39_AMER_1587_The_third_voyage_Northwestward_made_by_M_John_Davis_Gentleman_for_the_discovery_of_a_passage_to_the__pp.414-422.txt	0.08024547869869723	3.6589183246977866E-5	2.4600623152253443E-5	0.39619765482753405	5.003497369384943E-5	7.181154894258729E-5	8.916765247857587E-5	7.814856566044922E-5	1.4950066359605105E-4	8.931791304373384E-5	6.153897091285523E-5	0.19198904294423566	1.007454211468011E-5	0.21237452658315736	0.003543205308376189	4.900403706705109E-5	4.869133104519238E-5	0.04910881842309501	0.06577668868232711	6.104527623170486E-6
23	file:/C:/Users/apovzner/Documents/Hakluyt/CC_ML_FR_trimmed_morphad_lem_AMER/07_40_AMER_1587_A_letter_of_M_John_Davis_to_M_Wil_Sanderson_of_London_concerning_his_3_voyage_pp.423-423.txt	0.004777720906388828	7.937042281212745E-4	5.336445604309689E-4	0.20989048352455872	0.0010853746011951547	0.001557759014158293	0.001934253145422143	0.10585119078348658	0.0032430160575645773	0.0019375126455066555	0.0013349229765001558	0.3282760703734447	2.1854017945229504E-4	0.006674054633625027	0.18101630635355806	0.0010630111952100673	0.0010562278764889878	0.006365146103787504	0.14225863948169207	1.3242135940800824E-4
24	file:/C:/Users/apovzner/Documents/Hakluyt/CC_ML_FR_trimmed_morphad_lem_AMER/07_41_AMER_1587_A_traverse-booke_of_M_John_Davis_contayning_all_the_principall_notes_and_observations_taken_in_his_t_pp.424-439.txt	0.012409367783176951	5.0321111747387895E-5	3.383324241877337E-5	0.7881204825745411	6.88131102990328E-5	9.876243901649331E-5	0.0012232194456954467	1.0747773949893671E-4	2.0560829544471747E-4	1.2283894540576938E-4	0.0011852217138762632	0.021913399075263663	1.385551998071607E-5	0.07966541234583623	0.012577081113749127	0.001167982416607912	6.696519826953398E-5	4.035523776096114E-4	0.08055740999338284	8.395558179505163E-6
25	file:/C:/Users/apovzner/Documents/Hakluyt/CC_ML_FR_trimmed_morphad_lem_AMER/07_42_AMER_1587_A_report_of_M_John_Davis_concerning_his_three_voyages_made_for_the_discovery_of_the_Northwest_passag_pp.440-444.txt	3.3952995923994554E-4	5.640479414823672E-5	3.7923587292313E-5	0.2912524184960327	0.03585283969667572	1.107025431049276E-4	1.3745819492024325E-4	1.2047149916694793E-4	0.0014641108446684832	0.0038386250672455403	9.486664304595064E-5	0.2515533624739198	1.5530613795901243E-5	0.14110983233546143	0.20037802206118618	7.554316270308876E-5	7.50611044217438E-5	0.03252711277493515	0.04095077359023155	9.410557804282117E-6
26	file:/C:/Users/apovzner/Documents/Hakluyt/CC_ML_FR_trimmed_morphad_lem_AMER/07_43_AMER_1385_The_voyage_of_M_Nicolas_Zeno_and_M_Anthony_his_brother_pp.445-464.txt	9.255597467838136E-5	1.5375964791472544E-5	1.0337981935373647E-5	3.05803036488993E-5	0.18901715280660158	0.02592466462885606	0.010462524387759404	0.004740929129002504	0.032683152921638634	0.005418206932045958	2.58606770113588E-5	0.3059957067145218	4.233650251220718E-6	0.1255662234539195	0.12053635226847159	2.0593090135326487E-5	0.02154315224127817	0.15549023071134538	0.002419600841062376	2.5653210449892654E-6
27	file:/C:/Users/apovzner/Documents/Hakluyt/CC_ML_FR_trimmed_morphad_lem_AMER/07_44_AMER_1385_A_testimony_of_Ortelius_for_the_credit_of_the_history_of_M_Nicolas_andamp_M_Antonio_Zeni_pp.464-466.txt	9.738826309220168E-4	1.6178734107784402E-4	1.0877721379555182E-4	3.2176881800954557E-4	0.28330094730717215	0.014471516307796329	0.003932771252496291	3.455515407902878E-4	0.025430525270853998	0.011010428322675311	0.0038106047942336953	0.1023002078962145	4.454686430983621E-5	0.05089937673709971	0.2916697965670913	2.1668242238812886E-4	2.152997220563381E-4	0.20299175151101975	0.007766784931789272	2.6992548208098608E-5
28	file:/C:/Users/apovzner/Documents/Hakluyt/CC_ML_FR_trimmed_morphad_lem_AMER/08_01_AMER_1527_The_voyage_of_two_ships_whereof_the_one_was_called_The_Dominus_vobiscum_set_out_the_20_of_May_1527_f_pp.001-002.txt	0.025782367741084722	2.2346401587510515E-4	1.5024533358739853E-4	0.03954398724493917	0.2104656826728982	4.385803586978855E-4	5.445806640317432E-4	0.02491450386641692	9.130572398312851E-4	5.454983622785504E-4	0.06880006047209983	0.375896480370485	6.152904873150567E-5	0.0018790514120479412	0.18292535654997666	2.9928623558439857E-4	0.039396929931370686	0.026229300486235525	9.52755328934835E-4	3.7282664892686854E-5
29	file:/C:/Users/apovzner/Documents/Hakluyt/CC_ML_FR_trimmed_morphad_lem_AMER/08_02_AMER_1536_The_voyage_of_M_Hore_and_divers_other_gentlemen_to_Newfoundland_and_Cape_Briton_in_the_yere_1536_pp.003-007.txt	0.07724254884043019	0.06294766573348896	4.295811915853971E-5	0.036459919003255604	8.737211040273569E-5	1.2539881845035264E-4	1.557064069700627E-4	0.06721248911978513	2.610611642352497E-4	1.5596879509019023E-4	0.03783772439430862	0.31708883153764994	1.759237471147195E-5	0.06481844816494381	0.11239092412238902	8.557186745015629E-5	8.502581369918174E-5	0.2227017221258026	2.7241163483794964E-4	1.065985294029975E-5
30	file:/C:/Users/apovzner/Documents/Hakluyt/CC_ML_FR_trimmed_morphad_lem_AMER/08_03_AMER_1578_An_act_against_the_exaction_of_money_or_any_other_thing_by_any_officer_for_licence_to_traffique_into_pp.007-009.txt	0.006172257854503358	2.2130082501275498E-4	1.4879091896294883E-4	4.401314986357916E-4	3.0262443638598966E-4	4.3433478465937115E-4	0.010219573847910907	0.005312795132012535	9.042186039092064E-4	0.6587982288822122	3.7220358108364294E-4	0.2028530676705766	0.0049010658657174	0.011541126565626444	0.09403220682678036	2.9638906555231074E-4	2.9449773881356746E-4	0.0017747317378277443	9.435324049954426E-4	3.692175882150536E-5
31	file:/C:/Users/apovzner/Documents/Hakluyt/CC_ML_FR_trimmed_morphad_lem_AMER/08_04_AMER_1578_A_letter_written_to_M_Richard_Hakluyt_of_the_Midle_Temple_contayning_a_report_of_the_true_state_and__pp.009-016.txt	0.030668435512696206	4.091071744356568E-5	2.750619318075672E-5	0.023345379059942592	5.594458496841106E-5	8.029318304659432E-5	9.969920921802432E-5	8.73786623432937E-5	0.02253640261815629	9.986721700006726E-5	0.10386210174542096	0.2764039088947836	1.1264442363878766E-5	0.08087328785829805	0.17038887090948746	5.479188481775511E-5	0.019739377395840016	0.2598113213814653	0.011806432998521672	6.825531005494554E-6
32	file:/C:/Users/apovzner/Documents/Hakluyt/CC_ML_FR_trimmed_morphad_lem_AMER/08_05_AMER_1578_The_letters_patents_granted_by_her_Majestie_to_sir_Humfrey_Gilbert_knight_for_inhabiting_some_part_o_pp.017-023.txt	3.24326036909529E-4	5.387902554975237E-5	3.62253946586679E-5	1.0715665546606901E-4	7.367848601142983E-5	1.057453579689984E-4	1.313029097609454E-4	0.0024718834361689554	2.201456648875014E-4	0.9063236501066254	9.061857882255562E-5	0.068242093180711	1.4835163396103952E-5	0.00280986143213191	0.017001543389621763	7.216039088259059E-5	7.169991884560742E-5	0.0016104885091462531	2.2971720305533751E-4	8.989159379640927E-6
33	file:/C:/Users/apovzner/Documents/Hakluyt/CC_ML_FR_trimmed_morphad_lem_AMER/08_06_AMER_1583_A_learned_and_stately_Poeme_written_in_Latine_Hexamiters_by_Stephanus_Parmenius_Budeius_concerning_t_pp.023-033.txt	1.365470262000497E-4	2.2684027417223458E-5	1.5251535031533985E-5	4.511485658339731E-5	0.005984564689694138	4.452067525233654E-5	0.0010475383150740153	4.844940632023369E-5	9.268523784788311E-5	5.537401517429573E-5	3.815203236410656E-5	0.0014440541361322677	0.9897830584770875	1.907441499354908E-4	2.1214976343747962E-4	3.038080716041773E-5	3.0186940248289826E-5	6.780442876210266E-4	9.671502554372226E-5	3.7845958746465007E-6
34	file:/C:/Users/apovzner/Documents/Hakluyt/CC_ML_FR_trimmed_morphad_lem_AMER/08_07_AMER_1583_The_voyage_of_Sir_Humfrey_Gilbert_to_Newfoundland_An_1583_pp.034-043.txt	0.005533025043512631	3.0570927383933556E-5	2.0554267607194332E-5	0.03014894047924285	0.015420187722664413	5.9999853870281575E-5	7.450119371395148E-5	7.339198766073726E-4	7.935358508136502E-4	0.07763516503462167	0.010749422210420705	0.2780883916914513	8.417462979026864E-6	0.004937440373384605	0.5284999218957512	0.009401698385181172	0.0040524344725511455	0.011611795514296528	0.021526351970071998	6.737257738744315E-4
35	file:/C:/Users/apovzner/Documents/Hakluyt/CC_ML_FR_trimmed_morphad_lem_AMER/08_08_AMER_1583_Orders_agreed_upon_by_the_Captaines_and_Masters_to_bee_observed_by_the_fleete_of_sir_Humfrey_Gilbert_pp.043-055.txt	0.12846399684830073	2.607316697572714E-5	1.7530212435354694E-5	0.14831777838525256	6.05908082818E-4	6.214259007148159E-4	6.354017459789966E-5	5.568805916286108E-5	1.065330083650831E-4	0.057089002279490424	0.0034653734931467776	0.3033239332203304	7.1790402367548275E-6	0.09545158545319664	0.18329523594978947	3.4919895104230776E-5	3.4697063228831896E-5	0.025870504677507216	0.05314474505051227	4.3500388339499004E-6
36	file:/C:/Users/apovzner/Documents/Hakluyt/CC_ML_FR_trimmed_morphad_lem_AMER/08_09_AMER_1583_A_briefe_relation_of_Newfound-land_and_the_commodities_thereof_pp.055-064.txt	0.04794490623915049	3.410551848519658E-5	2.29307389017992E-5	8.137617162838814E-4	0.018694922707315865	6.693699865832076E-5	8.31149741540306E-5	7.28438602396022E-5	8.852839591256401E-4	8.325503506897366E-5	0.0679371158277118	0.21849123620004643	9.390684673194884E-6	0.08159330318522086	0.24796818073406326	4.567765508068873E-5	0.0738925911929858	0.15915689120367468	0.0821978614153703	5.690153789170208E-6
37	file:/C:/Users/apovzner/Documents/Hakluyt/CC_ML_FR_trimmed_morphad_lem_AMER/08_10_AMER_1583_Reckonings_of_the_Master_and_Masters_mate_of_the_Admirall_of_sir_Humfrey_Gilbert_in_their_course_fro_pp.064-065.txt	0.22415838360894894	6.297291154220811E-4	4.2339640521437685E-4	0.001252429218414966	8.611419257902507E-4	0.0012359342073163149	0.0015346466342408731	0.0013449993347125035	0.0025730260226328335	0.001537232738777316	0.02860509925565299	0.02631526658344703	1.7339092953609506E-4	0.005295230101847402	0.005889469290847831	8.433986816826205E-4	8.38016760878239E-4	0.005050140447101106	0.6913340049334534	1.0506380408276335E-4
38	file:/C:/Users/apovzner/Documents/Hakluyt/CC_ML_FR_trimmed_morphad_lem_AMER/08_11_AMER_1583_The_maner_how_the_sayd_Admirall_was_lost_pp.065-077.txt	0.05340310816759898	2.341591792049751E-5	1.5743619326999785E-5	0.08352475650739526	3.2020797765858895E-5	4.595711591682775E-5	5.7064472237822795E-5	5.001260582281061E-5	9.567568765324071E-5	0.01798192450767321	3.9382991472659415E-5	0.42553934556347206	6.447387733461632E-6	0.12874306220692266	0.22504674726932472	3.1361030990760454E-5	0.018980197003819053	0.03552517662390392	0.010854693818797202	3.9067042519834456E-6
39	file:/C:/Users/apovzner/Documents/Hakluyt/CC_ML_FR_trimmed_morphad_lem_AMER/08_12_AMER_1583_A_letter_of_the_learned_Hungarian_Stephanus_Parmenius_Budeius_to_master_Richard_Hakluyt_the_collecto_pp.078-084.txt	0.0137292322111845	4.109456833280989E-5	2.762980475229616E-5	0.07647895132692005	0.016234431008577892	9.79444850887384E-4	1.0014725289501343E-4	0.014468424681343803	1.6790932977318613E-4	0.04683743938141002	6.911653174215112E-5	0.1536129203077724	0.4727752937251247	0.07764156537166855	0.07049001728331963	5.503811703700197E-5	5.468690616419805E-5	0.056054591410568226	1.7520972589718485E-4	6.856204629017661E-6
40	file:/C:/Users/apovzner/Documents/Hakluyt/CC_ML_FR_trimmed_morphad_lem_AMER/08_13_AMER_1583_A_relation_of_Richard_Clarke_of_Weymouth_master_of_the_ship_called_The_Delight_which_went_as_Admiral_pp.085-088.txt	0.2325493592341947	7.689472737594393E-5	5.169992994383407E-5	0.10442367288524126	1.0515199630122548E-4	1.509169920823689E-4	1.8739205742340057E-4	1.6423467587999891E-4	0.00872311688393656	0.0069148524680260545	0.10440007017747419	0.30425301681431016	2.1172354794494585E-5	0.18900663754790925	0.02090058299669811	1.0298541088376931E-4	1.0232823731043937E-4	0.027525239171580177	3.278463469275887E-4	1.2829091706532825E-5
41	file:/C:/Users/apovzner/Documents/Hakluyt/CC_ML_FR_trimmed_morphad_lem_AMER/08_14_AMER_1583_A_discourse_of_the_necessitie_and_commoditie_of_planting_English_colonies_upon_the_North_partes_of_A_pp.089-131.txt	0.004508450525779607	0.013241540230525107	4.9016288108136996E-6	0.004638514306685649	0.03381311370737499	1.4308318739230836E-5	0.007192962221031805	1.5570957637710726E-5	0.03765970311907072	0.11067525947568714	0.013724857811765544	0.2547849251387557	2.007333943512264E-6	0.018079016210185702	0.39135552246156596	9.76396404462777E-6	0.008779385328752592	0.09285766321828891	0.008641317725479594	1.216315874965941E-6
42	file:/C:/Users/apovzner/Documents/Hakluyt/CC_ML_FR_trimmed_morphad_lem_AMER/08_15_AMER_1582_A_letter_of_the_right_honourable_sir_Francis_Walsingham_to_master_Richard_Hakluyt_then_of_Christchur_pp.131-131.txt	0.004777720906388828	7.937042281212745E-4	5.336445604309689E-4	0.0015785491598436037	0.0010853746011951547	0.001557759014158293	0.001934253145422143	0.0016952236011290244	0.0032430160575645773	0.05401549623668544	0.0013349229765001558	0.34563539823717093	2.1854017945229504E-4	0.006674054633625027	0.5629215193555358	0.0010630111952100673	0.0010562278764889878	0.006365146103787504	0.003384016571881982	1.3242135940800824E-4
43	file:/C:/Users/apovzner/Documents/Hakluyt/CC_ML_FR_trimmed_morphad_lem_AMER/08_16_AMER_1582_A_letter_of_the_right_honourable_sir_Francis_Walsingham_to_master_Thomas_Aldworth_marchant_and_at_th_pp.132-132.txt	0.038259329599414645	5.340992946352458E-4	3.590999936925706E-4	0.0010622369932628182	7.303700652893185E-4	0.0010482468924765695	0.001301597249974737	0.024503620587185148	0.002182289733967954	0.09475527483858368	8.982961094068604E-4	0.36108069566261053	1.4706001500233435E-4	0.004491103544469924	0.4488896523460407	7.153212864884932E-4	7.107566569755695E-4	0.015964668402528966	0.0022771717726064408	8.91089553874103E-5
44	file:/C:/Users/apovzner/Documents/Hakluyt/CC_ML_FR_trimmed_morphad_lem_AMER/08_17_AMER_1583_A_letter_written_from_master_Aldworth_marchant_and_mayor_of_the_citie_of_Bristol_to_the_right_honour_pp.133-134.txt	0.001672023697458297	2.7776680643212386E-4	1.86755645326027E-4	5.52433190338094E-4	3.7984053262527564E-4	0.006620273173429736	0.006752032043770059	0.04919419093737193	0.001134934376814446	0.11610525636972761	0.03084275191847914	0.38218944500828317	7.648089246954607E-5	0.0023356696056963493	0.39748030637693804	3.7201417660834177E-4	3.6964026865698134E-4	0.002227563169101305	0.0011842792853831428	4.6342525090521206E-5
45	file:/C:/Users/apovzner/Documents/Hakluyt/CC_ML_FR_trimmed_morphad_lem_AMER/08_18_AMER_1583_A_briefe_and_summarie_discourse_upon_a_voyage_intended_to_the_hithermost_parts_of_America_pp.134-147.txt	0.005280196829705493	2.6028638205688034E-5	0.0011560595718174641	0.005744563236550247	0.0051591104820423546	5.108495627791991E-5	6.343165821300679E-5	0.0011941522510881862	0.02344681667945826	0.023973283811250152	0.0159836074731067	0.4593578082907742	7.166779592234677E-6	0.02583645233012237	0.40215486210310997	3.4860257547338147E-5	3.4637806232894764E-5	0.030380559214680792	1.1097502055653705E-4	4.3426096682072635E-6
46	file:/C:/Users/apovzner/Documents/Hakluyt/CC_ML_FR_trimmed_morphad_lem_AMER/08_19_AMER_1583_Articles_set_downe_by_the_committies_appointed_on_the_behalfe_of_the_company_of_the_Moscovian_marcha_pp.147-150.txt	0.027970625729539247	1.3788071183351946E-4	9.270366624160782E-5	2.74222404407028E-4	1.8854910597243792E-4	2.7061078185967375E-4	3.3601458970214675E-4	2.9449085510596266E-4	0.03976653080662209	0.3591962811525159	0.018325666554005655	0.24098075446147152	3.796436309585013E-5	0.001159403429005561	0.3058679146552226	1.8466417979087462E-4	1.8348579522302377E-4	0.004121368190590995	5.87864593958319E-4	2.30039738358918E-5
47	file:/C:/Users/apovzner/Documents/Hakluyt/CC_ML_FR_trimmed_morphad_lem_AMER/08_20_AMER_1591_The_first_discovery_of_the_isle_of_Ramea_made_by_for_Monsieur_de_la_court_pre_Ravillon_andamp_grand__pp.150-154.txt	4.061726544206491E-4	6.74758864063865E-5	4.536720161647447E-5	0.02669831139036204	9.22719203247473E-5	1.3243115831280296E-4	1.6443839014267933E-4	1.4411755801523802E-4	2.757014204551764E-4	1.647154929344394E-4	0.132934050903359	0.08989095657754334	1.8578951455076825E-5	0.2691600832622207	0.013913116875200797	0.1830875920991446	8.979404378622011E-5	0.024153670544532112	0.25854989601447403	1.1257655293514168E-5
48	file:/C:/Users/apovzner/Documents/Hakluyt/CC_ML_FR_trimmed_morphad_lem_AMER/08_21_AMER_1591_A_letter_sent_to_the_right_honourable_sir_William_Cecil_Lord_Burghley_Lord_high_Treasurer_of_England_pp.155-155.txt	0.11181964390722383	3.3470043530565546E-4	2.2503479299526859E-4	0.007985992084932307	4.576961273717867E-4	6.568978741290319E-4	8.156632493901815E-4	7.148658872352766E-4	0.008687888050054897	0.08866096329569036	0.1396491446481887	0.10915079221522507	9.215711672293486E-5	0.03941604548106518	0.2227400612498697	4.482656097394903E-4	4.454051238704199E-4	0.16373134173240958	0.10391159980506925	5.584131351112682E-5
49	file:/C:/Users/apovzner/Documents/Hakluyt/CC_ML_FR_trimmed_morphad_lem_AMER/08_22_AMER_1591_A_briefe_note_of_the_Morse_and_of_the_use_thereof_pp.156-157.txt	0.02629193988124433	2.811832479929969E-4	1.8905267914592447E-4	5.592279392691112E-4	3.8451244788698005E-4	5.518626758839324E-4	0.006835079846317047	6.005618482947164E-4	0.03189808224504058	0.019135909997274218	0.2341667521449487	0.11014755423594245	7.742158262256285E-5	0.0761624500887797	0.08872746198376048	3.7658983023133603E-4	3.741867239827028E-4	0.4019944125420781	0.0011988455361970345	4.691252310716236E-5
50	file:/C:/Users/apovzner/Documents/Hakluyt/CC_ML_FR_trimmed_morphad_lem_AMER/08_23_AMER_1593_The_voyage_of_the_ship_called_The_Marigolde_of_M_Hill_of_Redriffe_unto_Cape_Briton_and_beyond_to_the_pp.157-161.txt	0.17721992004693143	6.572983174290326E-5	4.4193247213348156E-5	1.3072598960448987E-4	8.988422561820799E-5	1.2900427422313107E-4	1.6018326385600749E-4	1.4038826822500414E-4	0.0017061627637555668	1.604531961362325E-4	0.1812475949125024	0.14938148385827232	1.809818911821192E-5	0.16731379390803003	0.012115495444439869	0.0029632234061223316	8.747046839868572E-5	0.20897848411953657	0.09803674424218108	1.0966344092254179E-5
51	file:/C:/Users/apovzner/Documents/Hakluyt/CC_ML_FR_trimmed_morphad_lem_AMER/08_24_AMER_1593_The_voyage_of_M_George_Drake_of_Apsham_to_the_isle_of_Ramea_in_the_yeere_1593_pp.161-162.txt	0.12084376927323802	2.373865797939298E-4	1.5960612598246943E-4	4.7212345961523326E-4	3.246213831855133E-4	0.021233699360241866	5.785098811105926E-4	5.070192628436896E-4	9.699437937281842E-4	5.794847550617268E-4	0.23922888860921335	0.29547713252673313	6.536251655170113E-5	0.0071880711602481055	0.30854509168655125	3.179327802132083E-4	3.1590397808037757E-4	0.0019037321585691485	0.0010121152080372932	3.960550100122015E-5
52	file:/C:/Users/apovzner/Documents/Hakluyt/CC_ML_FR_trimmed_morphad_lem_AMER/08_25_AMER_1594_The_voyage_of_The_Grace_of_Bristoll_up_into_the_gulfe_of_S_Laurence_to_the_Northwest_of_Newfoundland_pp.162-165.txt	0.17050079477019392	8.732151108195815E-5	5.871034542401288E-5	0.011632667955386346	1.1941041373897933E-4	1.7138105883575996E-4	2.1280207599887527E-4	1.8650459607954473E-4	3.567891571900812E-4	2.131606786907434E-4	0.2904415220039321	0.12014884098778546	2.4043287191587027E-5	0.07521776160074918	8.166644122892786E-4	1.1695004332092132E-4	1.1620375821887863E-4	0.10192144195853865	0.2276424606923907	1.4568692963126742E-5
53	file:/C:/Users/apovzner/Documents/Hakluyt/CC_ML_FR_trimmed_morphad_lem_AMER/08_26_AMER_1597_The_voyage_of_M_Charles_Leigh_and_divers_others_to_Cape_Briton_and_the_isle_of_Ramea_1597_pp.166-180.txt	0.3250592179545449	2.1103080871691953E-5	1.4188590556169403E-5	0.04758176508392247	2.8858039523511282E-5	0.005118483268914106	5.142810017629276E-5	4.507276071201739E-5	8.622560861616567E-5	5.151476406373049E-5	0.13157764281269058	0.32858335633494923	5.810566351161205E-6	0.10448806737833971	0.014967009027398634	2.8263439232434502E-5	2.8083083731635116E-5	6.307884915264617E-4	0.041629600782620166	3.5208312589454886E-6
54	file:/C:/Users/apovzner/Documents/Hakluyt/CC_ML_FR_trimmed_morphad_lem_AMER/08_27_AMER_1597_Certaine_observations_touching_the_countries_and_places_where_master_Charles_Leigh_touched_in_his_vo_pp.180-182.txt	0.0010982382110425576	1.824460508823791E-4	1.2266703285170985E-4	0.032285485789419505	2.494913126326904E-4	0.004348405454810756	0.004434948861026537	3.896751969189942E-4	7.45460905570978E-4	4.453693431167514E-4	0.27563953912414896	0.02757574180260646	5.023507660350456E-5	0.14119564877633523	0.01766762082704079	0.04812829592900283	2.4279145564517856E-4	0.248863517773426	0.19630398183617784	3.0439240740413164E-5
55	file:/C:/Users/apovzner/Documents/Hakluyt/CC_ML_FR_trimmed_morphad_lem_AMER/08_28_AMER_1534_The_first_voyage_of_Jaques_Cartier_of_Saint_Malo_to_Newfound-land_the_gulfe_of_Saint_Laurence_and_th_pp.183-209.txt	7.55986778662497E-5	1.2558914896553259E-5	8.443947231231173E-6	0.014857673421716292	1.7174064045942823E-5	2.4648681706611054E-5	3.060601138442647E-5	0.0011255420123682692	5.131478607782598E-5	3.0657587000022715E-5	0.24585932118713968	0.08759823263829548	3.457997851057792E-6	0.389601208528537	1.1745581044009044E-4	1.6820204128592266E-5	1.6712870540694055E-5	0.10173215077996091	0.15881832655347097	2.0953253420705704E-6
56	file:/C:/Users/apovzner/Documents/Hakluyt/CC_ML_FR_trimmed_morphad_lem_AMER/08_29_AMER_1534_Divers_words_of_the_language_spoken_in_New_France_with_the_interpretation_thereof_pp.209-210.txt	0.03751780228536994	3.251787752657443E-4	2.1863293458688031E-4	0.03620710906546763	4.446754483803232E-4	6.382102431055316E-4	7.924590125607609E-4	6.945291644994137E-4	0.0013286561320986936	7.937944221603409E-4	0.34192657385835434	0.006476569981643502	8.95354029659962E-5	0.07385510694859529	0.024377425870385203	4.3551321298916916E-4	0.05021726771037089	0.37243574948642827	0.051170957321974776	5.425272279731587E-5
57	file:/C:/Users/apovzner/Documents/Hakluyt/CC_ML_FR_trimmed_morphad_lem_AMER/08_30_AMER_1535_The_second_voyage_of_Jaques_Cartier_by_the_Grand_bay_up_the_river_of_Canada_to_Hochelaga_Anno_1535_pp.210-262.txt	0.005279917424342471	6.146589884398182E-6	4.132640523754301E-6	1.2224571766344948E-5	8.4053382962066E-6	0.028108726079811595	1.4979208118443477E-5	1.3128119857893227E-5	2.5114506119679573E-5	1.5004450279865601E-5	0.29361373943366564	0.2164263925291656	1.6924148930586185E-6	0.2732211502687561	0.005703704537101686	8.232152013283554E-6	0.0035034582106091296	0.1546481535538707	0.019384672475834926	1.0254950891998435E-6
58	file:/C:/Users/apovzner/Documents/Hakluyt/CC_ML_FR_trimmed_morphad_lem_AMER/08_31_AMER_1540_The_third_voyage_of_Jaques_Cartier_unto_the_countries_of_Canada_Hochelaga_and_Saguenay_Anno_1540_pp.263-266.txt	0.06137726399136747	7.331883588240369E-5	4.929569045939032E-5	1.4581928970799844E-4	1.0026203645698317E-4	0.003351052450782429	1.7867762813852643E-4	1.56597151169724E-4	2.995752745974364E-4	0.021025477525650916	0.26471349126664206	0.45046180032265093	2.0187761364080338E-5	0.07277747660889257	0.027946512121731968	9.819620533866681E-5	9.756959278649974E-5	0.09680259348571144	3.1260026955436473E-4	1.2232491114154756E-5
59	file:/C:/Users/apovzner/Documents/Hakluyt/CC_ML_FR_trimmed_morphad_lem_AMER/08_32_AMER_1540_A_description_of_the_river_and_haven_of_Saincte_Croix_pp.267-268.txt	0.0038340418158511326	1.3746616505371653E-4	9.24249470081099E-5	2.7339793800280746E-4	0.0031945432864976023	2.697971740191853E-4	3.3500434131950117E-4	2.936054503670243E-4	0.006574798589225631	3.355688727415786E-4	0.19265111108416402	0.029796956562890616	3.785022091991143E-5	0.1695233372476538	0.016318441859113346	1.8410897565782888E-4	1.8293413397513922E-4	0.5242440412776543	0.05169763524690082	2.293481098381823E-5
60	file:/C:/Users/apovzner/Documents/Hakluyt/CC_ML_FR_trimmed_morphad_lem_AMER/08_33_AMER_1540_A_description_of_the_3_saults_or_falles_of_water_in_the_river_of_Canada_pp.269-272.txt	0.010516672182743698	0.04594388000437234	6.128533019904727E-5	1.8128528550598468E-4	1.2464765080746825E-4	0.1477050681147839	2.2213539028676389E-4	1.9468452573096086E-4	3.7243761984221964E-4	0.002216106618704438	0.23141054666511485	0.3626564956633161	2.5097804892223717E-5	0.15028623563476112	0.00483967639978953	1.2207937067909105E-4	1.2130035416043489E-4	0.042596527182399674	3.8863053872290493E-4	1.5207663187220477E-5
61	file:/C:/Users/apovzner/Documents/Hakluyt/CC_ML_FR_trimmed_morphad_lem_AMER/08_34_AMER_1587_A_letter_written_to_M_John_Groute_student_in_Paris_by_Jaques_Noel_of_Saint_Malo_the_nephew_of_Jaques_pp.272-273.txt	0.01727385434943984	2.4114257934642288E-4	1.6213146055818852E-4	4.7959353439610614E-4	0.08998940681618986	0.005747374099607846	5.876632328141745E-4	0.016337332500768055	9.85290526716835E-4	0.037507332605212426	0.29048091080271904	0.3107004517318099	6.63967013111392E-5	0.05476867600886842	0.12883358655504548	3.229632051902239E-4	3.2090230275960203E-4	0.0019338535628282247	0.04322090527365378	4.0232150764513345E-5
62	file:/C:/Users/apovzner/Documents/Hakluyt/CC_ML_FR_trimmed_morphad_lem_AMER/08_35_AMER_1587_Part_of_another_letter_pp.273-274.txt	0.0019714421844130576	3.275080373934971E-4	2.2019900670827418E-4	6.513604425331838E-4	0.021936921192980584	0.0937620440326521	0.007961155587586408	6.995040909169397E-4	0.008501193497909437	7.994803876211817E-4	0.2942346595794001	0.30020678896344677	9.017674686383008E-5	0.024242991343789544	0.18213848571658814	4.386328029203466E-4	4.3583378620524864E-4	0.038441566042796124	0.022885415221129992	5.464133614526882E-5
63	file:/C:/Users/apovzner/Documents/Hakluyt/CC_ML_FR_trimmed_morphad_lem_AMER/08_36_AMER_1542_An_excellent_ruttier_shewing_the_course_from_Belle_isle_Carpont_and_the_Grand_bay_up_the_river_of_Ca_pp.275-283.txt	0.005862277066375069	0.0014492161270044024	2.1777384100415236E-5	6.4418667263355E-5	4.429281461048355E-5	6.357024675715334E-5	7.893451337960986E-5	6.918000900835839E-5	0.004382821607177975	7.90675296053509E-5	0.3790554382213052	0.0204806764502668	8.918358364718958E-6	0.10157542081044549	3.029247138493141E-4	4.3380191268951755E-5	0.024837558806799998	0.051265490748428025	0.4103092317797083	5.403954281101252E-6
