0	file:/C:/Users/apovzner/Documents/Hakluyt/CC_ML_FR_trimmed_morphad_lem/01_01_NNE-_0517_The_voyage_of_Arthur_K_of_Britaine_to_Island_and_the_most_Northeastern_parts_of_Europe_Anno_517_pp.003-004.txt	0.14371523808917855	0.03442387706312623	0.0025375648602385457	0.4787075711634142	0.0015379614617421654	6.128567565778514E-4	1.3414532834261415E-4	0.19939380498896694	9.88927456886713E-4	0.1379480528315261
1	file:/C:/Users/apovzner/Documents/Hakluyt/CC_ML_FR_trimmed_morphad_lem/01_02_NNE-_0517_Two_testimonies_of_Galfridus_Monumetensis_in_his_history_of_the_Kings_of_Brittaine_concerning_the_co_pp.004-004.txt	0.27112649712303466	0.02646067337351023	0.0821696017563986	0.4707443674737982	0.0015379614617421654	6.128567565778514E-4	1.3414532834261415E-4	0.14365137916165488	9.88927456886713E-4	0.0025735901080539956
2	file:/C:/Users/apovzner/Documents/Hakluyt/CC_ML_FR_trimmed_morphad_lem/01_03_NNE-_0580_A_testimony_of_M_Lambard_in_his_touching_the_right_and_appendances_of_the_Crowne_of_the_kingdome_of__pp.005-007.txt	0.29626902562787544	6.979755004777554E-4	0.022306876346785062	0.29209141927577403	0.024197309880623456	0.0044899733241751776	3.641691316344439E-5	0.27031009619475166	2.6846768178470214E-4	0.08933243925458927
3	file:/C:/Users/apovzner/Documents/Hakluyt/CC_ML_FR_trimmed_morphad_lem/01_04_NNE-_0580_The_voyage_of_Malgo_king_of_Britaine_to_Island_Gotland_Orkney_Denmark_and_Norway_Anno_580_pp.007-008.txt	0.2953496797076747	0.03628472318635592	0.0034796861448490443	0.39436442762719137	0.04578776416705421	8.403919829030897E-4	1.8394944213805827E-4	0.12054689585232436	0.0013560863897153776	0.10180639549979385
4	file:/C:/Users/apovzner/Documents/Hakluyt/CC_ML_FR_trimmed_morphad_lem/01_05_NNE-_0624_The_conquest_of_the_Isles_of_Anglesey_and_Man_by_Edwin_the_Saxon_king_of_Northumberland_Anno_624_pp.008-010.txt	0.27115553649081653	0.001325523498354983	0.0054137215727441835	0.43154603643030254	0.025425710460303626	3.159612392498167E-4	6.915926719871576E-5	0.1438531105980374	5.098462918983961E-4	0.12038539415109382
5	file:/C:/Users/apovzner/Documents/Hakluyt/CC_ML_FR_trimmed_morphad_lem/01_06_NNE-_0624_The_voyage_of_Bertus_into_Ireland_Anno_684_pp.010-010.txt	0.3691422100650599	0.03188482361276683	0.0023503978888342407	0.3770161722201835	0.008800373485278488	5.676533630289043E-4	1.242509704771908E-4	2.905737675853581E-4	9.159856535285725E-4	0.20890755897325705
6	file:/C:/Users/apovzner/Documents/Hakluyt/CC_ML_FR_trimmed_morphad_lem/01_07_NNE-_0890_The_voyage_of_Octher_to_the_North_parts_beyond_Norway_about_the_yeere_890_pp.011-014.txt	8.953276089206303E-5	0.0024979678777948713	6.01727307070077E-4	2.1705492957459186E-4	0.12688061887383453	0.15498571168606173	3.18095936952896E-5	7.439003051566933E-5	0.37600568358069497	0.3386155033598662
7	file:/C:/Users/apovzner/Documents/Hakluyt/CC_ML_FR_trimmed_morphad_lem/01_08_NNE-_0890_The_second_voyage_of_Octher_into_the_Sound_of_Denmarke_pp.014-015.txt	3.716525856084995E-4	0.002530756446517358	0.041689617476897166	0.29875893350861893	0.0015138512500227435	0.00844161583349071	1.320423678016861E-4	3.0879475746284715E-4	0.573174191131631	0.07307854464194898
8	file:/C:/Users/apovzner/Documents/Hakluyt/CC_ML_FR_trimmed_morphad_lem/01_09_NNE-_0890_Wolstans_Navigation_into_the_East_sea_or_the_Sound_of_Denmarke_pp.015-016.txt	3.2347742669703726E-4	0.0022027092360356534	0.029463310429904507	0.5602148484274829	0.21280969065057043	5.25053490781992E-4	1.1492648512465059E-4	2.687674925174344E-4	0.09635979323080157	0.0977174231300838
9	file:/C:/Users/apovzner/Documents/Hakluyt/CC_ML_FR_trimmed_morphad_lem/01_10_NNE-_0973_The_voyage_of_King_Edgar_with_4000_shippes_round_about_his_large_Monarchie_Anno_973_pp.016-023.txt	0.17628964718946474	0.053520340543837926	0.0966009911151455	0.21785980549701028	1.5129006487768344E-4	8.436315041534643E-4	1.3195945368489742E-5	0.06896517325702146	9.728130569815007E-5	0.38565864357742236
10	file:/C:/Users/apovzner/Documents/Hakluyt/CC_ML_FR_trimmed_morphad_lem/01_11_NNE-_0973_The_voyage_of_Edmund_and_Edward_the_sonnes_of_King_Edmund_Ironside_into_Hungary_Anno_1017_pp.024-025.txt	0.24592717291659513	0.03631433360963261	0.07721958455294024	0.41694602605837566	0.0013176195342692945	5.25053490781992E-4	1.1492648512465059E-4	0.21858316348353798	8.472449847300777E-4	0.002204874884012316
11	file:/C:/Users/apovzner/Documents/Hakluyt/CC_ML_FR_trimmed_morphad_lem/01_12_NNE-_1249_A_Chronicle_of_the_Kings_of_Man_taken_out_of_M_Camdens_Chorographie_pp.025-041.txt	1.8976614761448212E-5	0.20024307751083847	0.08097353525476848	0.6011880311446969	8.77752809688029E-4	0.011237177941099546	6.742095287348772E-6	1.5767088349817398E-5	0.0264647322384919	0.07897420730201807
12	file:/C:/Users/apovzner/Documents/Hakluyt/CC_ML_FR_trimmed_morphad_lem/01_13_NNE-_1067_The_mariage_of_the_daughter_of_Harald_unto_Jeruslaus_duke_of_Russia_in_his_owne_Countrey_Anno_1067_pp.042-042.txt	0.21077780072698313	0.0026126727959592958	0.0025786332234366193	0.43790256364676666	0.001562852080652111	6.227753301922286E-4	1.3631635819569206E-4	0.23498915272340448	0.0010049324199961696	0.10781230069441357
13	file:/C:/Users/apovzner/Documents/Hakluyt/CC_ML_FR_trimmed_morphad_lem/01_14_NNE-_1278_The_ancient_state_of_the_shipping_of_the_Cinque_Ports_pp.042-050.txt	4.5261128714517064E-5	0.23609026009920042	0.25708707550603477	0.3275317721028415	1.843620061723175E-4	7.34657557745061E-5	1.6080573191914426E-5	3.7606086450362553E-5	1.1854695611422802E-4	0.17881556978550558
14	file:/C:/Users/apovzner/Documents/Hakluyt/CC_ML_FR_trimmed_morphad_lem/01_15_NNE-_1243_The_voyage_of_a_certaine_Englishman_into_Tartaria_and_from_thence_into_Poland_and_Hungary_Anno_1243_pp.050-054.txt	7.060173629435933E-5	0.11513616288251999	0.03025512067649569	0.22799293431999332	0.13281135885922907	1.145974495813638E-4	2.5083695882147648E-5	5.8660821637437284E-5	0.00614104333075051	0.48739443622761613
15	file:/C:/Users/apovzner/Documents/Hakluyt/CC_ML_FR_trimmed_morphad_lem/01_16_NNE-_1246_Libellus_historicus_Johannis_de_Plano_Carpini_pp.055-094.txt	0.040207468865133086	3.8402004310481614E-5	3.7901678432413596E-5	1.3671884334058112E-5	2.297136190596389E-5	9.153775762311789E-6	2.003626854122792E-6	0.9596152161849807	1.4770858097546809E-5	3.843976018927589E-5
16	file:/C:/Users/apovzner/Documents/Hakluyt/CC_ML_FR_trimmed_morphad_lem/01_17_NNE-_1246_The_long_and_wonderfull_voyage_of_Frier_John_de_Plano_Carpini_Anno_1246_pp.094-179.txt	0.03320554300072604	0.04160845417413847	0.016521942463406634	0.051387527907280045	0.11565108220779746	0.0034260116862750508	1.129929944265211E-6	0.6546593281925782	8.32991174607583E-6	0.08353065052610772
17	file:/C:/Users/apovzner/Documents/Hakluyt/CC_ML_FR_trimmed_morphad_lem/01_18_NNE-_1253_The_journall_of_Frier_William_de_Rubricis_Anno_1253_pp.179-293.txt	0.02328190872440649	0.010856601741942685	0.015302484018708687	5.742324609207316E-6	0.1929900415969041	0.017288653403130124	8.415427976841923E-7	0.6475328661104365	6.203904295866439E-6	0.09273465663276877
18	file:/C:/Users/apovzner/Documents/Hakluyt/CC_ML_FR_trimmed_morphad_lem/01_19_NNE-_1278_Part_of_the_great_Charter_graunted_by_King_Edward_the_first_to_the_Barons_of_the_Cinque_Ports_pp.293-296.txt	9.804950569004376E-5	0.09165616422118426	0.6189671769275902	0.28767864290020945	3.993847278365074E-4	1.591493902918382E-4	3.483546030468458E-5	8.146633307914942E-5	2.5680911586129434E-4	6.68321417952532E-4
19	file:/C:/Users/apovzner/Documents/Hakluyt/CC_ML_FR_trimmed_morphad_lem/01_20_NNE-_1345_The_rolle_of_the_huge_Fleete_of_Edward_the_thirde_before_Caleis_pp.297-299.txt	1.4129234097966223E-4	0.4777519962308203	0.006909463889111647	0.030141902967992736	5.755256260641758E-4	2.2933914619523784E-4	0.46492032273629785	1.1739548130073575E-4	0.01824968994711977	9.630716341178768E-4
20	file:/C:/Users/apovzner/Documents/Hakluyt/CC_ML_FR_trimmed_morphad_lem/01_21_NNE-_1345_The_summe_of_expences_layde_out_in_the_siege_of_Caleis_pp.299-300.txt	0.0011403867862629692	0.22422814319960468	0.46464109879124077	0.26733018946221637	0.02869654658660252	0.0018510227099395728	4.051616410023816E-4	9.475124745906136E-4	0.002986876071011483	0.007773062277528535
21	file:/C:/Users/apovzner/Documents/Hakluyt/CC_ML_FR_trimmed_morphad_lem/01_22_NNE-_1360_A_note_of_Thomas_Walsingham_touching_King_Edward_the_thirde_his_huge_Fleete_of_1100_ships_wherewith__pp.300-301.txt	0.2710454275496359	0.1286045431829671	0.15162475715918963	0.31176227651543853	0.0011126637817859908	4.433814067711195E-4	9.704966740424039E-5	0.09816586580351548	7.15456005539391E-4	0.03642857892775257
22	file:/C:/Users/apovzner/Documents/Hakluyt/CC_ML_FR_trimmed_morphad_lem/01_23_NNE-_1360_The_voyage_of_Nicolaus_de_Linna_a_Franciscan_Frier_and_an_excellent_Mathematician_of_Oxford_to_all_t_pp.301-303.txt	0.3711888384312852	0.056902657554225945	0.0038832399613118406	0.09162838631442159	0.018237756334067944	0.0061163076890936915	0.06483597772811538	0.13557842279364726	0.06515208069753314	0.186476332496298
23	file:/C:/Users/apovzner/Documents/Hakluyt/CC_ML_FR_trimmed_morphad_lem/01_24_NNE-_1360_A_Testimonie_of_the_learned_Mathematician_Master_John_Dee_touching_the_foresaid_voyage_of_Nicholas_D_pp.303-304.txt	4.8098700932873125E-4	0.0032752657231128733	0.24669561380723234	0.26491766570768277	0.0019592027972167255	0.031213593250839944	1.7088718349593234E-4	0.07140968498301817	0.05198125320170772	0.3278958463363648
24	file:/C:/Users/apovzner/Documents/Hakluyt/CC_ML_FR_trimmed_morphad_lem/01_25_NNE-_1390_The_voyage_of_Henry_Earle_of_Derby_afterward_King_of_England_into_Prussia_and_Letto_Anno_1390_pp.304-305.txt	0.132921199088842	0.04847582935087621	0.00136426311369531	0.5013963150162346	0.017951779301751323	3.2948827440001287E-4	7.212013619828049E-5	0.24848014335517385	5.316739968665168E-4	0.04847718836596194
25	file:/C:/Users/apovzner/Documents/Hakluyt/CC_ML_FR_trimmed_morphad_lem/01_26_NNE-_1402_The_voyage_of_Thomas_of_Woodstock_duke_of_Glocester_into_Prussia_Anno_1391_pp.306-307.txt	0.31276994490032367	0.14546689697169496	0.04126778641185921	0.24861367367900272	0.0059189786636436635	3.817938124710546E-4	8.35690490206778E-5	0.16390410170214714	6.160760731926764E-4	0.08097717873664424
26	file:/C:/Users/apovzner/Documents/Hakluyt/CC_ML_FR_trimmed_morphad_lem/01_27_NNE-_1402_Certaine_verses_of_Geffrey_Chaucer_concerning_the_long_Voyages_and_valiant_exploits_of_the_English_k_pp.307-308.txt	2.640337369599474E-4	0.029641045763424	0.07416660749354573	0.5742082975845137	0.045624474052598396	4.2856726260801674E-4	9.380706917627779E-5	2.1937755022762722E-4	0.011828797951569192	0.26352499153537706
27	file:/C:/Users/apovzner/Documents/Hakluyt/CC_ML_FR_trimmed_morphad_lem/01_28_NNE-_0604_A_testimonie_out_of_Cornelius_Tacitus_proving_London_to_have_bene_a_famous_Mart-towne_in_the_raigne__pp.308-309.txt	0.19865345005430454	0.0063836132464577715	0.06561524005912843	0.437247869584272	0.0038185582441607577	0.001521643603259748	3.3306540001209524E-4	0.07986530342500109	0.04199857597083893	0.1645626804125646
28	file:/C:/Users/apovzner/Documents/Hakluyt/CC_ML_FR_trimmed_morphad_lem/01_29_NNE-_0604_A_testimony_out_of_venerable_Beda_prooving_London_to_have_bene_a_Citie_of_great_traffique_in_his_tim_pp.309-309.txt	0.23673934777027075	0.0031785337934127833	0.08189464391027225	0.4539873738380623	0.0019013395631251515	7.576579952075417E-4	1.6584018932262775E-4	0.16774756890267675	0.01106727414603063	0.04256041989161918
29	file:/C:/Users/apovzner/Documents/Hakluyt/CC_ML_FR_trimmed_morphad_lem/01_30_NNE-_0795_The_league_betweene_Carolus_Magnus_and_Offa_King_of_Mercia_concerning_the_safe_trade_of_English_Merc_pp.310-312.txt	0.4673763326279063	9.36995997707083E-4	0.23599520551933753	0.14834088916699256	5.604935094987799E-4	2.2334905188407548E-4	4.888782179265226E-5	0.04364588799648983	3.6040397288125404E-4	0.10251155433550999
30	file:/C:/Users/apovzner/Documents/Hakluyt/CC_ML_FR_trimmed_morphad_lem/01_31_NNE-_0795_An_ancient_testimony_translated_out_of_the_olde_Saxon_Lawes_conteyning_the_advancement_of_Merchants__pp.312-312.txt	0.013253174554352907	0.09024707008383417	0.08907127352338129	0.03212976837610127	0.05398411215955207	0.3010290052976914	0.2842257159586748	0.011011657070604246	0.03471242425655981	0.09033579871924796
31	file:/C:/Users/apovzner/Documents/Hakluyt/CC_ML_FR_trimmed_morphad_lem/01_32_NNE-_1027_A_testimony_of_certaine_Privileges_obteined_for_the_English_and_Danish_Merchants_by_Canutus_the_King_pp.313-314.txt	0.1358287718266718	0.0014125086297017237	0.25076237366895193	0.3067446141846966	8.449362868104031E-4	0.022211105118752062	7.36977215894455E-5	0.2757899092422171	0.004918185948168995	0.0014138973724399336
32	file:/C:/Users/apovzner/Documents/Hakluyt/CC_ML_FR_trimmed_morphad_lem/01_33_NNE-_1140_The_flourishing_state_of_Merchandise_in_the_City_of_London_in_the_dayes_of_Wilhelmus_Malmesburiensis_pp.314-315.txt	0.27396315792235	0.002453820662158855	0.1164230189214877	8.736094084651959E-4	0.2598704776309291	5.849102021010602E-4	1.2802823868651326E-4	0.22830174370990794	9.438319027448238E-4	0.11645740140116881
33	file:/C:/Users/apovzner/Documents/Hakluyt/CC_ML_FR_trimmed_morphad_lem/01_34_NNE-_1140_A_testimony_of_the_said_Wil_of_Malmesbury_concerning_traffique_to_Bristow_in_his_time_pp.315-315.txt	0.3887373941922231	0.00464039914654584	0.34951854675158267	0.01602451714149689	0.017148242024164415	0.029851002459620152	0.014614555004786482	5.66206570750939E-4	0.0017848723924781594	0.1771142643163513
34	file:/C:/Users/apovzner/Documents/Hakluyt/CC_ML_FR_trimmed_morphad_lem/01_35_NNE-_1157_The_league_betweene_Henry_the_second_and_Frederick_Barbarossa_Emperour_of_Germany_partly_touching_tr_pp.316-318.txt	0.4104572496339877	0.0289264346746326	0.20695461850826072	0.06972754970167046	0.004761702506496808	1.6709688053962774E-4	3.657504900521973E-5	0.1173296213417974	2.69633468754563E-4	0.1613695182348549
35	file:/C:/Users/apovzner/Documents/Hakluyt/CC_ML_FR_trimmed_morphad_lem/01_36_NNE-_1199_A_generall_safe_conduct_granted_by_King_John_to_all_forreine_Merchants_pp.319-320.txt	0.4289702884029604	0.02480626055580511	0.3649899227754055	0.051799197484946505	0.019541338548666836	3.586631614415265E-4	7.850608978292595E-5	0.10737092500308937	5.787516321169264E-4	0.0015061463457848492
36	file:/C:/Users/apovzner/Documents/Hakluyt/CC_ML_FR_trimmed_morphad_lem/01_37_NNE-_1229_The_letters_of_King_Henry_the_third_unto_Haquinus_king_of_Norwey_pp.320-322.txt	0.6200998139520937	0.0010997699833228008	0.28039830549753847	0.02082906682417759	0.007470370746812696	2.6214902055803757E-4	5.73805641530616E-5	0.06825927917986331	4.2301298214188915E-4	0.0011008512493384025
37	file:/C:/Users/apovzner/Documents/Hakluyt/CC_ML_FR_trimmed_morphad_lem/01_38_NNE-_1229_A_mandate_for_the_king_of_Norway_his_ship_called_The_Cog_pp.322-323.txt	0.001040303691908773	0.07290572345331559	0.5555066926830297	0.35357166169933363	0.004237465593898331	0.0016885724932567542	3.696036783588266E-4	8.643564949365641E-4	0.0027247406243013877	0.007090879587660415
38	file:/C:/Users/apovzner/Documents/Hakluyt/CC_ML_FR_trimmed_morphad_lem/01_39_NNE-_1236_A_Charter_granted_for_the_behalfe_of_the_Merchants_of_Colen_in_the_20_yeere_of_Henry_the_thirde_pp.323-324.txt	0.4507542714136383	0.001298861331219252	0.3392045849205663	0.08494308220088675	0.024914286451088685	3.096058548452807E-4	6.776816704596462E-5	0.09670781030428731	4.99591017612427E-4	0.0013001383388096788
39	file:/C:/Users/apovzner/Documents/Hakluyt/CC_ML_FR_trimmed_morphad_lem/01_40_NNE-_1257_The_Charter_of_Lubeck_granted_for_seven_yeeres_in_the_time_of_Henry_the_third_pp.324-325.txt	0.512087855358517	0.049421271940605783	0.3498757375939477	4.2639829449284025E-4	7.164301057229211E-4	2.854876678188737E-4	6.248905070603574E-5	0.08546479891463457	4.606730533332602E-4	0.0011988580202211172
40	file:/C:/Users/apovzner/Documents/Hakluyt/CC_ML_FR_trimmed_morphad_lem/01_41_NNE-_1260_A_Charter_of_the_Merchants_of_Almaine_or_the_Stilyard-merchants_pp.326-327.txt	0.4885115941540036	0.002130049778107777	0.36495274798714405	7.583404750602312E-4	0.04085784144258036	5.077338639337297E-4	1.1113547359480287E-4	0.09921911541750579	8.192974189254357E-4	0.002132143989144206
41	file:/C:/Users/apovzner/Documents/Hakluyt/CC_ML_FR_trimmed_morphad_lem/01_42_NNE-_1303_A_mandate_of_King_Edward_the_first_concerning_outlandish_Merchants_pp.327-327.txt	0.5065343788243575	0.03342466100324765	0.43758746672619125	0.002904355778393357	0.004879869230823737	0.0019445616185589868	4.256359320579737E-4	9.953937254799556E-4	0.0031378137803997046	0.008165863380489876
42	file:/C:/Users/apovzner/Documents/Hakluyt/CC_ML_FR_trimmed_morphad_lem/01_43_NNE-_1303_King_Edw_the_first_his_great_Charter_granted_to_forreine_Merchants_Anno_Dom_1303_pp.327-339.txt	0.46895698218676996	0.004804171621797605	0.31295767899378296	5.9233616074206726E-5	0.0645133353954932	3.965885212936228E-5	8.680739313850867E-6	0.13657758155356028	6.399493414796734E-5	0.012018682106930675
43	file:/C:/Users/apovzner/Documents/Hakluyt/CC_ML_FR_trimmed_morphad_lem/01_44_NNE-_1313_The_letters_of_Edward_the_second_unto_Haquinus_King_of_Norway_concerning_certain_English_Merchants_a_pp.339-343.txt	0.43266180200850957	0.054378211138222395	0.3283959631892523	1.7695719284923774E-4	2.973216873022448E-4	1.1847865468221714E-4	2.5933234582718153E-5	0.17248038642268	1.9118137054488084E-4	0.01127376510137443
44	file:/C:/Users/apovzner/Documents/Hakluyt/CC_ML_FR_trimmed_morphad_lem/01_45_NNE-_1313_Another_letter_of_Edw_the_second_unto_the_said_Haquinus_for_the_merchants_aforesaid_pp.343-344.txt	0.4708349670924008	0.0011425811256698761	0.39747899934232517	4.06781814463073E-4	6.83470694198179E-4	2.723537899238536E-4	5.961423804593341E-5	0.12399919672657597	4.394797608935891E-4	0.004682555415503583
45	file:/C:/Users/apovzner/Documents/Hakluyt/CC_ML_FR_trimmed_morphad_lem/01_46_NNE-_1313_A_third_letter_of_King_Edward_the_second_to_the_said_Haquinus_in_the_behalfe_of_our_English_merchant_pp.344-349.txt	0.4921390379337381	0.002708638651245285	0.35369237914151935	0.004798338288074658	0.0013912834350117197	8.974240947068358E-5	1.9643293241840788E-5	0.10266055852253599	1.4481154335035124E-4	0.042355566781812
46	file:/C:/Users/apovzner/Documents/Hakluyt/CC_ML_FR_trimmed_morphad_lem/01_47_NNE-_1320_An_Ordinance_for_the_Staple_to_be_holden_at_one_certaine_place_pp.350-355.txt	0.528116335291859	0.003773509381598594	0.38079399438336897	0.00580862769396601	2.1932593787394092E-4	8.739840773809527E-5	1.913022574494395E-5	0.08067363440914825	1.410291787970249E-4	3.6701508990520383E-4
47	file:/C:/Users/apovzner/Documents/Hakluyt/CC_ML_FR_trimmed_morphad_lem/02_01_NNE-_1262_A_Catalogue_of_the_great_Masters_of_Prussia_pp.001-011.txt	2.9660458508271153E-5	0.17785990996128884	0.17535505406248733	0.502393470239602	0.003874152566321019	0.005678148552502477	1.0537898357691992E-5	2.4643967097128058E-5	7.7686022708049E-5	0.13469673627112724
48	file:/C:/Users/apovzner/Documents/Hakluyt/CC_ML_FR_trimmed_morphad_lem/02_02_NNE-_1388_The_Oration_or_speach_of_the_Ambassadours_sent_from_Conradus_de_Zolner_Master_generall_of_the_land_o_pp.012-018.txt	5.503223923351245E-5	0.09090634194594373	0.7304259790465051	1.3341506161708286E-4	2.2416263839198275E-4	0.0012499873270233025	1.9552096380345076E-5	4.57246030965356E-5	1.4413923458321578E-4	0.17679566580722522
49	file:/C:/Users/apovzner/Documents/Hakluyt/CC_ML_FR_trimmed_morphad_lem/02_03_NNE-_1390_An_agreement_made_by_the_Ambassadours_of_England_and_Prussia_confirmed_by_king_Richard_the_second_pp.018-024.txt	4.946343894963073E-5	0.020157854565527013	0.9068839728511546	1.1991457820308298E-4	2.0147926257992285E-4	8.028674999603436E-5	1.7573588484067364E-5	4.109765739614501E-5	1.2955355495895826E-4	0.07231880375275049
50	file:/C:/Users/apovzner/Documents/Hakluyt/CC_ML_FR_trimmed_morphad_lem/02_04_NNE-_1398_The_letters_of_Conradus_de_Jungingen_Master_generall_of_Prussia_unto_Rich_the_second_pp.025-027.txt	1.4608076678408697E-4	0.007156587016716241	0.8543986464983517	3.541446754305687E-4	0.0036759576486880712	2.3711149590642346E-4	5.190021833125549E-5	1.2137403773263903E-4	3.8261154197711254E-4	0.1334755861000819
51	file:/C:/Users/apovzner/Documents/Hakluyt/CC_ML_FR_trimmed_morphad_lem/02_05_NNE-_1407_A_briefe_relation_of_William_Esturmy_and_John_Kington_concerning_their_Ambassages_into_Prussia_and_t_pp.027-033.txt	5.842268762062177E-5	0.042291541649059496	0.9454655503197775	1.4163455053441324E-4	2.3797294061431084E-4	9.482898509886745E-5	2.0756669818762944E-5	4.854162288310204E-5	1.5301942267329513E-4	0.01148773115191966
52	file:/C:/Users/apovzner/Documents/Hakluyt/CC_ML_FR_trimmed_morphad_lem/02_06_NNE-_1407_Certaine_Articles_of_complaint_exhibited_by_the_Livonians_pp.033-034.txt	2.1994188988059846E-4	0.010775089070267588	0.8410830351153659	5.332067384372147E-4	0.00553458946151676	3.5699943031621256E-4	7.814192351457102E-5	1.8274298409736776E-4	0.009853468751527525	0.13138278463507633
53	file:/C:/Users/apovzner/Documents/Hakluyt/CC_ML_FR_trimmed_morphad_lem/02_07_NNE-_1407_Other_complaints_exhibited_by_the_Cities_of_the_Hans_pp.034-036.txt	1.8846886499305267E-4	0.009233206136288266	0.9592215770578327	4.569064531293457E-4	7.676896055841014E-4	3.059138823958891E-4	6.696004858901715E-5	1.5659301107657036E-4	4.936335195737987E-4	0.029109051420537255
54	file:/C:/Users/apovzner/Documents/Hakluyt/CC_ML_FR_trimmed_morphad_lem/02_08_NNE-_1403_Compositions_and_Ordinances_concluded_betweene_the_Ambassadours_of_Prussia_and_the_Chanceller_and_Tr_pp.036-038.txt	1.604131865970662E-4	0.031541185331743674	0.9619086907363992	0.00377209718222522	6.534105033939164E-4	2.6037521211375486E-4	5.699230357892044E-5	1.3328240665400247E-4	4.2015070175584294E-4	0.0010934024355384543
55	file:/C:/Users/apovzner/Documents/Hakluyt/CC_ML_FR_trimmed_morphad_lem/02_09_NNE-_1403_The_letters_of_the_Chanceller_and_Treasurer_of_England_unto_Conradus_de_Jungingen_master_generall_of_pp.038-041.txt	1.3409940187790134E-4	9.131456067256254E-4	0.812604254578108	0.017294498987166448	0.0033744601214077473	2.1766390250690777E-4	4.7643426227633975E-5	1.1141908836985744E-4	3.5123021367041086E-4	0.16495158467393944
56	file:/C:/Users/apovzner/Documents/Hakluyt/CC_ML_FR_trimmed_morphad_lem/02_10_NNE-_1404_The_letters_of_king_Henry_the_fourth_unto_Conradus_de_Jungingen_the_master_generall_of_Prussia_for_e_pp.041-043.txt	1.2202078726569819E-4	0.03943322484131028	0.8114689629109485	2.9581589043726515E-4	4.970268699422496E-4	1.980584579146724E-4	4.3352082820058673E-5	1.0138333720306353E-4	0.0028930827161420163	0.14494707210601623
57	file:/C:/Users/apovzner/Documents/Hakluyt/CC_ML_FR_trimmed_morphad_lem/02_11_NNE-_1404_The_letters_of_Conradus_de_Jungingen_unto_king_Henry_the_fourth_pp.044-046.txt	1.1719518001287729E-4	0.023043460273987407	0.675565483486515	2.8411713534494306E-4	4.7737073985010725E-4	1.902257570084372E-4	4.163761981773566E-5	9.737388784377536E-5	3.069550463360303E-4	0.2998761808732837
58	file:/C:/Users/apovzner/Documents/Hakluyt/CC_ML_FR_trimmed_morphad_lem/02_12_NNE-_1405_An_agreement_made_betweene_king_Henry_the_fourth_and_Conradus_de_Jungingen_pp.047-055.txt	4.124518830932797E-5	2.8085779634965356E-4	0.9841168288668382	9.99910128379118E-5	1.6800388937768135E-4	6.694726837942787E-5	1.4653772193924805E-5	3.426936449166766E-5	9.779132236043496E-4	0.014199289617617957
59	file:/C:/Users/apovzner/Documents/Hakluyt/CC_ML_FR_trimmed_morphad_lem/02_13_NNE-_1405_An_agreement_betweene_king_Henry_the_fourth_and_the_Hans-townes_pp.055-067.txt	2.3915605911985753E-5	0.0440451197842289	0.8828500141185026	0.02275570320694297	0.049528015223908234	3.8818697479052175E-5	8.496841820326038E-6	1.987074491914898E-5	6.263923072656404E-5	6.674065455602863E-4
60	file:/C:/Users/apovzner/Documents/Hakluyt/CC_ML_FR_trimmed_morphad_lem/02_14_NNE-_1405_A_testimonie_out_of_Albertus_Krantzius_concerning_the_surprise_of_Bergen_in_Norway_wherein_21_houses_pp.068-071.txt	0.016705666114336538	0.17047024839105474	0.645002049424571	0.0020587030010883337	0.07790782628870573	0.0019885628245277648	3.1104772954880744E-5	7.274173419068812E-5	2.293062635528034E-4	0.08553379118501755
61	file:/C:/Users/apovzner/Documents/Hakluyt/CC_ML_FR_trimmed_morphad_lem/02_15_NNE-_1407_The_grievances_and_offences_whereat_the_merchants_of_the_Hans_found_themselves_agrieved_pp.072-083.txt	2.775088739031605E-5	0.0218444089704751	0.9044474551063899	6.727668004563292E-5	0.025865452954924772	4.5043947719511344E-5	9.85945751895096E-6	2.3057362905308553E-5	7.268451589753472E-5	0.047597010116733014
62	file:/C:/Users/apovzner/Documents/Hakluyt/CC_ML_FR_trimmed_morphad_lem/02_16_NNE-_1407_A_letter_of_Henry_the_fourth_king_of_England_unto_Conradus_de_Jungingen_Master_generall_of_Prussia_pp.083-085.txt	1.8266038642815831E-4	0.047472770673676085	0.7794149497168458	4.4282491589898385E-4	7.440299490212425E-4	2.964858305600294E-4	6.489638673724165E-5	1.517669240288023E-4	4.784200798501422E-4	0.17075119513695353
63	file:/C:/Users/apovzner/Documents/Hakluyt/CC_ML_FR_trimmed_morphad_lem/02_17_NNE-_1408_A_letter_of_Werneherus_de_Tettingen_commander_in_Elbing_unto_sir_William_Sturmy_Ambassadour_unto_kin_pp.085-090.txt	6.682080242212412E-5	0.014547905465421151	0.9207148903621216	1.6199416190613208E-4	0.0016814700878325266	1.084604138434968E-4	2.3740389040425742E-5	5.551935941365548E-5	1.7501558085784852E-4	0.06246418337714108
64	file:/C:/Users/apovzner/Documents/Hakluyt/CC_ML_FR_trimmed_morphad_lem/02_18_NNE-_1408_The_letters_of_Ulricus_de_Jungingen_master_generall_of_Prussia_signifying_unto_king_Henry_the_4_that_pp.091-095.txt	8.028503726809986E-5	0.005626471164172808	0.8827267782437201	0.005274408364849438	3.2702477725922744E-4	1.3031493265419948E-4	2.8524021708525626E-5	6.670638002022168E-5	2.1028080960336137E-4	0.10552920626874397
65	file:/C:/Users/apovzner/Documents/Hakluyt/CC_ML_FR_trimmed_morphad_lem/02_19_NNE-_1408_The_letters_of_king_Henry_the_fourth_unto_Ulricus_de_Jungingen_wherein_he_doth_absolutely_approve_th_pp.095-098.txt	1.1807069085033449E-4	8.039986094137063E-4	0.8823167979252688	0.002776418383724554	4.8093695525399847E-4	1.9164684541673254E-4	4.19486751648271E-5	9.810132300009493E-5	0.002799426906156959	0.11037265368574994
66	file:/C:/Users/apovzner/Documents/Hakluyt/CC_ML_FR_trimmed_morphad_lem/02_20_NNE-_1409_A_new_concord_betweene_king_Henry_the_fourth_and_Ulricus_de_Jungingen_pp.098-106.txt	3.840547940077333E-5	0.01727138727269785	0.9495706565671932	0.0033330812349640663	0.017976296933506903	6.23379851584451E-5	1.3644867903539796E-5	3.19099372802398E-5	0.0017205780643623355	0.009981701657532753
67	file:/C:/Users/apovzner/Documents/Hakluyt/CC_ML_FR_trimmed_morphad_lem/02_21_NNE-_1404_A_Charter_of_king_Henry_the_fourth_graunted_in_the_fifth_yeere_of_his_raigne_unto_the_English_mercha_pp.106-110.txt	0.5140610334508522	0.01277844583424692	0.41437492283314875	1.575533961227658E-4	2.6471962411457E-4	1.0548717524663281E-4	2.3089590850577298E-5	0.057621554374929745	1.7021785732334324E-4	4.429758631645373E-4
68	file:/C:/Users/apovzner/Documents/Hakluyt/CC_ML_FR_trimmed_morphad_lem/02_22_NNE-_1430_A_note_touching_the_mighty_ships_of_king_Henry_the_fift_taken_out_of_a_Chronicle_in_the_Trinitie_Chu_pp.111-111.txt	0.4361475820980293	0.03147322785748765	0.05984850347111877	0.038975573094307644	0.0018293038441683717	7.289527394675206E-4	1.5955703112118154E-4	0.41712821369910386	0.001176264063494328	0.012532822101701393
69	file:/C:/Users/apovzner/Documents/Hakluyt/CC_ML_FR_trimmed_morphad_lem/02_23_NNE-_1430_A_branch_of_a_Statute_made_in_the_eight_yeere_of_Henry_the_6_for_the_trade_to_Norway_Sweveland_Denma_pp.111-113.txt	0.01304669008110028	0.06131952674456282	0.831923361238763	4.921166624566415E-4	8.268494435025064E-4	3.2948827440001287E-4	7.212013619828049E-5	0.004449892875128177	0.026219068784239744	0.06132088575964855
70	file:/C:/Users/apovzner/Documents/Hakluyt/CC_ML_FR_trimmed_morphad_lem/02_24_NNE-_1432_Another_branch_of_a_Statute_made_in_the_10_yeere_of_king_Henry_the_sixt_concerning_the_state_of_Engl_pp.113-114.txt	2.685195902912364E-4	0.024481405652399407	0.7153719497267507	0.09692592674051176	0.0010937599606698034	4.3584849077524604E-4	9.540082290869078E-5	0.15879361508120646	7.033006244021447E-4	0.0018302733100845677
71	file:/C:/Users/apovzner/Documents/Hakluyt/CC_ML_FR_trimmed_morphad_lem/02_25_NNE-_1437_Libellus_de_politia_conservativa_Maris_Or_The_pollicy_of_keeping_the_Sea_pp.114-147.txt	0.024286871747780815	0.1344339468540133	0.10486973284751148	0.31392635189166185	0.1723782615359574	1.849769129738515E-5	4.0488725073765856E-6	0.012027030887565139	2.9848532494191125E-5	0.238025409139211
72	file:/C:/Users/apovzner/Documents/Hakluyt/CC_ML_FR_trimmed_morphad_lem/02_26_NNE-_1462_A_large_Charter_granted_by_king_Edward_the_fourth_in_the_second_yere_of_his_raigne_to_the_English_me_pp.147-158.txt	2.851869565423856E-5	0.010419283792355056	0.9156376593685238	0.0066853706166188735	0.0013191164785618125	6.477659031785228E-4	1.013224782127063E-5	2.3695311289947743E-5	7.469554247050149E-5	0.06515376204352598
73	file:/C:/Users/apovzner/Documents/Hakluyt/CC_ML_FR_trimmed_morphad_lem/02_27_NNE-_1527_A_perswasion_of_Robert_Thome_merchant_of_Bristol_and_dwelling_long_in_Sivil_in_Spaine_to_king_Henry__pp.159-163.txt	7.039210421515986E-5	0.022748481916651735	0.13260337254385277	0.01501675151147498	0.01810204722540828	0.017929576484249553	2.500921687358817E-5	5.8486644759461725E-5	0.07293025659664147	0.720515625755873
74	file:/C:/Users/apovzner/Documents/Hakluyt/CC_ML_FR_trimmed_morphad_lem/02_28_NNE-_1527_The_discourse_of_the_foresaid_Robert_Thorne_written_to_Doctour_Leigh_the_Kings_Ambassadour_in_Spaine_pp.164-181.txt	0.01655825083324266	0.016258675283697566	0.10143096562212255	0.018240038047980543	0.05920551549170062	0.08851357970284383	6.9651055489183114E-6	1.6288620951660158E-5	0.22208267675558332	0.47768704453632826
75	file:/C:/Users/apovzner/Documents/Hakluyt/CC_ML_FR_trimmed_morphad_lem/02_29_NNE-_1580_A_briefe_treatise_of_the_Emperour_of_Moscovia_his_genealogie_pp.182-194.txt	2.4842869670283084E-5	0.005408670748518197	0.0866187790246518	0.4621844811930367	0.08026560386379895	4.032378881769953E-5	8.82628417311313E-6	0.001592492385577303	5.890183014961508E-4	0.36326696154025984
76	file:/C:/Users/apovzner/Documents/Hakluyt/CC_ML_FR_trimmed_morphad_lem/02_30_NNE-_1553_The_excellent_orders_and_instructions_of_Sebastian_Cabot_given_to_sir_Hugh_Willoughby_and_his_Fleete_pp.195-205.txt	3.142996726104927E-5	0.20636848116366813	0.32170613007360943	7.61959003878271E-5	0.0014537757349553418	5.101565878670566E-5	1.1166577222336726E-5	2.611419775689293E-5	8.232068124214005E-5	0.4701933700451102
77	file:/C:/Users/apovzner/Documents/Hakluyt/CC_ML_FR_trimmed_morphad_lem/02_31_NNE-_1553_The_names_of_the_twelve_Counsellers_appointed_in_sir_Hugh_Willoughbies_voyage_pp.206-206.txt	8.3804447968733E-4	0.39455311307635066	0.5712271614833146	0.0020316773849764556	0.0034136038124748893	0.0013602747616220014	2.9774413445791026E-4	6.963055064568579E-4	0.01986982754227168	0.005712247818387531
78	file:/C:/Users/apovzner/Documents/Hakluyt/CC_ML_FR_trimmed_morphad_lem/02_32_NNE-_1553_The_letters_of_king_Edward_the_sixt_written_at_that_time_to_all_the_Kings_Princes_and_other_Potentat_pp.206-211.txt	0.4495619685412038	0.0015984819221004053	0.2565543842041142	1.3889625407595147E-4	0.006275101590244531	9.299560565101401E-5	2.035537002828302E-5	0.11484046378747031	1.5006101639741728E-4	0.17076729170871413
79	file:/C:/Users/apovzner/Documents/Hakluyt/CC_ML_FR_trimmed_morphad_lem/02_33_NNE-_1553_The_voyage_of_sir_Hugh_Willoughby_knight_wherein_he_unfortunately_perished_at_Arzina_Reca_in_Lapland_pp.212-212.txt	8.3804447968733E-4	0.058731156635191586	0.429828442981774	0.10808071626113197	0.0034136038124748893	0.019035114574314588	2.9774413445791026E-4	6.963055064568579E-4	0.0021949877295790944	0.3768838838849318
80	file:/C:/Users/apovzner/Documents/Hakluyt/CC_ML_FR_trimmed_morphad_lem/02_34_NNE-_1553_The_names_of_the_Ships_Captains_Mariners_and_other_officers_of_that_first_worthy_enterprise_pp.212-214.txt	1.2829388110059805E-4	0.30121649180222604	0.5311974043152706	3.110237978778778E-4	5.22579042350588E-4	2.0824065161408623E-4	0.1542757077174696	1.0659545885726381E-4	3.3602452091917225E-4	0.011697638812314184
81	file:/C:/Users/apovzner/Documents/Hakluyt/CC_ML_FR_trimmed_morphad_lem/02_35_NNE-_1553_The_othe_ministred_to_the_Captaine_of_the_Fleete_pp.215-215.txt	4.102399162364652E-4	0.09796766782968229	0.5997586200004053	0.009646743293984175	0.001671028896481315	6.658823222301863E-4	1.4575184461030537E-4	3.408557893614743E-4	0.0010744913953237396	0.2883187187116847
82	file:/C:/Users/apovzner/Documents/Hakluyt/CC_ML_FR_trimmed_morphad_lem/02_36_NNE-_1553_The_othe_ministred_to_the_Masters_of_the_ships_pp.216-224.txt	4.2049917086822854E-5	0.15459944218453656	0.08009973005807765	1.019419227214613E-4	1.7128178845040082E-4	6.825346664516386E-5	1.4939679778946999E-5	3.493798900093361E-5	0.6954059639034929	0.06946145909020938
83	file:/C:/Users/apovzner/Documents/Hakluyt/CC_ML_FR_trimmed_morphad_lem/02_37_NNE-_1553_The_voyage_of_Richard_Chanceller_Pilote_major_the_first_discoverer_by_sea_of_the_kingdome_of_Moscovi_pp.224-238.txt	2.3454229296509378E-5	0.040722091435092776	0.16240715244304127	0.09701084317599136	0.5402677265651391	3.806981244866662E-5	8.332921903944766E-6	1.9487401211633017E-5	6.143080320961026E-5	0.15944141121266514
84	file:/C:/Users/apovzner/Documents/Hakluyt/CC_ML_FR_trimmed_morphad_lem/02_38_NNE-_1553_A_testimonie_of_Richard_Eden_concerning_Clement_Adams_his_discourse_of_Richard_Chancellers_voyage_pp.239-270.txt	1.0813936685472055E-5	0.15516269297647275	0.08309093705683525	0.08988663982474622	0.2951693987104837	1.7552678292820583E-5	3.842023062665846E-6	8.98496898801761E-6	4.844679077239095E-4	0.37616466991670916
85	file:/C:/Users/apovzner/Documents/Hakluyt/CC_ML_FR_trimmed_morphad_lem/02_39_NNE-_1554_The_letters_of_the_Emperour_of_Russia_sent_to_king_Edward_the_sixt_by_Richard_Chanceller_pp.271-272.txt	1.7020228730565889E-4	0.04782462005976564	0.6293351005514572	0.2516891080630755	0.050948581496662634	2.7626442438783696E-4	6.047021840116076E-5	1.4141587079804995E-4	4.457900997350428E-4	0.0191084469284112
86	file:/C:/Users/apovzner/Documents/Hakluyt/CC_ML_FR_trimmed_morphad_lem/02_40_NNE-_1554_The_coynes_waights_and_measures_used_in_Russia_pp.273-278.txt	5.974783638798206E-5	4.06850989229044E-4	0.31417048768071487	0.07953216863089246	0.5458736915361494	9.697990484993751E-5	2.1227474510314476E-5	4.9642648432404325E-5	0.011497536153628012	0.048291667145205476
87	file:/C:/Users/apovzner/Documents/Hakluyt/CC_ML_FR_trimmed_morphad_lem/02_41_NNE-_1555_The_letters_of_King_Philip_and_Queene_Mary_to_Ivan_Vasilivich_the_Emperor_of_Russia_pp.278-281.txt	1.2899193169691315E-4	0.019921964369823464	0.7381262133817146	0.19618972325031214	5.254224095400844E-4	0.002929887683203869	4.5828821722542206E-5	1.0717544773110142E-4	3.378528397383698E-4	0.04168693986451696
88	file:/C:/Users/apovzner/Documents/Hakluyt/CC_ML_FR_trimmed_morphad_lem/02_42_NNE-_1555_The_Commission_given_to_the_merchants_Agents_resiant_in_Russia_pp.281-289.txt	3.7914116313121186E-5	0.10820829345991306	0.6735436984876995	9.191547054098423E-5	1.5443544481239733E-4	6.154042748325436E-5	1.3470294261228905E-5	3.1501678730849345E-5	9.93038222937581E-5	0.21775792679795195
89	file:/C:/Users/apovzner/Documents/Hakluyt/CC_ML_FR_trimmed_morphad_lem/02_43_NNE-_1555_The_othe_ministred_to_the_servants_of_the_Moscovie_company_pp.290-290.txt	4.3668809191057807E-4	0.012183616537003936	0.8870951481254579	0.0010586661473556327	0.01098876304450336	7.088117689749027E-4	1.5514846897207856E-4	3.6283076897651096E-4	0.001143763877252252	0.08586656316959275
90	file:/C:/Users/apovzner/Documents/Hakluyt/CC_ML_FR_trimmed_morphad_lem/02_44_NNE-_1555_The_letter_of_George_Killingworth_the_first_Agent_in_Russia_written_to_the_Company_pp.291-297.txt	5.415230426245467E-5	0.2093736386499835	0.5120261891060742	0.03667858504342052	0.24120435897354164	8.789749775498257E-5	1.9239469207579023E-5	4.499349206302567E-5	1.4183452819696286E-4	3.691109354950639E-4
91	file:/C:/Users/apovzner/Documents/Hakluyt/CC_ML_FR_trimmed_morphad_lem/02_45_NNE-_1555_The_first_Privileges_graunted_by_the_Emperour_of_Russia_to_the_English_merchants_pp.297-303.txt	5.715504445090567E-5	0.06186626530255428	0.8899934884426631	1.3856139389111316E-4	2.3280945387597554E-4	9.277140575516641E-5	2.030629596926343E-5	4.748837697469266E-5	1.496992394724587E-4	0.04740145504439303
92	file:/C:/Users/apovzner/Documents/Hakluyt/CC_ML_FR_trimmed_morphad_lem/02_46_NNE-_1555_The_Charter_of_the_merchants_of_the_Moscovie_company_granted_by_Queene_Mary_pp.304-316.txt	2.534754215644767E-5	0.025298532311897905	0.9282259459295547	0.0016652329366416386	6.378422944832675E-4	4.114294968857697E-5	9.005586437157464E-6	2.1060496914515603E-5	0.009689085951297246	0.034386804000928695
93	file:/C:/Users/apovzner/Documents/Hakluyt/CC_ML_FR_trimmed_morphad_lem/02_47_NNE-_1556_Instructions_given_to_the_Pursers_of_the_Moscovie_voyage_pp.317-322.txt	6.977061135564205E-5	0.46546982754955996	0.3918885226340348	1.6914540536097335E-4	0.020885228600607163	1.1324840629631816E-4	2.4788410152687218E-5	5.797026536577211E-5	1.82741655750783E-4	0.12113875646151595
94	file:/C:/Users/apovzner/Documents/Hakluyt/CC_ML_FR_trimmed_morphad_lem/02_48_NNE-_1556_The_voyage_of_Stephen_Burrough_toward_the_River_of_Ob_intending_the_discovery_of_the_Northeast_passa_pp.322-344.txt	1.4898158198205192E-5	0.18045840202125174	0.001042758958511017	0.0012929605957467595	0.030224913773297463	2.4181996400992247E-5	5.2930832733324765E-6	1.2378423628953462E-5	0.7390626352193089	0.04786157777038262
95	file:/C:/Users/apovzner/Documents/Hakluyt/CC_ML_FR_trimmed_morphad_lem/02_49_NNE-_1556_The_landing_of_Richard_Johnson_among_the_Samoeds_Anno_1556_pp.345-349.txt	6.570955724193358E-5	0.005990856474697356	0.0032133221785744675	0.134586976588256	0.6862645599964882	1.0665669243105904E-4	2.334558095760202E-5	5.459605980755461E-5	0.11658370111226227	0.05311027575928354
96	file:/C:/Users/apovzner/Documents/Hakluyt/CC_ML_FR_trimmed_morphad_lem/02_50_NNE-_1557_A_discourse_of_the_honourable_receiving_into_England_of_the_first_Ambassadour_from_the_Emperour_of_R_pp.350-362.txt	2.4726271610760172E-5	0.10133768142086698	0.5696346587746999	0.07567617993722553	0.16489196247716453	4.0134532278855316E-5	8.784858700893475E-6	2.0544302234582794E-5	6.476250855337389E-5	0.08830056491666466
97	file:/C:/Users/apovzner/Documents/Hakluyt/CC_ML_FR_trimmed_morphad_lem/02_51_NNE-_1557_The_voyage_of_the_aforesaide_Stephen_Burrough_from_Colmogro_in_Russia_to_Wardhouse_in_search_of_cert_pp.363-375.txt	2.682459009116558E-5	0.040350628945500566	0.00810072571090493	0.019866141915102484	0.17209605602219374	0.0011750324744866172	9.530358534026964E-6	2.228773083249157E-5	0.7519467252008206	0.006406047051533345
98	file:/C:/Users/apovzner/Documents/Hakluyt/CC_ML_FR_trimmed_morphad_lem/02_52_NNE-_1557_Instructions_given_to_the_Masters_and_Mariners_of_the_ships_of_the_Moscovie_Company_sayling_towards__pp.375-378.txt	1.0316983388158747E-4	0.4054219966787637	0.4902733766261386	2.5011538574563793E-4	4.202413437553874E-4	1.6746046849711098E-4	3.665463306040803E-5	8.572065704530496E-5	2.70220167212709E-4	0.10297104420589956
99	file:/C:/Users/apovzner/Documents/Hakluyt/CC_ML_FR_trimmed_morphad_lem/02_53_NNE-_1557_A_letter_of_the_Company_of_the_Moscovie_merchants_unto_their_Agents_George_Killingworth_Richard_Gray_pp.379-392.txt	2.6216483369992976E-5	0.2180292778373117	0.47734676231825146	0.009463208787700567	0.18809982700690053	4.255337458936491E-5	9.314307699325293E-6	2.1782473571416493E-5	6.866563852472205E-5	0.10689239177208093
100	file:/C:/Users/apovzner/Documents/Hakluyt/CC_ML_FR_trimmed_morphad_lem/02_54_NNE-_1557_A_letter_of_M_Thomas_Hawtree_to_the_Moscovie_Companies_Agent_M_Henry_Lane_at_Colmogro_pp.392-394.txt	1.672013047195434E-4	0.06813961291965696	0.5477113207423232	4.0534735061317203E-4	0.3286336220618868	0.0037977649987013125	5.9404016088176624E-5	1.3892244622436506E-4	0.04628076117485353	0.0046660429849329985
