0	file:/C:/Users/apovzner/Documents/Hakluyt/CC_ML_FR_trimmed_morphad_lem_AMER/07_17_AMER_1170_The_most_ancient_voyage_and_discovery_of_the_West_Indies_performed_by_Madoc_the_sonne_of_Owen_Guined_pp.133-135.txt	0.3250657786719177	8.40876656916595E-5	0.32284983403850054	0.10485440463922967	0.1179917555982563	0.0014626547981965176	1.452773296604892E-4	0.10453557849587937	0.013493258053258258	0.009517370709409455
1	file:/C:/Users/apovzner/Documents/Hakluyt/CC_ML_FR_trimmed_morphad_lem_AMER/07_18_AMER_1488_The_verses_of_Meredith_the_sonne_of_Rhesus_making_mention_of_Madoc_the_sonne_of_Owen_Guined_and_of_h_pp.135-135.txt	0.27470309798692344	0.5241305121253668	0.06676827298243379	0.022754288092087165	0.09571396610047175	0.006112138154404709	6.070845360660446E-4	0.00336062901426925	0.0022015448692505484	0.0036484661387265393
2	file:/C:/Users/apovzner/Documents/Hakluyt/CC_ML_FR_trimmed_morphad_lem_AMER/07_19_AMER_1488_The_offer_of_the_discovery_of_the_West_Indies_pp.135-138.txt	0.09548430424294738	0.5666244452343036	0.19538848693921165	5.041714284129352E-4	0.023865292764608484	6.566387278547479E-4	6.522025638039957E-5	3.610388222542458E-4	0.11665843986728626	3.9196171674032624E-4
3	file:/C:/Users/apovzner/Documents/Hakluyt/CC_ML_FR_trimmed_morphad_lem_AMER/07_20_AMER_1494_Another_testimony_concerning_the_foresaid_offer_made_by_Bartholomew_Columbus_to_K_Henry_the_seventh__pp.139-140.txt	0.11970449018230353	0.5469000998361807	0.13748536704323155	0.07631681138434492	0.0011862918660273036	0.001340944078889672	0.03183307308039138	0.05224960201747799	0.03218288227789248	8.004382332603395E-4
4	file:/C:/Users/apovzner/Documents/Hakluyt/CC_ML_FR_trimmed_morphad_lem_AMER/07_21_AMER_1495_The_letters_patents_of_K_Henry_the_7_granted_unto_John_Cabot_and_his_3_sonnes_Lewis_Sebastian_and_Sa_pp.141-144.txt	0.3006776598276153	0.5514722374754694	0.10128962797590595	0.02419517361148711	0.0022047061895051467	0.017541553013951827	5.7031300762059494E-5	3.157073400427422E-4	0.0019035556620579993	3.427476032024419E-4
5	file:/C:/Users/apovzner/Documents/Hakluyt/CC_ML_FR_trimmed_morphad_lem_AMER/07_22_AMER_1497_The_signed_bill_of_K_Henry_the_7_on_the_behalfe_of_John_Cabot_pp.145-145.txt	0.20169317538814419	0.5477315019923374	0.14554196173083622	0.015676031236329054	0.0037251770237448126	0.02909669660551116	4.18236602786667E-4	0.052086992022169744	0.0015167025221304539	0.0025135248760103017
6	file:/C:/Users/apovzner/Documents/Hakluyt/CC_ML_FR_trimmed_morphad_lem_AMER/07_23_AMER_1497_The_voyage_of_Sebastian_Cabota_to_the_North_part_of_America_for_the_discovery_of_a_Northwest_passage_pp.145-155.txt	0.1270699146105138	0.22247240918995478	0.1921637786359949	0.050550581670921024	0.11077142952554772	0.010035816884520746	2.1992336498492382E-5	0.04068791957065178	0.24609398768758148	1.321698878152616E-4
7	file:/C:/Users/apovzner/Documents/Hakluyt/CC_ML_FR_trimmed_morphad_lem_AMER/07_24_AMER_1497_A_briefe_extract_concerning_the_discovery_of_Newfoundland_pp.155-155.txt	0.4329684285801985	4.3850529324409416E-4	0.12840102454377705	0.005856472669674509	0.029287198888663976	0.05270624052013621	7.576007434680224E-4	0.0041938393888748485	0.34083764857614784	0.004553040795815012
8	file:/C:/Users/apovzner/Documents/Hakluyt/CC_ML_FR_trimmed_morphad_lem_AMER/07_25_AMER_1549_The_large_pension_granted_by_K_Edward_the_6_to_Sebastian_Cabota_constituting_him_Grand_pilote_of_Eng_pp.156-158.txt	0.3412416942289739	0.5456904331388325	0.06070379426675859	0.044214392871368476	0.0033286144631087663	0.003428595011583647	8.610454012881705E-5	4.766476472820806E-4	3.1225142015337486E-4	5.174724118099317E-4
9	file:/C:/Users/apovzner/Documents/Hakluyt/CC_ML_FR_trimmed_morphad_lem_AMER/07_26_AMER_1576_A_discourse_written_by_sir_Humfrey_Gilbert_knight_to_proove_a_passage_by_the_Northwest_to_Cataya_and_pp.158-203.txt	0.07768319287021239	3.0830376020539905E-6	0.24177623668120618	0.03300280922058219	0.013200402247511745	3.705663851497193E-4	5.326529954008553E-6	0.029346323575426037	0.5890500475409055	0.015562011911450133
10	file:/C:/Users/apovzner/Documents/Hakluyt/CC_ML_FR_trimmed_morphad_lem_AMER/07_27_AMER_1576_The_first_voyage_of_M_Martin_Frobisher_to_the_Northwest_for_the_search_of_a_passage_to_China_anno_15_pp.204-211.txt	1.8081062923704804E-4	1.67952823325209E-5	0.03081644552516014	2.2430997635671188E-4	0.03910624752988572	0.43797732136609496	2.9017023461083482E-5	0.0018871978609913092	0.13391430589691136	0.3558475489095692
11	file:/C:/Users/apovzner/Documents/Hakluyt/CC_ML_FR_trimmed_morphad_lem_AMER/07_28_AMER_1577_The_second_voyage_of_M_Martin_Frobisher_to_the_West_and_Northwest_regions_in_the_yeere_1577_pp.211-230.txt	7.203942597193322E-5	6.691655813470529E-6	0.26989946215059035	0.001465186012407548	0.3096614315959574	0.2058007953033425	1.1561099711732305E-5	6.399861109932915E-5	0.21294935406726023	6.948007784554685E-5
12	file:/C:/Users/apovzner/Documents/Hakluyt/CC_ML_FR_trimmed_morphad_lem_AMER/07_29_AMER_1578_The_third_and_last_voyage_of_M_Martin_Frobisher_for_the_discovery_of_a_Northwest_passage_in_the_yere_pp.231-250.txt	0.01438157342928269	7.13590626440756E-6	0.29882139636072935	0.008164650786445935	0.13068651448250362	0.2935549227451432	1.232862630058137E-5	0.019874826255854586	0.21975101874077144	0.014745632666704258
13	file:/C:/Users/apovzner/Documents/Hakluyt/CC_ML_FR_trimmed_morphad_lem_AMER/07_30_AMER_1578_Experiences_and_reasons_of_the_Sphere_to_proove_all_parts_of_the_worlde_habitable_and_thereby_to_con_pp.250-309.txt	0.002965752750309279	2.2014587162601905E-6	0.29269994026609303	2.940165832392304E-5	0.15019172603885464	0.15438290987484962	3.803435866906359E-6	0.015749721587119653	0.38395168498151383	2.2857948352873592E-5
14	file:/C:/Users/apovzner/Documents/Hakluyt/CC_ML_FR_trimmed_morphad_lem_AMER/07_31_AMER_1578_A_letter_of_M_Martin_Frobisher_to_certaine_Englishmen_which_were_trecherously_taken_by_the_Salvages__pp.309-322.txt	0.0045969838434530685	9.71120106419502E-6	0.42014109856560733	6.288579852480443E-4	0.07951583145806086	0.2727101179760809	1.6777934632835093E-5	0.00608279379502603	0.18175497549208897	0.034542851748737835
15	file:/C:/Users/apovzner/Documents/Hakluyt/CC_ML_FR_trimmed_morphad_lem_AMER/07_32_AMER_1578_Articles_and_orders_prescribed_by_M_Martin_Frobisher_to_the_Captaines_and_company_of_every_ship_whic_pp.322-367.txt	7.870005028407139E-4	2.93911770144749E-6	0.36479270659432905	6.435408910768319E-4	0.038417478065301366	0.31473378908447874	5.077881134075986E-6	2.8109552552216087E-5	0.28055884118113567	3.0517129449891083E-5
16	file:/C:/Users/apovzner/Documents/Hakluyt/CC_ML_FR_trimmed_morphad_lem_AMER/07_33_AMER_1578_A_generall_and_briefe_description_of_the_country_and_condition_of_the_people_which_are_founde_in_Met_pp.367-375.txt	1.7390468612720893E-4	1.6153797565881363E-5	0.17245306031542115	0.0010460543988568905	0.4428047658682849	0.06587561744657727	2.7908737327216916E-5	0.030045718594965458	0.2873890897888349	1.6772636603922146E-4
17	file:/C:/Users/apovzner/Documents/Hakluyt/CC_ML_FR_trimmed_morphad_lem_AMER/07_34_AMER_1583_The_letters_patents_of_her_Majesty_graunted_to_M_Adrian_Gilbert_and_others_for_the_search_and_discov_pp.375-381.txt	0.8563060763882323	2.4067164920477718E-5	0.1282793189697221	0.0015584919663877417	3.7035257058074303E-4	0.012789255077437478	4.158057455140422E-5	2.3017698024881445E-4	1.507887207230314E-4	2.498915871958379E-4
18	file:/C:/Users/apovzner/Documents/Hakluyt/CC_ML_FR_trimmed_morphad_lem_AMER/07_35_AMER_1585_The_first_voyage_of_M_John_Davis_for_the_discovery_of_a_Northwest_passage_1585_pp.381-393.txt	6.3442408229882E-4	1.020532762937005E-5	0.08901578883922891	1.3629760750279106E-4	0.20578378231705993	0.44552726571345874	1.763163163241845E-5	6.221611757074725E-4	0.18261012707180657	0.07564231623367501
19	file:/C:/Users/apovzner/Documents/Hakluyt/CC_ML_FR_trimmed_morphad_lem_AMER/07_36_AMER_1586_The_second_voyage_of_M_John_Davis_for_the_discovery_of_the_Northwest_pass_1586_pp.393-407.txt	9.896443000023969E-5	9.192687121020514E-6	0.22051788850159132	5.95281125756384E-4	0.2009573060897566	0.3342229680329725	1.588210383010662E-5	0.025130835637947734	0.16449033527055282	0.053961346120471265
20	file:/C:/Users/apovzner/Documents/Hakluyt/CC_ML_FR_trimmed_morphad_lem_AMER/07_37_AMER_1586_A_letter_of_M_J_Davis_to_M_Wil_Sanderson_of_London_concerning_his_second_voyage_pp.407-408.txt	0.030173358136409464	1.82905655289713E-4	0.47662170334377607	0.0024428028300603364	0.012216031110368779	0.1254000651081249	3.160040769561649E-4	0.039355000795529595	0.31139300269997167	0.0018991262435132693
21	file:/C:/Users/apovzner/Documents/Hakluyt/CC_ML_FR_trimmed_morphad_lem_AMER/07_38_AMER_1586_The_voyage_and_course_which_the_Sunshine_a_barke_of_50_tunnes_pp.408-413.txt	0.008308429848629959	2.603152427284878E-5	0.01297455047593362	3.476649262909684E-4	0.09272471852613068	0.6186231169363127	4.497437647061223E-5	2.4896400004721094E-4	0.17410712385537355	0.09259442553053789
22	file:/C:/Users/apovzner/Documents/Hakluyt/CC_ML_FR_trimmed_morphad_lem_AMER/07_39_AMER_1587_The_third_voyage_Northwestward_made_by_M_John_Davis_Gentleman_for_the_discovery_of_a_passage_to_the__pp.414-422.txt	0.004974054735760646	1.5584440014232412E-5	0.10869941714868275	2.0813852973201977E-4	0.030679588104198154	0.5241555478498435	2.6925064584666307E-5	9.500952712280468E-4	0.1891446354317288	0.14114601342422717
23	file:/C:/Users/apovzner/Documents/Hakluyt/CC_ML_FR_trimmed_morphad_lem_AMER/07_40_AMER_1587_A_letter_of_M_John_Davis_to_M_Wil_Sanderson_of_London_concerning_his_3_voyage_pp.423-423.txt	0.2520886869819037	3.451514233590108E-4	0.2962157563688256	0.022350605992425113	0.005311291018405283	0.1656720207357218	5.963142953448362E-4	0.003301008349752077	0.21505357750979665	0.03906558732446605
24	file:/C:/Users/apovzner/Documents/Hakluyt/CC_ML_FR_trimmed_morphad_lem_AMER/07_41_AMER_1587_A_traverse-booke_of_M_John_Davis_contayning_all_the_principall_notes_and_observations_taken_in_his_t_pp.424-439.txt	2.308272988691946E-4	2.1441270742322862E-5	0.00738042051642182	2.8635963588153723E-4	0.003636214771381443	0.2714871168282816	3.7043846232982116E-5	2.0506307944754675E-4	0.534648023516661	0.18206748923608057
25	file:/C:/Users/apovzner/Documents/Hakluyt/CC_ML_FR_trimmed_morphad_lem_AMER/07_42_AMER_1587_A_report_of_M_John_Davis_concerning_his_three_voyages_made_for_the_discovery_of_the_Northwest_passag_pp.440-444.txt	0.010143045821102157	2.4037429127690844E-5	0.3665788253539918	3.210327193409663E-4	0.08932831978448638	0.15980196117263903	4.152920035120635E-5	2.298925888378775E-4	0.288029949328627	0.08550140660149584
26	file:/C:/Users/apovzner/Documents/Hakluyt/CC_ML_FR_trimmed_morphad_lem_AMER/07_43_AMER_1385_The_voyage_of_M_Nicolas_Zeno_and_M_Anthony_his_brother_pp.445-464.txt	0.03842373799329438	6.5453220498664635E-6	0.3423859841316169	0.05458943712709188	0.19253995544597444	0.04485933822806089	1.1308280487406084E-5	0.10469302182858875	0.222422710961918	6.796068091748381E-5
27	file:/C:/Users/apovzner/Documents/Hakluyt/CC_ML_FR_trimmed_morphad_lem_AMER/07_44_AMER_1385_A_testimony_of_Ortelius_for_the_credit_of_the_history_of_M_Nicolas_andamp_M_Antonio_Zeni_pp.464-466.txt	0.2673003064002616	6.914495550929271E-5	0.15885577499958498	0.03291017851738704	0.2676199449856886	0.0012027352658070414	1.1946097460616915E-4	0.004215377337822707	0.2634350591673752	0.004272017395957484
28	file:/C:/Users/apovzner/Documents/Hakluyt/CC_ML_FR_trimmed_morphad_lem_AMER/08_01_AMER_1527_The_voyage_of_two_ships_whereof_the_one_was_called_The_Dominus_vobiscum_set_out_the_20_of_May_1527_f_pp.001-002.txt	0.3747387801256877	9.566504247175425E-5	0.3476316279714068	0.0012776577964070575	0.021141010713498862	0.09509125944214052	1.6527943543011512E-4	9.149349607351215E-4	0.1186127074378716	0.040331077074350456
29	file:/C:/Users/apovzner/Documents/Hakluyt/CC_ML_FR_trimmed_morphad_lem_AMER/08_02_AMER_1536_The_voyage_of_M_Hore_and_divers_other_gentlemen_to_Newfoundland_and_Cape_Briton_in_the_yere_1536_pp.003-007.txt	0.0996819002798189	2.723404410114164E-5	0.3383370170868981	0.0059630891950475185	0.2677887151649159	0.21884891491985092	4.70519566731449E-5	0.05065474059140443	0.018368563176254727	2.827735850351519E-4
30	file:/C:/Users/apovzner/Documents/Hakluyt/CC_ML_FR_trimmed_morphad_lem_AMER/08_03_AMER_1578_An_act_against_the_exaction_of_money_or_any_other_thing_by_any_officer_for_licence_to_traffique_into_pp.007-009.txt	0.7070734420234744	9.473339218077356E-5	0.22738211674040057	0.0012652151085971626	0.006327120198869998	0.025994506170479256	1.6366983353026697E-4	0.025252700019656817	0.005462870987713714	9.83625525096929E-4
31	file:/C:/Users/apovzner/Documents/Hakluyt/CC_ML_FR_trimmed_morphad_lem_AMER/08_04_AMER_1578_A_letter_written_to_M_Richard_Hakluyt_of_the_Midle_Temple_contayning_a_report_of_the_true_state_and__pp.009-016.txt	0.04049694333518256	1.7427155142416852E-5	0.34459707321021577	0.05218699684170724	0.31288942424953425	0.10421163070304248	9.258715973667029E-4	0.06376583780011798	0.051167671842782696	0.02974112326490797
32	file:/C:/Users/apovzner/Documents/Hakluyt/CC_ML_FR_trimmed_morphad_lem_AMER/08_05_AMER_1578_The_letters_patents_granted_by_her_Majestie_to_sir_Humfrey_Gilbert_knight_for_inhabiting_some_part_o_pp.017-023.txt	0.8487580622263164	2.2959475337586964E-5	0.145977800532811	0.002666888895114264	3.5330711941170857E-4	3.9936638138745597E-4	3.966683151464073E-5	2.1958310082490588E-4	0.001323975092916473	2.3839034436547247E-4
33	file:/C:/Users/apovzner/Documents/Hakluyt/CC_ML_FR_trimmed_morphad_lem_AMER/08_06_AMER_1583_A_learned_and_stately_Poeme_written_in_Latine_Hexamiters_by_Stephanus_Parmenius_Budeius_concerning_t_pp.023-033.txt	1.0397561843562424E-4	0.9953596365812093	3.4588978219333966E-4	1.289900301292162E-4	0.002134358367760857	1.6799811436482632E-4	1.668631414125391E-5	0.001581671899217848	6.051162087314962E-5	1.0028167167462762E-4
34	file:/C:/Users/apovzner/Documents/Hakluyt/CC_ML_FR_trimmed_morphad_lem_AMER/08_07_AMER_1583_The_voyage_of_Sir_Humfrey_Gilbert_to_Newfoundland_An_1583_pp.034-043.txt	0.2637969687386716	1.3018957351658899E-5	0.5793067139399488	8.430548637675718E-4	0.008230496243993498	0.01494841098905805	2.2492708573314573E-5	1.2451255887822562E-4	0.09443590953961929	0.03827842146013809
35	file:/C:/Users/apovzner/Documents/Hakluyt/CC_ML_FR_trimmed_morphad_lem_AMER/08_08_AMER_1583_Orders_agreed_upon_by_the_Captaines_and_Masters_to_bee_observed_by_the_fleete_of_sir_Humfrey_Gilbert_pp.043-055.txt	0.12908795046218546	1.1102183476373051E-5	0.30912291516780466	7.189323634279847E-4	0.04011681730180129	0.3688373870325774	1.9181119556375838E-5	1.0618064384415702E-4	0.09251595501497575	0.059463578710350594
36	file:/C:/Users/apovzner/Documents/Hakluyt/CC_ML_FR_trimmed_morphad_lem_AMER/08_09_AMER_1583_A_briefe_relation_of_Newfound-land_and_the_commodities_thereof_pp.055-064.txt	0.08228473408416144	1.4525593409214427E-5	0.2857295961147135	1.939970671334973E-4	0.2264498190996296	0.13315127959190395	7.717171427340312E-4	1.3892193942670222E-4	0.16658758779446592	0.10467782157242224
37	file:/C:/Users/apovzner/Documents/Hakluyt/CC_ML_FR_trimmed_morphad_lem_AMER/08_10_AMER_1583_Reckonings_of_the_Master_and_Masters_mate_of_the_Admirall_of_sir_Humfrey_Gilbert_in_their_course_fro_pp.064-065.txt	0.016946874496148307	2.726069380915281E-4	0.037787136966128385	0.0036408114271222363	0.004194955268472017	0.2289355629944373	4.7097999078820555E-4	0.00260719706754467	0.0017079723179221982	0.7034359025333451
38	file:/C:/Users/apovzner/Documents/Hakluyt/CC_ML_FR_trimmed_morphad_lem_AMER/08_11_AMER_1583_The_maner_how_the_sayd_Admirall_was_lost_pp.065-077.txt	0.1020871319539433	9.969985031704492E-6	0.4974445216388181	1.3315448126811796E-4	0.045762477091850065	0.27126545170730615	1.722503283028752E-5	9.535236307667555E-5	0.05643320867137153	0.026751507074504115
39	file:/C:/Users/apovzner/Documents/Hakluyt/CC_ML_FR_trimmed_morphad_lem_AMER/08_12_AMER_1583_A_letter_of_the_learned_Hungarian_Stephanus_Parmenius_Budeius_to_master_Richard_Hakluyt_the_collecto_pp.078-084.txt	0.03707996604673256	0.5119996654905061	0.16978799486702292	2.337961049874566E-4	0.10014639253179479	0.08218565263732404	3.0244161110081494E-5	0.015463901456617498	0.08289062487149271	1.817618324119493E-4
40	file:/C:/Users/apovzner/Documents/Hakluyt/CC_ML_FR_trimmed_morphad_lem_AMER/08_13_AMER_1583_A_relation_of_Richard_Clarke_of_Weymouth_master_of_the_ship_called_The_Delight_which_went_as_Admiral_pp.085-088.txt	0.029003044336091518	3.2787639385264396E-5	0.21015118901553226	0.0021231945161631688	0.098251833255717	0.504474441344851	5.664684179994734E-5	0.05761371313287177	2.0542536749833194E-4	0.09808772455008968
41	file:/C:/Users/apovzner/Documents/Hakluyt/CC_ML_FR_trimmed_morphad_lem_AMER/08_14_AMER_1583_A_discourse_of_the_necessitie_and_commoditie_of_planting_English_colonies_upon_the_North_partes_of_A_pp.089-131.txt	0.3232999749054475	3.1027049527920386E-6	0.4361302639253883	0.0521914971011847	0.12523978255331852	0.006433181790087249	5.360509018276992E-6	0.0022623983223264894	0.045630805896675	0.00880363229160122
42	file:/C:/Users/apovzner/Documents/Hakluyt/CC_ML_FR_trimmed_morphad_lem_AMER/08_15_AMER_1582_A_letter_of_the_right_honourable_sir_Francis_Walsingham_to_master_Richard_Hakluyt_then_of_Christchur_pp.131-131.txt	0.5182025495833236	3.451514233590108E-4	0.3849203772359655	0.0400915301658531	0.005311291018405283	0.04148555152172588	5.963142953448362E-4	0.003301008349752077	0.0021624874286607747	0.0035837389776100723
43	file:/C:/Users/apovzner/Documents/Hakluyt/CC_ML_FR_trimmed_morphad_lem_AMER/08_16_AMER_1582_A_letter_of_the_right_honourable_sir_Francis_Walsingham_to_master_Thomas_Aldworth_marchant_and_at_th_pp.132-132.txt	0.4173374413671392	2.3060121874798466E-4	0.48237843691121624	0.003079802583909616	0.0035485589775346564	0.08698214867465619	3.9840717423416907E-4	0.0022054567851465	0.0014447926412219196	0.0023943536661934616
44	file:/C:/Users/apovzner/Documents/Hakluyt/CC_ML_FR_trimmed_morphad_lem_AMER/08_17_AMER_1583_A_letter_written_from_master_Aldworth_marchant_and_mayor_of_the_citie_of_Bristol_to_the_right_honour_pp.133-134.txt	0.36855362812534476	1.1908840966269352E-4	0.5306875248075422	0.03831764685402673	0.0018325672670911207	0.044919822240962456	2.057477277672432E-4	0.001138954696548796	7.461281378721449E-4	0.013478891733181909
45	file:/C:/Users/apovzner/Documents/Hakluyt/CC_ML_FR_trimmed_morphad_lem_AMER/08_18_AMER_1583_A_briefe_and_summarie_discourse_upon_a_voyage_intended_to_the_hithermost_parts_of_America_pp.134-147.txt	0.16988440060343193	1.1083209351140094E-5	0.6435673257341248	0.03774700044356937	0.05599933756165995	0.02241036387759293	1.9148338170142625E-5	0.02118421425945147	0.04906204799046253	1.150779821857462E-4
46	file:/C:/Users/apovzner/Documents/Hakluyt/CC_ML_FR_trimmed_morphad_lem_AMER/08_19_AMER_1583_Articles_set_downe_by_the_committies_appointed_on_the_behalfe_of_the_company_of_the_Moscovian_marcha_pp.147-150.txt	0.5273212048606498	5.88893780300607E-5	0.4198264722647321	0.03408281812521802	9.062069672683824E-4	0.001024345611570716	1.0174252686411392E-4	0.003590152712630352	3.6896136319622576E-4	0.012719206189840281
47	file:/C:/Users/apovzner/Documents/Hakluyt/CC_ML_FR_trimmed_morphad_lem_AMER/08_20_AMER_1591_The_first_discovery_of_the_isle_of_Ramea_made_by_for_Monsieur_de_la_court_pre_Ravillon_andamp_grand__pp.150-154.txt	3.0966189298180474E-4	2.876412156850471E-5	0.04242778743349616	0.004819623025253418	0.016705994316079227	0.1527845575717903	4.9695454584566154E-5	0.08898435442130849	1.8021670223176782E-4	0.6937093450607057
48	file:/C:/Users/apovzner/Documents/Hakluyt/CC_ML_FR_trimmed_morphad_lem_AMER/08_21_AMER_1591_A_letter_sent_to_the_right_honourable_sir_William_Cecil_Lord_Burghley_Lord_high_Treasurer_of_England_pp.155-155.txt	0.29704056226147924	1.4372129051101846E-4	0.21937977470858308	0.12750413653711165	0.15734561929151625	0.03943661138924292	2.483056834680471E-4	0.038311207401789706	9.004612553421378E-4	0.11968960018095595
49	file:/C:/Users/apovzner/Documents/Hakluyt/CC_ML_FR_trimmed_morphad_lem_AMER/08_22_AMER_1591_A_briefe_note_of_the_Morse_and_of_the_use_thereof_pp.156-157.txt	0.19340679431343463	1.2056440563276133E-4	0.11586486931783566	0.0016102021056579978	0.4976200568460189	0.10125010124048528	2.0829778967415094E-4	0.013547190450098534	7.553757391103574E-4	0.07561654779205171
50	file:/C:/Users/apovzner/Documents/Hakluyt/CC_ML_FR_trimmed_morphad_lem_AMER/08_23_AMER_1593_The_voyage_of_the_ship_called_The_Marigolde_of_M_Hill_of_Redriffe_unto_Cape_Briton_and_beyond_to_the_pp.157-161.txt	3.0163455976595956E-4	2.8018472220862716E-5	0.11621630408726086	3.7420167860134927E-4	0.2798223747661266	0.4094930656661154	4.840720445658979E-5	2.6796705587437596E-4	1.755449633040459E-4	0.1932724815462739
51	file:/C:/Users/apovzner/Documents/Hakluyt/CC_ML_FR_trimmed_morphad_lem_AMER/08_24_AMER_1593_The_voyage_of_M_George_Drake_of_Apsham_to_the_isle_of_Ramea_in_the_yeere_1593_pp.161-162.txt	0.34598178978211624	1.0166388978325285E-4	0.3433026625983079	0.022260037489900516	0.0015644336605857968	0.26304665623367923	1.7564357755829843E-4	9.723075911922971E-4	6.369577777356119E-4	0.021957847399140838
52	file:/C:/Users/apovzner/Documents/Hakluyt/CC_ML_FR_trimmed_morphad_lem_AMER/08_25_AMER_1594_The_voyage_of_The_Grace_of_Bristoll_up_into_the_gulfe_of_S_Laurence_to_the_Northwest_of_Newfoundland_pp.162-165.txt	0.021458951794361688	3.724412891805939E-5	0.026220555397291647	4.974152569534268E-4	0.1518078355108591	0.32991835153923527	6.434626945867702E-5	0.00801365447600499	2.3334674327259156E-4	0.46174829888364444
53	file:/C:/Users/apovzner/Documents/Hakluyt/CC_ML_FR_trimmed_morphad_lem_AMER/08_26_AMER_1597_The_voyage_of_M_Charles_Leigh_and_divers_others_to_Cape_Briton_and_the_isle_of_Ramea_1597_pp.166-180.txt	0.007023957646514351	8.984666171098E-6	0.23169134092182173	1.1999502101310889E-4	0.00337096725335767	0.6596288339174587	1.5522708336491694E-5	0.015325840723228953	0.001903553942532549	0.08091100319956543
54	file:/C:/Users/apovzner/Documents/Hakluyt/CC_ML_FR_trimmed_morphad_lem_AMER/08_27_AMER_1597_Certaine_observations_touching_the_countries_and_places_where_master_Charles_Leigh_touched_in_his_vo_pp.180-182.txt	0.024900844099370836	7.80179816640184E-5	0.034875320973350846	0.0010419718630492142	0.3661247715284106	0.06150941824484191	1.3479080372157156E-4	0.008766471750826194	0.04059036969011135	0.46197802306465346
55	file:/C:/Users/apovzner/Documents/Hakluyt/CC_ML_FR_trimmed_morphad_lem_AMER/08_28_AMER_1534_The_first_voyage_of_Jaques_Cartier_of_Saint_Malo_to_Newfound-land_the_gulfe_of_Saint_Laurence_and_th_pp.183-209.txt	5.754985622134662E-5	5.345737070392605E-6	0.041407408252396395	8.95714385369089E-4	0.16439655728838098	0.10615539071105339	9.235770790706529E-6	0.3256572136045884	0.026411707470647503	0.33500387692348177
56	file:/C:/Users/apovzner/Documents/Hakluyt/CC_ML_FR_trimmed_morphad_lem_AMER/08_29_AMER_1534_Divers_words_of_the_language_spoken_in_New_France_with_the_interpretation_thereof_pp.209-210.txt	0.0015028325596155242	0.25845066649193016	0.04087592521346363	0.0018643834012297288	0.43984190667875644	0.03830473213455425	2.4117900493157842E-4	0.21659431625028028	8.746169097285415E-4	0.0014494413555098317
57	file:/C:/Users/apovzner/Documents/Hakluyt/CC_ML_FR_trimmed_morphad_lem_AMER/08_30_AMER_1535_The_second_voyage_of_Jaques_Cartier_by_the_Grand_bay_up_the_river_of_Canada_to_Hochelaga_Anno_1535_pp.210-262.txt	2.8161181659982125E-5	2.615858364038572E-6	0.1141125301606335	1.6939237583790047E-4	0.19553955186035732	0.09147570956418363	4.519389553410727E-6	0.5149922203691287	0.017899062302532014	0.06577623693774945
58	file:/C:/Users/apovzner/Documents/Hakluyt/CC_ML_FR_trimmed_morphad_lem_AMER/08_31_AMER_1540_The_third_voyage_of_Jaques_Cartier_unto_the_countries_of_Canada_Hochelaga_and_Saguenay_Anno_1540_pp.263-266.txt	0.04050576451128798	3.1259856304941105E-5	0.30479892865849206	0.0036310308670701908	0.04868411737041397	0.11623114230662522	5.400730787562936E-5	0.4855433218555216	1.9585330294542621E-4	3.2457396346293447E-4
59	file:/C:/Users/apovzner/Documents/Hakluyt/CC_ML_FR_trimmed_morphad_lem_AMER/08_32_AMER_1540_A_description_of_the_river_and_haven_of_Saincte_Croix_pp.267-268.txt	6.320639476597602E-4	5.871166146563153E-5	0.056423112173497984	0.012855339178007682	0.5773039189732345	0.007056861110275924	1.0143548792202487E-4	0.21784335875641236	0.027528078385966916	0.10019712032555722
60	file:/C:/Users/apovzner/Documents/Hakluyt/CC_ML_FR_trimmed_morphad_lem_AMER/08_33_AMER_1540_A_description_of_the_3_saults_or_falles_of_water_in_the_river_of_Canada_pp.269-272.txt	4.1858296406576333E-4	3.8881669129369164E-5	0.20524291136923153	5.19285482104142E-4	0.08853380434622404	0.022660193910386907	6.717542956383563E-5	0.6818718464097535	2.4360647242688954E-4	4.037119471140688E-4
61	file:/C:/Users/apovzner/Documents/Hakluyt/CC_ML_FR_trimmed_morphad_lem_AMER/08_34_AMER_1587_A_letter_written_to_M_John_Groute_student_in_Paris_by_Jaques_Noel_of_Saint_Malo_the_nephew_of_Jaques_pp.272-273.txt	0.240007438664541	1.0328302643294293E-4	0.17888895540380115	0.03854092833267942	0.001589349408756201	0.0017965466509481884	1.7844094203366565E-4	0.4628525016303835	6.471022025105801E-4	0.07539545373791338
62	file:/C:/Users/apovzner/Documents/Hakluyt/CC_ML_FR_trimmed_morphad_lem_AMER/08_35_AMER_1587_Part_of_another_letter_pp.273-274.txt	0.2327829620535915	1.4060519822738264E-4	0.26521344589656937	0.04524084540869513	0.002163673900627115	0.0024457435718667174	2.4292204530639017E-4	0.3771573009720361	0.01533526717735467	0.05927723377572558
63	file:/C:/Users/apovzner/Documents/Hakluyt/CC_ML_FR_trimmed_morphad_lem_AMER/08_36_AMER_1542_An_excellent_ruttier_shewing_the_course_from_Belle_isle_Carpont_and_the_Grand_bay_up_the_river_of_Ca_pp.275-283.txt	1.485039435055137E-4	1.3794353070902215E-5	0.01680183345340135	1.842309614050879E-4	0.11223986214291021	0.007330298381006799	2.383235117838949E-5	0.09230652826349639	0.017812310757927153	0.7531388053920983
64	file:/C:/Users/apovzner/Documents/Hakluyt/CC_ML_FR_trimmed_morphad_lem_AMER/08_37_AMER_1542_The_voyage_of_John_Francis_de_la_Roche_knight_lord_of_Roberval_with_three_tall_ships_to_the_countrie_pp.283-286.txt	0.05070295807969672	3.4968111961404254E-5	0.23850585107411154	0.0633751512739185	0.09400161207098566	0.21449590315154488	6.041402014476071E-5	0.31307772497153646	0.003813837229179717	0.021931580016920284
65	file:/C:/Users/apovzner/Documents/Hakluyt/CC_ML_FR_trimmed_morphad_lem_AMER/08_38_AMER_1542_A_description_of_the_Salvages_in_Canada_pp.287-287.txt	0.007541739729308013	1.2131620942594226E-4	0.08540885455640022	0.0016202428473219093	0.8000367985669817	0.002110223114844635	2.095966727695915E-4	0.08222439671758047	0.019467194223584294	0.0012596373617831853
66	file:/C:/Users/apovzner/Documents/Hakluyt/CC_ML_FR_trimmed_morphad_lem_AMER/08_39_AMER_1543_The_voyage_of_Monsieur_Roberval_from_his_Fort_in_Canada_unto_Saguenay_the_fifth_of_June_1543_pp.288-289.txt	0.29344341170505006	9.807635874740783E-5	0.27069416633869076	0.0013098622146521198	0.006550392593122882	0.16806442177002437	1.6944543988049878E-4	0.24795507719393173	6.144807133519725E-4	0.011100665672548193
67	file:/C:/Users/apovzner/Documents/Hakluyt/CC_ML_FR_trimmed_morphad_lem_AMER/08_40_AMER_1584_The_letters_patents_granted_by_the_Queenes_Majestie_to_sir_Walter_Ralegh_for_the_discovering_and_pla_pp.289-296.txt	0.8522118266819472	2.0514317105079103E-5	0.13992132791588702	0.0034373125155766427	0.001370124590006109	0.0014112785925215559	3.544235868983097E-5	0.0012506420286008762	1.2852895814701877E-4	2.1300204151861475E-4
68	file:/C:/Users/apovzner/Documents/Hakluyt/CC_ML_FR_trimmed_morphad_lem_AMER/08_41_AMER_1584_The_first_voyage_made_to_the_coast_of_Virginia_pp.297-310.txt	0.022886607140373806	9.848853283016343E-6	0.26207625640993054	0.022912115415805356	0.44715713490719716	0.14039843278997796	0.002548191167494157	0.06185487393456235	0.016767464035445927	0.023389075345929686
69	file:/C:/Users/apovzner/Documents/Hakluyt/CC_ML_FR_trimmed_morphad_lem_AMER/08_42_AMER_1585_The_second_voyage_made_to_Virginia_by_sir_Richard_Grinvile_for_sir_Walter_Ralegh_Anno_1585_at_what_t_pp.310-317.txt	2.1385759489175608E-4	1.9864975307684862E-5	0.22330421849443716	0.14934121298822342	0.04114840191687718	0.5690803300204361	3.432049805086053E-5	1.8998748062550798E-4	1.2446061776440225E-4	0.016543345413385927
70	file:/C:/Users/apovzner/Documents/Hakluyt/CC_ML_FR_trimmed_morphad_lem_AMER/08_43_AMER_1585_The_names_of_those_aswell_gentlemen_as_others_that_remained_one_whole_yeere_in_Virginia_under_the_go_pp.317-318.txt	0.8641590779618488	8.482088120152384E-5	0.020477017164125304	0.0011328282240322147	0.0013052485199525794	0.08431213964940791	1.4654409798450644E-4	8.112220264214924E-4	0.026690398463232037	8.807030117936165E-4
71	file:/C:/Users/apovzner/Documents/Hakluyt/CC_ML_FR_trimmed_morphad_lem_AMER/08_44_AMER_1585_An_extract_of_M_Ralph_Lanes_letter_to_M_Richard_Hakluyt_esquire_and_another_Gentleman_of_the_middle__pp.319-320.txt	0.28472673892480144	1.0609932138499768E-4	0.21103459567793095	0.03413830396927206	0.4651843070249046	0.0018455344221138719	1.8330662366253993E-4	0.0010147278037750062	6.647472186311842E-4	0.0011016390135233304
72	file:/C:/Users/apovzner/Documents/Hakluyt/CC_ML_FR_trimmed_morphad_lem_AMER/08_45_AMER_1585_An_account_of_the_particular_employments_of_the_Englishmen_left_in_Virginia_by_S_Richard_Grinvile_un_pp.320-345.txt	0.03161245887033556	5.736654022864487E-6	0.5280162331186131	0.016589132270243744	0.11390669246414142	0.22065982333300532	9.911153684344927E-6	0.07495092059708418	0.014189527332461968	5.9564206407513166E-5
73	file:/C:/Users/apovzner/Documents/Hakluyt/CC_ML_FR_trimmed_morphad_lem_AMER/08_46_AMER_1586_The_third_voyage_to_Virginia_made_by_a_ship_sent_in_the_yeere_1586_for_the_reliefe_of_the_colonie_pl_pp.346-348.txt	0.23772859007288258	6.14953757638501E-5	0.4794963480788681	0.11777413884721862	9.46308822340448E-4	0.15279227243145282	1.0624488031574224E-4	0.006909913111593137	3.852887979307954E-4	0.0037993995816340237
74	file:/C:/Users/apovzner/Documents/Hakluyt/CC_ML_FR_trimmed_morphad_lem_AMER/08_47_AMER_1586_A_briefe_and_true_report_of_the_commodities_aswell_marchantable_as_others_which_are_to_be_found_and__pp.348-374.txt	0.05175982872503373	5.714747893003146E-6	0.264571002119213	0.0015450253963112846	0.6701097389619618	3.931450080322773E-4	9.87330670615527E-6	0.0015233574023675999	0.010022977579435093	5.9336753046119916E-5
75	file:/C:/Users/apovzner/Documents/Hakluyt/CC_ML_FR_trimmed_morphad_lem_AMER/08_48_AMER_1586_A_description_of_the_nature_and_maners_of_the_people_of_Virginia_pp.374-386.txt	0.08554838521220959	1.288104164083815E-5	0.5539692222968997	0.0067929412282085756	0.3193259842481496	8.861488405379468E-4	2.2254433125643845E-5	0.033227733687555154	8.070397144906124E-5	1.3374504022390822E-4
76	file:/C:/Users/apovzner/Documents/Hakluyt/CC_ML_FR_trimmed_morphad_lem_AMER/08_49_AMER_1587_The_fourth_voyage_made_to_Virginia_with_3_ships_Anno_1587_wherein_was_transported_the_second_colonie_pp.386-402.txt	0.02980572302078261	8.758165399408066E-6	0.30418062154486153	5.671432617997626E-4	0.11537913281500929	0.5358585459160342	1.513138545927193E-5	8.376258985287186E-5	5.487279290357088E-5	0.014046308507897566
77	file:/C:/Users/apovzner/Documents/Hakluyt/CC_ML_FR_trimmed_morphad_lem_AMER/08_50_AMER_1587_The_names_of_all_the_men_women_and_children_which_safely_arrived_in_Virginia_and_remayned_to_inhabit_pp.402-403.txt	0.7913603599044997	7.359129303837996E-5	0.0064181606544995995	9.828510694062978E-4	0.02761080203097968	0.14880235525308538	1.271428627604158E-4	7.03822891485121E-4	0.023156808875307317	7.641051649381291E-4
78	file:/C:/Users/apovzner/Documents/Hakluyt/CC_ML_FR_trimmed_morphad_lem_AMER/08_51_AMER_1593_A_letter_of_M_John_White_to_M_Richard_Hakluyt_written_in_February_1593_pp.404-406.txt	0.2343700850268705	6.228285210321432E-5	0.4920392456386419	8.318207938457235E-4	0.004159790782467705	0.26359522467520236	1.0760539447453877E-4	5.956696131750624E-4	3.9022259674776174E-4	0.003848052626471354
79	file:/C:/Users/apovzner/Documents/Hakluyt/CC_ML_FR_trimmed_morphad_lem_AMER/08_52_AMER_1590_The_fifth_voyage_to_Virginia_made_by_master_John_White_in_the_yeere_1590_pp.406-422.txt	5.246215105693264E-4	8.439046603299089E-6	0.137373689138334	0.020499918810821333	0.03222887531412234	0.656007702317149	1.4580047445999186E-5	5.144809992624226E-4	5.287340846494081E-5	0.15277481940722742
80	file:/C:/Users/apovzner/Documents/Hakluyt/CC_ML_FR_trimmed_morphad_lem_AMER/08_53_AMER_1524_The_voyage_of_John_de_Verazzano_a_Florentine_to_the_coast_of_Florida_sailing_from_thence_Northerly_t_pp.423-438.txt	9.018602680099452E-5	8.377271784089549E-6	0.18717833017410335	1.118829441875081E-4	0.3674266109094139	0.08325058975391507	1.4473319774334116E-5	0.23346271395273868	0.0637805748240469	0.06467626082323516
81	file:/C:/Users/apovzner/Documents/Hakluyt/CC_ML_FR_trimmed_morphad_lem_AMER/08_54_AMER_1587_An_Epistle_Dedicatorie_to_sir_Walter_Ralegh_prefixed_by_master_Richard_Hakluyt_before_the_history_of_pp.439-445.txt	0.31762362561339874	1.8434441342807058E-5	0.5274912219006964	0.04667555482862469	0.07419162425818236	0.004110807379490142	3.1848980347323026E-5	0.006809070651424819	0.02285640544633192	1.9140650016085027E-4
82	file:/C:/Users/apovzner/Documents/Hakluyt/CC_ML_FR_trimmed_morphad_lem_AMER/08_55_AMER_1587_The_Preface_of_master_Rene_Laudonniere_before_the_sayd_Historie_pp.446-448.txt	0.19713511092717378	5.238781628986578E-5	0.6400591472677546	0.008777932781018653	0.057354017405146805	9.112548223705799E-4	9.050985057955859E-5	0.011272054702180014	0.08380363691203709	5.43947515449139E-4
83	file:/C:/Users/apovzner/Documents/Hakluyt/CC_ML_FR_trimmed_morphad_lem_AMER/08_56_AMER_1587_A_description_of_the_West_Indies_in_general_but_more_chiefly_andamp_particularly_of_Florida_pp.448-456.txt	0.03111633688166993	1.4690112704791126E-5	0.23837560496820526	1.961943102980005E-4	0.4472321102243723	0.0025207591340696946	2.5379945187078282E-5	0.166257610231169	0.08843614038031365	0.025825173812010285
84	file:/C:/Users/apovzner/Documents/Hakluyt/CC_ML_FR_trimmed_morphad_lem_AMER/08_57_AMER_1587_The_voyage_of_captaine_John_Ribault_to_Florida_1562_pp.457-468.txt	0.0023939515468578126	1.1064299970503204E-5	0.32911036120173404	1.4776964242997813E-4	0.10936249214037766	0.06559405386637772	1.9115668642431695E-5	0.43914958231329443	6.932148608947731E-5	0.054142287834226
85	file:/C:/Users/apovzner/Documents/Hakluyt/CC_ML_FR_trimmed_morphad_lem_AMER/08_58_AMER_1587_An_oration_of_captaine_John_Ribault_to_his_company_pp.468-486.txt	0.004078285626262118	7.771573025507203E-6	0.5882864308522089	0.0029000277136797988	0.06523190190195653	0.028097523881060082	1.3426860730647706E-5	0.31005686108113967	4.869146650192934E-5	0.001279079043434785
86	file:/C:/Users/apovzner/Documents/Hakluyt/CC_ML_FR_trimmed_morphad_lem_AMER/09_01_AMER_1564_The_voiage_of_captaine_Rene_Laudonniere_to_Florida_1564_where_he_fortified_and_inhabited_two_summers_pp.001-046.txt	4.991076114493466E-4	3.0255036353434336E-6	0.4523376064011395	5.069435876621891E-4	0.06722779444303886	0.045151142482985886	5.227129156284729E-6	0.42597664046528266	1.895577747623054E-5	0.008273556598173694
87	file:/C:/Users/apovzner/Documents/Hakluyt/CC_ML_FR_trimmed_morphad_lem_AMER/09_02_AMER_1565_An_oration_of_Laudonniere_to_his_mutinous_souldiers_pp.046-082.txt	3.9388863858849996E-5	3.6587842875061656E-6	0.5387434852773866	0.012461023494897094	0.10104613730149536	0.02488795931933948	6.32124113234093E-6	0.32275111273430085	2.2923489490245768E-5	3.7989493811718985E-5
88	file:/C:/Users/apovzner/Documents/Hakluyt/CC_ML_FR_trimmed_morphad_lem_AMER/09_03_AMER_1565_A_second_voyage_of_captaine_John_Ribault_to_Florida_1565_pp.082-085.txt	0.014702146053815361	3.967457895151277E-5	0.6193256116737621	5.298752167651455E-4	0.0026498135882937947	0.10061530443776523	6.854533109071345E-5	0.259369220435728	0.002287863881094757	4.1194480273347103E-4
89	file:/C:/Users/apovzner/Documents/Hakluyt/CC_ML_FR_trimmed_morphad_lem_AMER/09_04_AMER_1565_A_letter_of_the_lord_admirall_of_France_unto_M_Laudonniere_pp.085-100.txt	0.0010459570692508211	9.21009448967696E-6	0.47941329377904224	0.0266335524334798	0.003455545963956139	0.19141486241324504	1.5912178348337363E-5	0.2879168775210248	5.7704277609157764E-5	0.01003708426955403
90	file:/C:/Users/apovzner/Documents/Hakluyt/CC_ML_FR_trimmed_morphad_lem_AMER/09_05_AMER_1568_The_voyage_of_captaine_Dominique_Gourgues_to_Florida_1567_pp.100-112.txt	1.1877564727655413E-4	1.1032927315474964E-5	0.5357346653451303	0.006952514302506117	0.04383624472108308	0.08639065086741357	1.906146645344984E-5	0.32675337389757203	6.912492606535214E-5	1.1455589918422465E-4
91	file:/C:/Users/apovzner/Documents/Hakluyt/CC_ML_FR_trimmed_morphad_lem_AMER/09_06_AMER_1586_The_relation_of_Pedro_Morales_a_Spaniard_whom_sir_Francis_Drake_brought_from_S_Augustines_in_Florida_pp.112-113.txt	0.10182610871373317	1.30250442889392E-4	0.17873275783148065	0.456994530869002	0.0020043318979512392	0.0022656287779229812	2.2503224907507218E-4	0.1485340792729283	0.014205913912566901	0.09508136603245028
92	file:/C:/Users/apovzner/Documents/Hakluyt/CC_ML_FR_trimmed_morphad_lem_AMER/09_07_AMER_1586_The_relation_of_Nicolas_Burgoignon_alias_Holy_whom_sir_Francis_Drake_brought_also_from_S_Augustines_pp.113-115.txt	0.07965712328513483	6.677183187953181E-5	0.16026788571478476	0.48481779434259725	0.1074225870641816	0.0011614561955030646	1.153609551675267E-4	0.1550830766883165	0.01071464584999967	6.932980724353074E-4
93	file:/C:/Users/apovzner/Documents/Hakluyt/CC_ML_FR_trimmed_morphad_lem_AMER/09_08_AMER_1539_A_Briefe_discourse_of_the_famous_cosmographer_pp.115-116.txt	0.03180135403969743	1.4697863080195616E-4	0.1941328137618774	0.3872558234706168	0.002261750144555953	0.0025566056306419627	0.015363456697918101	0.32626044705534224	0.03869467792505104	0.0015260926434970741
94	file:/C:/Users/apovzner/Documents/Hakluyt/CC_ML_FR_trimmed_morphad_lem_AMER/09_09_AMER_1539_An_extract_of_a_letter_of_C_Francis_Vasquez_de_Coronado_pp.116-118.txt	7.833620339796919E-4	7.276555910890516E-5	0.13351224730801087	0.22912277042674925	0.41627965851493326	0.005005892973051211	1.2571625138647135E-4	0.21388615522796675	4.5590021122064684E-4	7.555314935929702E-4
95	file:/C:/Users/apovzner/Documents/Hakluyt/CC_ML_FR_trimmed_morphad_lem_AMER/09_10_AMER_1539_A_letter_of_the_sayd_Francis_Vasquez_de_Coronado_governour_of_Nueva_Galicia_pp.118-120.txt	6.378385617744378E-4	5.924805843978408E-5	0.3005685534631764	0.24442124228557519	0.031365470544269	0.0010305846433952496	1.0236221503951433E-4	0.40864681593421964	3.7120861418359004E-4	0.01279667567992726
96	file:/C:/Users/apovzner/Documents/Hakluyt/CC_ML_FR_trimmed_morphad_lem_AMER/09_11_AMER_1539_A_letter_written_by_Don_Antonio_de_Mendoca_a_viceroy_of_Nueva_Espanna_to_the_emperour_Charles_the_fi_pp.121-124.txt	3.798651282129437E-4	3.52852158279442E-5	0.39845839330849436	0.3087959195316493	5.429792178910314E-4	0.006054788814989939	6.0961876986510445E-5	0.2778296657193752	2.2107350710862852E-4	0.007621067679464089
97	file:/C:/Users/apovzner/Documents/Hakluyt/CC_ML_FR_trimmed_morphad_lem_AMER/09_12_AMER_1539_The_voyage_of_frier_Marco_de_Nica_from_the_towne_of_S_Michael_in_the_province_of_Culiacan_to_the_kin_pp.125-144.txt	7.76191862005426E-5	7.209953044018877E-6	0.16035504920946334	0.16982858848603877	0.13018962963720584	1.2541283347400383E-4	1.2456556102454296E-5	0.5340956763510122	4.517273220892329E-5	0.005263185055249971
98	file:/C:/Users/apovzner/Documents/Hakluyt/CC_ML_FR_trimmed_morphad_lem_AMER/09_13_AMER_1540_The_voyage_of_Francis_Vasquez_de_Coronado_from_Nueva_Galicia_to_Cibola_Acuco_Tiguex_Quivira_andamp_t_pp.145-166.txt	6.84826409760075E-5	6.361270324217409E-6	0.2428409623494129	0.19005562833850675	0.13284847788242735	0.0017455099715991795	1.099029635737033E-5	0.4303558507787323	0.0016747149231608003	3.93021548503168E-4
