0	file:/C:/Users/apovzner/Documents/Hakluyt/Cambridge_MacLehose_FineReader_OCR/01_01_NNE-_0517_The_voyage_of_Arthur_K_of_Britaine_to_Island_and_the_most_Northeastern_parts_of_Europe_Anno_517_pp.003-004.txt	0.11549280655275754	0.05473013510106228	0.025830466861072102	0.7132024559789861	0.09074413550612201
1	file:/C:/Users/apovzner/Documents/Hakluyt/Cambridge_MacLehose_FineReader_OCR/01_02_NNE-_0517_Two_testimonies_of_Galfridus_Monumetensis_in_his_history_of_the_Kings_of_Brittaine_concerning_the_co_pp.004-004.txt	0.12402969743768617	0.0034022316356390804	0.0922414144481801	0.7532886795031575	0.02703797697533714
2	file:/C:/Users/apovzner/Documents/Hakluyt/Cambridge_MacLehose_FineReader_OCR/01_03_NNE-_0580_A_testimony_of_M_Lambard_in_his_touching_the_right_and_appendances_of_the_Crowne_of_the_kingdome_of__pp.005-007.txt	0.13840915749733737	0.0028022538097268396	0.025686628777796112	0.5566225307816093	0.2764794291335304
3	file:/C:/Users/apovzner/Documents/Hakluyt/Cambridge_MacLehose_FineReader_OCR/01_04_NNE-_0580_The_voyage_of_Malgo_king_of_Britaine_to_Island_Gotland_Orkney_Denmark_and_Norway_Anno_580_pp.007-008.txt	0.2261752579768926	0.018993980203200554	0.0925385259383715	0.662087832134516	2.0440374701933571E-4
4	file:/C:/Users/apovzner/Documents/Hakluyt/Cambridge_MacLehose_FineReader_OCR/01_05_NNE-_0624_The_conquest_of_the_Isles_of_Anglesey_and_Man_by_Edwin_the_Saxon_king_of_Northumberland_Anno_624_pp.008-010.txt	0.12127787738691603	0.014725845651263272	0.051677884085219554	0.7669490478573621	0.04536934501923912
5	file:/C:/Users/apovzner/Documents/Hakluyt/Cambridge_MacLehose_FineReader_OCR/01_06_NNE-_0624_The_voyage_of_Bertus_into_Ireland_Anno_684_pp.010-010.txt	0.12141244034204467	0.003519442105902622	0.0402975400202341	0.8343619579657577	4.086195660609206E-4
6	file:/C:/Users/apovzner/Documents/Hakluyt/Cambridge_MacLehose_FineReader_OCR/01_07_NNE-_0890_The_voyage_of_Octher_to_the_North_parts_beyond_Norway_about_the_yeere_890_pp.011-014.txt	0.4677565939444035	0.44461416895046946	0.0012189048336900112	0.08632514118840763	8.519108302944675E-5
7	file:/C:/Users/apovzner/Documents/Hakluyt/Cambridge_MacLehose_FineReader_OCR/01_08_NNE-_0890_The_second_voyage_of_Octher_into_the_Sound_of_Denmarke_pp.014-015.txt	0.28841906325658084	0.3503552617930049	0.03066800068974625	0.330373002237179	1.846720234889987E-4
8	file:/C:/Users/apovzner/Documents/Hakluyt/Cambridge_MacLehose_FineReader_OCR/01_09_NNE-_0890_Wolstans_Navigation_into_the_East_sea_or_the_Sound_of_Denmarke_pp.015-016.txt	0.33892120761362193	0.1045986935675623	0.18022862264514977	0.37604127648127916	2.1019969238687635E-4
9	file:/C:/Users/apovzner/Documents/Hakluyt/Cambridge_MacLehose_FineReader_OCR/01_10_NNE-_0973_The_voyage_of_King_Edgar_with_4000_shippes_round_about_his_large_Monarchie_Anno_973_pp.016-023.txt	0.15153387030201435	0.013843636122340137	0.332688203535977	0.4121457160571981	0.08978857398247042
10	file:/C:/Users/apovzner/Documents/Hakluyt/Cambridge_MacLehose_FineReader_OCR/01_11_NNE-_0973_The_voyage_of_Edmund_and_Edward_the_sonnes_of_King_Edmund_Ironside_into_Hungary_Anno_1017_pp.024-025.txt	0.12299562918213233	0.06056741274564301	0.16716215872906215	0.5901089311501405	0.059165868193022
11	file:/C:/Users/apovzner/Documents/Hakluyt/Cambridge_MacLehose_FineReader_OCR/01_12_NNE-_1249_A_Chronicle_of_the_Kings_of_Man_taken_out_of_M_Camdens_Chorographie_pp.025-041.txt	0.30187827111819293	0.14325015679277953	0.21065449600986877	0.34419515318230676	2.192289685204863E-5
12	file:/C:/Users/apovzner/Documents/Hakluyt/Cambridge_MacLehose_FineReader_OCR/01_13_NNE-_1067_The_mariage_of_the_daughter_of_Harald_unto_Jeruslaus_duke_of_Russia_in_his_owne_Countrey_Anno_1067_pp.042-042.txt	0.08007117396767861	0.01729986423069131	0.2745647161416418	0.5932045707819557	0.03485967487803264
13	file:/C:/Users/apovzner/Documents/Hakluyt/Cambridge_MacLehose_FineReader_OCR/01_14_NNE-_1278_The_ancient_state_of_the_shipping_of_the_Cinque_Ports_pp.042-050.txt	0.2844678232353159	0.031849589216358665	0.5481518138512113	0.1354873633246388	4.341037247546615E-5
14	file:/C:/Users/apovzner/Documents/Hakluyt/Cambridge_MacLehose_FineReader_OCR/01_15_NNE-_1243_The_voyage_of_a_certaine_Englishman_into_Tartaria_and_from_thence_into_Poland_and_Hungary_Anno_1243_pp.050-054.txt	0.6067278085711761	0.03861994171064434	0.29294428188674926	0.061630357876748226	7.76099546820155E-5
15	file:/C:/Users/apovzner/Documents/Hakluyt/Cambridge_MacLehose_FineReader_OCR/01_16_NNE-_1246_Libellus_historicus_Johannis_de_Plano_Carpini_pp.055-094.txt	1.724998948926628E-4	1.6077123229921565E-4	9.029566460758838E-5	9.983583931088596E-6	0.9995664496242694
16	file:/C:/Users/apovzner/Documents/Hakluyt/Cambridge_MacLehose_FineReader_OCR/01_17_NNE-_1246_The_long_and_wonderfull_voyage_of_Frier_John_de_Plano_Carpini_Anno_1246_pp.094-179.txt	0.20866710376704398	0.024873800261526753	0.04320593024608522	0.015753629676086338	0.7074995360492577
17	file:/C:/Users/apovzner/Documents/Hakluyt/Cambridge_MacLehose_FineReader_OCR/01_18_NNE-_1253_The_journall_of_Frier_William_de_Rubricis_Anno_1253_pp.179-293.txt	0.2549340523469008	0.01919698625362285	0.031053621932231282	0.0190413661376282	0.6757739733296168
18	file:/C:/Users/apovzner/Documents/Hakluyt/Cambridge_MacLehose_FineReader_OCR/01_19_NNE-_1278_Part_of_the_great_Charter_graunted_by_King_Edward_the_first_to_the_Barons_of_the_Cinque_Ports_pp.293-296.txt	0.09800352362079075	0.026521480486707414	0.8532626421006574	0.022103962753270024	1.0839103857453898E-4
19	file:/C:/Users/apovzner/Documents/Hakluyt/Cambridge_MacLehose_FineReader_OCR/01_20_NNE-_1345_The_rolle_of_the_huge_Fleete_of_Edward_the_thirde_before_Caleis_pp.297-299.txt	0.001758554892097863	0.20533538180369706	0.7896406646842011	2.656703133653221E-4	0.0029997283066387184
20	file:/C:/Users/apovzner/Documents/Hakluyt/Cambridge_MacLehose_FineReader_OCR/01_21_NNE-_1345_The_summe_of_expences_layde_out_in_the_siege_of_Caleis_pp.299-300.txt	0.0022327575598329132	0.06655362637814825	0.4704523221569876	0.3886401397022917	0.07212115420273944
21	file:/C:/Users/apovzner/Documents/Hakluyt/Cambridge_MacLehose_FineReader_OCR/01_22_NNE-_1360_A_note_of_Thomas_Walsingham_touching_King_Edward_the_thirde_his_huge_Fleete_of_1100_ships_wherewith__pp.300-301.txt	0.010837001477687201	0.004521513155426203	0.20305815965431692	0.5808871447313539	0.20069618098121575
22	file:/C:/Users/apovzner/Documents/Hakluyt/Cambridge_MacLehose_FineReader_OCR/01_23_NNE-_1360_The_voyage_of_Nicolaus_de_Linna_a_Franciscan_Frier_and_an_excellent_Mathematician_of_Oxford_to_all_t_pp.301-303.txt	0.072408666679257	0.06799522128404833	0.12726263411616973	0.6150873281080086	0.11724614981251637
23	file:/C:/Users/apovzner/Documents/Hakluyt/Cambridge_MacLehose_FineReader_OCR/01_24_NNE-_1360_A_Testimonie_of_the_learned_Mathematician_Master_John_Dee_touching_the_foresaid_voyage_of_Nicholas_D_pp.303-304.txt	0.001945908706385397	0.058003288552497874	0.1436656751292434	0.636391536384385	0.1599935912274884
24	file:/C:/Users/apovzner/Documents/Hakluyt/Cambridge_MacLehose_FineReader_OCR/01_25_NNE-_1390_The_voyage_of_Henry_Earle_of_Derby_afterward_King_of_England_into_Prussia_and_Letto_Anno_1390_pp.304-305.txt	0.12142036067630155	0.026341311814219278	0.25548922519453904	0.4211846184620781	0.17556448385286205
25	file:/C:/Users/apovzner/Documents/Hakluyt/Cambridge_MacLehose_FineReader_OCR/01_26_NNE-_1402_The_voyage_of_Thomas_of_Woodstock_duke_of_Glocester_into_Prussia_Anno_1391_pp.306-307.txt	0.028628519869232982	0.0581495997514897	0.2817638645232736	0.5781284865185614	0.05332952933744233
26	file:/C:/Users/apovzner/Documents/Hakluyt/Cambridge_MacLehose_FineReader_OCR/01_27_NNE-_1402_Certaine_verses_of_Geffrey_Chaucer_concerning_the_long_Voyages_and_valiant_exploits_of_the_English_k_pp.307-308.txt	0.1355663526703365	0.08703398272175941	0.26227231140261364	0.5149078159190298	2.1953728626071718E-4
27	file:/C:/Users/apovzner/Documents/Hakluyt/Cambridge_MacLehose_FineReader_OCR/01_28_NNE-_0604_A_testimonie_out_of_Cornelius_Tacitus_proving_London_to_have_bene_a_famous_Mart-towne_in_the_raigne__pp.308-309.txt	0.1577775980052127	0.005592749827213314	0.21414794651038185	0.6222621683709315	2.1953728626071718E-4
28	file:/C:/Users/apovzner/Documents/Hakluyt/Cambridge_MacLehose_FineReader_OCR/01_29_NNE-_0604_A_testimony_out_of_venerable_Beda_prooving_London_to_have_bene_a_Citie_of_great_traffique_in_his_tim_pp.309-309.txt	0.1531294662913611	0.011790745493909119	0.13149199033585385	0.7031249650419541	4.6283283692189706E-4
29	file:/C:/Users/apovzner/Documents/Hakluyt/Cambridge_MacLehose_FineReader_OCR/01_30_NNE-_0795_The_league_betweene_Carolus_Magnus_and_Offa_King_of_Mercia_concerning_the_safe_trade_of_English_Merc_pp.310-312.txt	0.15334795645241237	0.0010358022516641372	0.28561949035641854	0.44023341680226613	0.11976333413723884
30	file:/C:/Users/apovzner/Documents/Hakluyt/Cambridge_MacLehose_FineReader_OCR/01_31_NNE-_0795_An_ancient_testimony_translated_out_of_the_olde_Saxon_Lawes_conteyning_the_advancement_of_Merchants__pp.312-312.txt	0.38200023920341925	0.003779884098181187	0.3096829469344573	0.30409807196958655	4.388577943558041E-4
31	file:/C:/Users/apovzner/Documents/Hakluyt/Cambridge_MacLehose_FineReader_OCR/01_32_NNE-_1027_A_testimony_of_certaine_Privileges_obteined_for_the_English_and_Danish_Merchants_by_Canutus_the_King_pp.313-314.txt	0.039672046813195104	0.004748915253120544	0.19755396156517263	0.45607849117782007	0.3019465851906917
32	file:/C:/Users/apovzner/Documents/Hakluyt/Cambridge_MacLehose_FineReader_OCR/01_33_NNE-_1140_The_flourishing_state_of_Merchandise_in_the_City_of_London_in_the_dayes_of_Wilhelmus_Malmesburiensis_pp.314-315.txt	0.1612439063468237	0.005225230080896422	0.27962355990744114	0.45340248189651794	0.10050482176832083
33	file:/C:/Users/apovzner/Documents/Hakluyt/Cambridge_MacLehose_FineReader_OCR/01_34_NNE-_1140_A_testimony_of_the_said_Wil_of_Malmesbury_concerning_traffique_to_Bristow_in_his_time_pp.315-315.txt	0.254316689402822	0.003752118075120039	0.2927166304277207	0.39735879017134046	0.051855771922996806
34	file:/C:/Users/apovzner/Documents/Hakluyt/Cambridge_MacLehose_FineReader_OCR/01_35_NNE-_1157_The_league_betweene_Henry_the_second_and_Frederick_Barbarossa_Emperour_of_Germany_partly_touching_tr_pp.316-318.txt	0.02175840408847577	0.001046412078580287	0.3356633834717014	0.2951934997916178	0.3463383005696248
35	file:/C:/Users/apovzner/Documents/Hakluyt/Cambridge_MacLehose_FineReader_OCR/01_36_NNE-_1199_A_generall_safe_conduct_granted_by_King_John_to_all_forreine_Merchants_pp.319-320.txt	0.0018641314993578194	0.001533285670643304	0.22468030081720214	0.003283420260881484	0.7686388617519153
36	file:/C:/Users/apovzner/Documents/Hakluyt/Cambridge_MacLehose_FineReader_OCR/01_37_NNE-_1229_The_letters_of_King_Henry_the_third_unto_Haquinus_king_of_Norwey_pp.320-322.txt	0.007702078302792391	0.005340587448208614	0.30597381439275917	0.03635950092974169	0.6446240189264981
37	file:/C:/Users/apovzner/Documents/Hakluyt/Cambridge_MacLehose_FineReader_OCR/01_38_NNE-_1229_A_mandate_for_the_king_of_Norway_his_ship_called_The_Cog_pp.322-323.txt	0.0018867865237412519	0.00155191988409185	0.33678899980993826	2.8504266160143835E-4	0.6594872511206272
38	file:/C:/Users/apovzner/Documents/Hakluyt/Cambridge_MacLehose_FineReader_OCR/01_39_NNE-_1236_A_Charter_granted_for_the_behalfe_of_the_Merchants_of_Colen_in_the_20_yeere_of_Henry_the_thirde_pp.323-324.txt	0.007024308955839573	0.004048923469064419	0.22739457906744767	2.5143035047916487E-4	0.7612807581571692
39	file:/C:/Users/apovzner/Documents/Hakluyt/Cambridge_MacLehose_FineReader_OCR/01_40_NNE-_1257_The_Charter_of_Lubeck_granted_for_seven_yeeres_in_the_time_of_Henry_the_third_pp.324-325.txt	0.0017941188769564282	0.0014756988798352551	0.4040306605208953	2.710430742864346E-4	0.5924284786480266
40	file:/C:/Users/apovzner/Documents/Hakluyt/Cambridge_MacLehose_FineReader_OCR/01_41_NNE-_1260_A_Charter_of_the_Merchants_of_Almaine_or_the_Stilyard-merchants_pp.326-327.txt	0.0022653366950132203	0.0018632850176303532	0.2985718264581901	3.4223140394791475E-4	0.6969573204252185
41	file:/C:/Users/apovzner/Documents/Hakluyt/Cambridge_MacLehose_FineReader_OCR/01_42_NNE-_1303_A_mandate_of_King_Edward_the_first_concerning_outlandish_Merchants_pp.327-327.txt	0.004431522922665856	0.003645016780624999	0.2914973174093987	6.694838408744584E-4	0.699756659046436
42	file:/C:/Users/apovzner/Documents/Hakluyt/Cambridge_MacLehose_FineReader_OCR/01_43_NNE-_1303_King_Edw_the_first_his_great_Charter_granted_to_forreine_Merchants_Anno_Dom_1303_pp.327-339.txt	0.022767714020302213	2.1688313486997886E-4	0.31456753548221883	0.01702401081524297	0.645423856547366
43	file:/C:/Users/apovzner/Documents/Hakluyt/Cambridge_MacLehose_FineReader_OCR/01_44_NNE-_1313_The_letters_of_Edward_the_second_unto_Haquinus_King_of_Norway_concerning_certain_English_Merchants_a_pp.339-343.txt	0.005250345397182172	0.0039889277948743	0.3259148090183268	1.0659414427426195E-4	0.6647393236453425
44	file:/C:/Users/apovzner/Documents/Hakluyt/Cambridge_MacLehose_FineReader_OCR/01_45_NNE-_1313_Another_letter_of_Edw_the_second_unto_the_said_Haquinus_for_the_merchants_aforesaid_pp.343-344.txt	0.0045516774616324645	0.0014342621953113619	0.3674143102424965	2.6343235741522103E-4	0.6263363177431445
45	file:/C:/Users/apovzner/Documents/Hakluyt/Cambridge_MacLehose_FineReader_OCR/01_46_NNE-_1313_A_third_letter_of_King_Edward_the_second_to_the_said_Haquinus_in_the_behalfe_of_our_English_merchant_pp.344-349.txt	0.018146767167918115	4.977800205816529E-4	0.4189011932644372	0.01958207030700917	0.5428721892400539
46	file:/C:/Users/apovzner/Documents/Hakluyt/Cambridge_MacLehose_FineReader_OCR/01_47_NNE-_1320_An_Ordinance_for_the_Staple_to_be_holden_at_one_certaine_place_pp.350-355.txt	0.0017205678829200022	0.00160358253530314	0.34798523032633893	9.957938744806676E-5	0.6485910398679899
47	file:/C:/Users/apovzner/Documents/Hakluyt/Cambridge_MacLehose_FineReader_OCR/02_01_NNE-_1262_A_Catalogue_of_the_great_Masters_of_Prussia_pp.001-011.txt	0.337362092470971	0.06676494456901622	0.5590518503051768	0.03678653554260955	3.457711222646542E-5
48	file:/C:/Users/apovzner/Documents/Hakluyt/Cambridge_MacLehose_FineReader_OCR/02_02_NNE-_1388_The_Oration_or_speach_of_the_Ambassadours_sent_from_Conradus_de_Zolner_Master_generall_of_the_land_o_pp.012-018.txt	0.08648515732956369	5.041672742675097E-4	0.9128595389058255	9.260090241942407E-5	5.85355879239478E-5
49	file:/C:/Users/apovzner/Documents/Hakluyt/Cambridge_MacLehose_FineReader_OCR/02_03_NNE-_1390_An_agreement_made_by_the_Ambassadours_of_England_and_Prussia_confirmed_by_king_Richard_the_second_pp.018-024.txt	0.0015147686042584088	0.0014117760205380032	0.9941269803579494	8.766857224001122E-5	0.0028588064450141655
50	file:/C:/Users/apovzner/Documents/Hakluyt/Cambridge_MacLehose_FineReader_OCR/02_04_NNE-_1398_The_letters_of_Conradus_de_Jungingen_Master_generall_of_Prussia_unto_Rich_the_second_pp.025-027.txt	0.005941523179475645	0.001157900720747985	0.9925534669952552	2.1267277176834957E-4	1.3443633275289342E-4
51	file:/C:/Users/apovzner/Documents/Hakluyt/Cambridge_MacLehose_FineReader_OCR/02_05_NNE-_1407_A_briefe_relation_of_William_Esturmy_and_John_Kington_concerning_their_Ambassages_into_Prussia_and_t_pp.027-033.txt	6.117467008551897E-4	0.009369003515848328	0.9898684110597001	9.241846157131833E-5	5.8420262025104576E-5
52	file:/C:/Users/apovzner/Documents/Hakluyt/Cambridge_MacLehose_FineReader_OCR/02_06_NNE-_1407_Certaine_Articles_of_complaint_exhibited_by_the_Livonians_pp.033-034.txt	0.0020622237768263066	0.005017007566676356	0.9924122849951523	3.115465087161886E-4	1.9693715262898026E-4
53	file:/C:/Users/apovzner/Documents/Hakluyt/Cambridge_MacLehose_FineReader_OCR/02_07_NNE-_1407_Other_complaints_exhibited_by_the_Cities_of_the_Hans_pp.034-036.txt	0.0014851826659304428	0.0036131736800827205	0.9945354413396577	2.2437112770007725E-4	1.418311866292164E-4
54	file:/C:/Users/apovzner/Documents/Hakluyt/Cambridge_MacLehose_FineReader_OCR/02_08_NNE-_1403_Compositions_and_Ordinances_concluded_betweene_the_Ambassadours_of_Prussia_and_the_Chanceller_and_Tr_pp.036-038.txt	0.0014109460457482532	0.0034325697663058633	0.9948085864382621	2.1315597244071723E-4	1.3474177724320926E-4
55	file:/C:/Users/apovzner/Documents/Hakluyt/Cambridge_MacLehose_FineReader_OCR/02_09_NNE-_1403_The_letters_of_the_Chanceller_and_Treasurer_of_England_unto_Conradus_de_Jungingen_master_generall_of_pp.038-041.txt	0.01234903846799245	0.013790840421990185	0.9736120038910785	1.5202072198012445E-4	9.609649695879219E-5
56	file:/C:/Users/apovzner/Documents/Hakluyt/Cambridge_MacLehose_FineReader_OCR/02_10_NNE-_1404_The_letters_of_king_Henry_the_fourth_unto_Conradus_de_Jungingen_the_master_generall_of_Prussia_for_e_pp.041-043.txt	0.03589934321299128	0.0011738668675990208	0.9625748945712695	2.156052897678865E-4	1.362900583723583E-4
57	file:/C:/Users/apovzner/Documents/Hakluyt/Cambridge_MacLehose_FineReader_OCR/02_11_NNE-_1404_The_letters_of_Conradus_de_Jungingen_unto_king_Henry_the_fourth_pp.044-046.txt	0.08220910914426274	0.0012128904519951712	0.9162144067802729	2.227727901495291E-4	1.4082083331971523E-4
58	file:/C:/Users/apovzner/Documents/Hakluyt/Cambridge_MacLehose_FineReader_OCR/02_12_NNE-_1405_An_agreement_made_betweene_king_Henry_the_fourth_and_Conradus_de_Jungingen_pp.047-055.txt	0.001973449700603781	0.005655146180334655	0.9922561134204138	7.063828669769917E-5	4.4652411950176315E-5
59	file:/C:/Users/apovzner/Documents/Hakluyt/Cambridge_MacLehose_FineReader_OCR/02_13_NNE-_1405_An_agreement_betweene_king_Henry_the_fourth_and_the_Hans-townes_pp.055-067.txt	0.020791346800817866	0.019808082772169753	0.9565334973312692	0.002839439976432437	2.7633119310683886E-5
60	file:/C:/Users/apovzner/Documents/Hakluyt/Cambridge_MacLehose_FineReader_OCR/02_14_NNE-_1405_A_testimonie_out_of_Albertus_Krantzius_concerning_the_surprise_of_Bergen_in_Norway_wherein_21_houses_pp.068-071.txt	0.178189485177764	0.026417825651484695	0.769584038996991	0.02570764355801694	1.0100661574347338E-4
61	file:/C:/Users/apovzner/Documents/Hakluyt/Cambridge_MacLehose_FineReader_OCR/02_15_NNE-_1407_The_grievances_and_offences_whereat_the_merchants_of_the_Hans_found_themselves_agrieved_pp.072-083.txt	0.04360243285367156	2.832783822311726E-4	0.9560293691299485	5.203002092635349E-5	3.2889613222392945E-5
62	file:/C:/Users/apovzner/Documents/Hakluyt/Cambridge_MacLehose_FineReader_OCR/02_16_NNE-_1407_A_letter_of_Henry_the_fourth_king_of_England_unto_Conradus_de_Jungingen_Master_generall_of_Prussia_pp.083-085.txt	0.010668778153446683	0.0011792872151062382	0.9854896570555258	0.0025253581962021146	1.369193797192229E-4
63	file:/C:/Users/apovzner/Documents/Hakluyt/Cambridge_MacLehose_FineReader_OCR/02_17_NNE-_1408_A_letter_of_Werneherus_de_Tettingen_commander_in_Elbing_unto_sir_William_Sturmy_Ambassadour_unto_kin_pp.085-090.txt	0.009125493256055066	0.006598692485383959	0.984092464598261	1.1233782102192866E-4	7.101183927808545E-5
64	file:/C:/Users/apovzner/Documents/Hakluyt/Cambridge_MacLehose_FineReader_OCR/02_18_NNE-_1408_The_letters_of_Ulricus_de_Jungingen_master_generall_of_Prussia_signifying_unto_king_Henry_the_4_that_pp.091-095.txt	8.564003530830593E-4	7.044065239863589E-4	0.9982280300125027	1.2937904366370354E-4	8.178406676417465E-5
65	file:/C:/Users/apovzner/Documents/Hakluyt/Cambridge_MacLehose_FineReader_OCR/02_19_NNE-_1408_The_letters_of_king_Henry_the_fourth_unto_Ulricus_de_Jungingen_wherein_he_doth_absolutely_approve_th_pp.095-098.txt	0.0011126452758425788	9.151731294418334E-4	0.9976978360314472	1.6809075475881892E-4	1.0625480850955175E-4
66	file:/C:/Users/apovzner/Documents/Hakluyt/Cambridge_MacLehose_FineReader_OCR/02_20_NNE-_1409_A_new_concord_betweene_king_Henry_the_fourth_and_Ulricus_de_Jungingen_pp.098-106.txt	0.0032356952202757094	0.0024583058110475516	0.9388818211666329	6.56920901475773E-5	0.05535848571189632
67	file:/C:/Users/apovzner/Documents/Hakluyt/Cambridge_MacLehose_FineReader_OCR/02_21_NNE-_1404_A_Charter_of_king_Henry_the_fourth_graunted_in_the_fifth_yeere_of_his_raigne_unto_the_English_mercha_pp.106-110.txt	7.296206496436159E-4	6.001276666852125E-4	0.5238291694654128	1.1022604270111249E-4	0.47473085617555727
68	file:/C:/Users/apovzner/Documents/Hakluyt/Cambridge_MacLehose_FineReader_OCR/02_22_NNE-_1430_A_note_touching_the_mighty_ships_of_king_Henry_the_fift_taken_out_of_a_Chronicle_in_the_Trinitie_Chu_pp.111-111.txt	0.009472167311819669	0.0029847394938512443	0.34971845435381405	0.3453084257807444	0.29251621305977066
69	file:/C:/Users/apovzner/Documents/Hakluyt/Cambridge_MacLehose_FineReader_OCR/02_23_NNE-_1430_A_branch_of_a_Statute_made_in_the_eight_yeere_of_Henry_the_6_for_the_trade_to_Norway_Sweveland_Denma_pp.111-113.txt	0.016006026815486695	0.009473791147560263	0.7137673924173367	0.14721465014674512	0.11353813947287134
70	file:/C:/Users/apovzner/Documents/Hakluyt/Cambridge_MacLehose_FineReader_OCR/02_24_NNE-_1432_Another_branch_of_a_Statute_made_in_the_10_yeere_of_king_Henry_the_sixt_concerning_the_state_of_Engl_pp.113-114.txt	0.06691045302580235	0.044906491085550386	0.615375875145184	0.24477138073822513	0.028035800005238188
71	file:/C:/Users/apovzner/Documents/Hakluyt/Cambridge_MacLehose_FineReader_OCR/02_25_NNE-_1437_Libellus_de_politia_conservativa_Maris_Or_The_pollicy_of_keeping_the_Sea_pp.114-147.txt	0.3059572164358238	0.05866980690833504	0.3356011207897181	0.29430196197748537	0.005469893888637635
72	file:/C:/Users/apovzner/Documents/Hakluyt/Cambridge_MacLehose_FineReader_OCR/02_26_NNE-_1462_A_large_Charter_granted_by_king_Edward_the_fourth_in_the_second_yere_of_his_raigne_to_the_English_me_pp.147-158.txt	0.022630769326285848	0.00245267071783311	0.9699396935377207	0.004944620600572037	3.224581758831141E-5
73	file:/C:/Users/apovzner/Documents/Hakluyt/Cambridge_MacLehose_FineReader_OCR/02_27_NNE-_1527_A_perswasion_of_Robert_Thome_merchant_of_Bristol_and_dwelling_long_in_Sivil_in_Spaine_to_king_Henry__pp.159-163.txt	0.41437511883998845	0.1462466316864802	0.439169958809116	1.276191040733166E-4	8.067156034207393E-5
74	file:/C:/Users/apovzner/Documents/Hakluyt/Cambridge_MacLehose_FineReader_OCR/02_28_NNE-_1527_The_discourse_of_the_foresaid_Robert_Thorne_written_to_Doctour_Leigh_the_Kings_Ambassadour_in_Spaine_pp.164-181.txt	0.3597789899800131	0.3431720623217029	0.25858961426195054	0.03768403188933246	7.753015470010026E-4
75	file:/C:/Users/apovzner/Documents/Hakluyt/Cambridge_MacLehose_FineReader_OCR/02_29_NNE-_1580_A_briefe_treatise_of_the_Emperour_of_Moscovia_his_genealogie_pp.182-194.txt	0.47746802037283853	2.504930347614947E-4	0.4172598544882318	0.10499254898471765	2.9083119450624975E-5
76	file:/C:/Users/apovzner/Documents/Hakluyt/Cambridge_MacLehose_FineReader_OCR/02_30_NNE-_1553_The_excellent_orders_and_instructions_of_Sebastian_Cabot_given_to_sir_Hugh_Willoughby_and_his_Fleete_pp.195-205.txt	0.21443210439457833	0.1141851601835654	0.6712874593058313	5.837540823451821E-5	3.6900707790415926E-5
77	file:/C:/Users/apovzner/Documents/Hakluyt/Cambridge_MacLehose_FineReader_OCR/02_31_NNE-_1553_The_names_of_the_twelve_Counsellers_appointed_in_sir_Hugh_Willoughbies_voyage_pp.206-206.txt	0.004664527204700854	0.026370450968922418	0.3594027328714217	0.22604251929182456	0.38351976966313045
78	file:/C:/Users/apovzner/Documents/Hakluyt/Cambridge_MacLehose_FineReader_OCR/02_32_NNE-_1553_The_letters_of_king_Edward_the_sixt_written_at_that_time_to_all_the_Kings_Princes_and_other_Potentat_pp.206-211.txt	0.004873791344984416	0.012140473372624895	0.37320540264913066	0.269048435197712	0.3407318974355481
79	file:/C:/Users/apovzner/Documents/Hakluyt/Cambridge_MacLehose_FineReader_OCR/02_33_NNE-_1553_The_voyage_of_sir_Hugh_Willoughby_knight_wherein_he_unfortunately_perished_at_Arzina_Reca_in_Lapland_pp.212-212.txt	0.004495685852078091	0.1991609685515262	0.7952348418403967	6.79177132588003E-4	4.293266234109672E-4
80	file:/C:/Users/apovzner/Documents/Hakluyt/Cambridge_MacLehose_FineReader_OCR/02_34_NNE-_1553_The_names_of_the_Ships_Captains_Mariners_and_other_officers_of_that_first_worthy_enterprise_pp.212-214.txt	0.006037324743912705	0.19466546893437653	0.7989445004040091	2.1610192345776063E-4	1.3660399424404073E-4
81	file:/C:/Users/apovzner/Documents/Hakluyt/Cambridge_MacLehose_FineReader_OCR/02_35_NNE-_1553_The_othe_ministred_to_the_Captaine_of_the_Fleete_pp.215-215.txt	0.10249859853523571	0.028512066765561162	0.8677457940514984	7.619138562174421E-4	4.8162679148723987E-4
82	file:/C:/Users/apovzner/Documents/Hakluyt/Cambridge_MacLehose_FineReader_OCR/02_36_NNE-_1553_The_othe_ministred_to_the_Masters_of_the_ships_pp.216-224.txt	0.0490392085041152	0.8142019025530491	0.13664445982267934	7.011039997993848E-5	4.431872017640281E-5
83	file:/C:/Users/apovzner/Documents/Hakluyt/Cambridge_MacLehose_FineReader_OCR/02_37_NNE-_1553_The_voyage_of_Richard_Chanceller_Pilote_major_the_first_discoverer_by_sea_of_the_kingdome_of_Moscovi_pp.224-238.txt	0.7138804972259513	0.027606420582202237	0.25844436035085716	4.210567862915224E-5	2.661616236017627E-5
84	file:/C:/Users/apovzner/Documents/Hakluyt/Cambridge_MacLehose_FineReader_OCR/02_38_NNE-_1553_A_testimonie_of_Richard_Eden_concerning_Clement_Adams_his_discourse_of_Richard_Chancellers_voyage_pp.239-270.txt	0.5970951363430224	0.09666054674891754	0.30621175266169326	1.9952022131212845E-5	1.2612224235486296E-5
85	file:/C:/Users/apovzner/Documents/Hakluyt/Cambridge_MacLehose_FineReader_OCR/02_39_NNE-_1554_The_letters_of_the_Emperour_of_Russia_sent_to_king_Edward_the_sixt_by_Richard_Chanceller_pp.271-272.txt	0.11051139311833867	0.0017851416849425491	0.8871683252485342	3.2787874066673463E-4	2.0726120751783373E-4
86	file:/C:/Users/apovzner/Documents/Hakluyt/Cambridge_MacLehose_FineReader_OCR/02_40_NNE-_1554_The_coynes_waights_and_measures_used_in_Russia_pp.273-278.txt	0.3684711867211846	0.006068258814715528	0.6230896237743722	0.0023056271132081228	6.530357651957325E-5
87	file:/C:/Users/apovzner/Documents/Hakluyt/Cambridge_MacLehose_FineReader_OCR/02_41_NNE-_1555_The_letters_of_King_Philip_and_Queene_Mary_to_Ivan_Vasilivich_the_Emperor_of_Russia_pp.278-281.txt	0.059630370921442445	0.0024600333349569874	0.9376602664889472	1.5276333285242034E-4	9.656592180102179E-5
88	file:/C:/Users/apovzner/Documents/Hakluyt/Cambridge_MacLehose_FineReader_OCR/02_42_NNE-_1555_The_Commission_given_to_the_merchants_Agents_resiant_in_Russia_pp.281-289.txt	0.08042621289287105	0.03326334097567166	0.8839540881263899	7.011039997993848E-5	0.0022862476050875343
89	file:/C:/Users/apovzner/Documents/Hakluyt/Cambridge_MacLehose_FineReader_OCR/02_43_NNE-_1555_The_othe_ministred_to_the_servants_of_the_Moscovie_company_pp.290-290.txt	0.023584302308807426	0.004596175057608127	0.9704417065739843	8.441840233095604E-4	5.336320362906471E-4
90	file:/C:/Users/apovzner/Documents/Hakluyt/Cambridge_MacLehose_FineReader_OCR/02_44_NNE-_1555_The_letter_of_George_Killingworth_the_first_Agent_in_Russia_written_to_the_Company_pp.291-297.txt	0.25803834310097123	0.07405656757203818	0.6677529013305592	9.324515724122726E-5	5.8942839190207355E-5
91	file:/C:/Users/apovzner/Documents/Hakluyt/Cambridge_MacLehose_FineReader_OCR/02_45_NNE-_1555_The_first_Privileges_graunted_by_the_Emperour_of_Russia_to_the_English_merchants_pp.297-303.txt	0.027726359229716478	0.017196348048064247	0.9549178133977495	9.771253341658323E-5	6.176679105319748E-5
92	file:/C:/Users/apovzner/Documents/Hakluyt/Cambridge_MacLehose_FineReader_OCR/02_46_NNE-_1555_The_Charter_of_the_merchants_of_the_Moscovie_company_granted_by_Queene_Mary_pp.304-316.txt	0.004878475441187837	0.011921499987820655	0.9821082518778684	0.001061701522373062	3.0071170750054487E-5
93	file:/C:/Users/apovzner/Documents/Hakluyt/Cambridge_MacLehose_FineReader_OCR/02_47_NNE-_1556_Instructions_given_to_the_Pursers_of_the_Moscovie_voyage_pp.317-322.txt	0.051887881378524514	0.2636852915848828	0.6842359343185853	1.1695943125725635E-4	7.393328675010809E-5
94	file:/C:/Users/apovzner/Documents/Hakluyt/Cambridge_MacLehose_FineReader_OCR/02_48_NNE-_1556_The_voyage_of_Stephen_Burrough_toward_the_River_of_Ob_intending_the_discovery_of_the_Northeast_passa_pp.322-344.txt	0.04692134888881575	0.9321440802955384	0.020890660413454564	2.6903779883143606E-5	1.7006622308099155E-5
95	file:/C:/Users/apovzner/Documents/Hakluyt/Cambridge_MacLehose_FineReader_OCR/02_49_NNE-_1556_The_landing_of_Richard_Johnson_among_the_Samoeds_Anno_1556_pp.345-349.txt	0.7454942091202563	0.16384575900048684	0.09046172233239601	1.2150370142902502E-4	7.6805845431933E-5
96	file:/C:/Users/apovzner/Documents/Hakluyt/Cambridge_MacLehose_FineReader_OCR/02_50_NNE-_1557_A_discourse_of_the_honourable_receiving_into_England_of_the_first_Ambassadour_from_the_Emperour_of_R_pp.350-362.txt	0.19960352874727147	0.05487375326677078	0.7454473678987119	4.6166786462327965E-5	2.9183300783523066E-5
97	file:/C:/Users/apovzner/Documents/Hakluyt/Cambridge_MacLehose_FineReader_OCR/02_51_NNE-_1557_The_voyage_of_the_aforesaide_Stephen_Burrough_from_Colmogro_in_Russia_to_Wardhouse_in_search_of_cert_pp.363-375.txt	0.09201266742368104	0.84036816297059	0.06754073161123701	4.80587385443897E-5	3.0379255947607843E-5
98	file:/C:/Users/apovzner/Documents/Hakluyt/Cambridge_MacLehose_FineReader_OCR/02_52_NNE-_1557_Instructions_given_to_the_Masters_and_Mariners_of_the_ships_of_the_Moscovie_Company_sayling_towards__pp.375-378.txt	0.028110103183880134	0.32013090774046865	0.6514646003259603	1.8037115868958136E-4	1.1401759100139877E-4
99	file:/C:/Users/apovzner/Documents/Hakluyt/Cambridge_MacLehose_FineReader_OCR/02_53_NNE-_1557_A_letter_of_the_Company_of_the_Moscovie_merchants_unto_their_Agents_George_Killingworth_Richard_Gray_pp.379-392.txt	0.20976221430141873	0.01782637209903513	0.7723366521465052	4.580613194112302E-5	2.8955321099906795E-5
100	file:/C:/Users/apovzner/Documents/Hakluyt/Cambridge_MacLehose_FineReader_OCR/02_54_NNE-_1557_A_letter_of_M_Thomas_Hawtree_to_the_Moscovie_Companies_Agent_M_Henry_Lane_at_Colmogro_pp.392-394.txt	0.26722054490467445	0.05165691401609298	0.6807861091236278	2.0613091266685437E-4	1.30301042938036E-4
101	file:/C:/Users/apovzner/Documents/Hakluyt/Cambridge_MacLehose_FineReader_OCR/02_55_NNE-_1558_A_letter_of_M_Richard_Gray_one_of_the_first_Agents_of_the_Moscovie_Company_to_M_Henry_Lane_at_Mosco_pp.394-396.txt	0.27065708917246434	0.15622832409808032	0.5727846785176094	2.0213383322001256E-4	1.2777437862606343E-4
102	file:/C:/Users/apovzner/Documents/Hakluyt/Cambridge_MacLehose_FineReader_OCR/02_56_NNE-_1558_A_letter_of_Thomas_Alcock_to_M_Richard_Gray_and_Henry_Lane_Agents_in_Moscovia_from_Tirwill_in_Poland_pp.396-399.txt	0.29421177401882026	0.1609520001391334	0.5445608936610135	1.6869525268738082E-4	1.0663692834556489E-4
103	file:/C:/Users/apovzner/Documents/Hakluyt/Cambridge_MacLehose_FineReader_OCR/02_57_NNE-_1559_A_letter_of_M_Anthony_Jenkinson_upon_his_returne_from_Boghar_to_M_Henry_Lane_resident_in_Vologda_pp.400-401.txt	0.05890683709220516	0.08193931485737302	0.8586419646777661	3.1362950227135233E-4	1.9825387038450537E-4
104	file:/C:/Users/apovzner/Documents/Hakluyt/Cambridge_MacLehose_FineReader_OCR/02_58_NNE-_1560_A_letter_of_the_Moscovie_Company_to_their_Agents_in_Russia_M_Henry_Lane_Christopher_Hudson_and_Thoma_pp.401-407.txt	0.19480289518023206	0.0572145714334508	0.7478353201284184	9.019714893840914E-5	5.701610896036125E-5
105	file:/C:/Users/apovzner/Documents/Hakluyt/Cambridge_MacLehose_FineReader_OCR/02_59_NNE-_1560_Another_letter_to_the_aforesaid_parties_pp.407-410.txt	0.1367744914310707	0.057565476748634915	0.8053969968829436	1.6116076608093402E-4	1.01874171269874E-4
106	file:/C:/Users/apovzner/Documents/Hakluyt/Cambridge_MacLehose_FineReader_OCR/02_60_NNE-_1560_The_maner_of_Justice_by_lotts_in_Russia_written_by_M_Henry_Lane_pp.411-412.txt	0.2186262392437104	0.028011384405825294	0.7527913120534048	3.4988948815131325E-4	2.211748089082356E-4
107	file:/C:/Users/apovzner/Documents/Hakluyt/Cambridge_MacLehose_FineReader_OCR/02_61_NNE-_1557_The_voyage_of_M_Anthony_Jenkinson_into_Russia_wherein_Osep_Napea_first_Ambassadour_from_the_Emperour_pp.413-425.txt	0.4570300849050914	0.4254953067277643	0.11693276197132417	4.408420487825068E-5	4.977621909419203E-4
108	file:/C:/Users/apovzner/Documents/Hakluyt/Cambridge_MacLehose_FineReader_OCR/02_62_NNE-_1558_The_description_of_Russia_with_the_customes_and_maners_of_the_inhabitants_pp.425-449.txt	0.7368690765223479	0.07683135263369642	0.18599355157699177	2.902808749218133E-4	1.5738392042135098E-5
109	file:/C:/Users/apovzner/Documents/Hakluyt/Cambridge_MacLehose_FineReader_OCR/02_63_NNE-_1558_The_voyage_of_M_Anthony_Jenkinson_from_the_Citie_of_Mosco_in_Russia_to_Boghar_in_Bactria_Anno_1558_pp.449-479.txt	0.557805329554158	0.22466518000481542	0.21749782848759106	1.939918979077698E-5	1.226276364465735E-5
110	file:/C:/Users/apovzner/Documents/Hakluyt/Cambridge_MacLehose_FineReader_OCR/02_64_NNE-_1559_Notes_and_observations_gathered_by_Richard_Johnson_of_the_severall_wayes_from_Russia_to_Cathay_over-_pp.480-484.txt	0.7813206906199598	0.03609127081055758	0.18236257266879632	1.3814232301500914E-4	8.732357767139087E-5
111	file:/C:/Users/apovzner/Documents/Hakluyt/Cambridge_MacLehose_FineReader_OCR/02_65_NNE-_1559_A_letter_of_Sigismund_king_of_Polonia_1559_unto_the_Queenes_most_excellent_Majestie_pp.485-487.txt	0.15939783274494865	0.003785172049263701	0.8264116493578174	0.007751335263710066	0.0026540105842602774
112	file:/C:/Users/apovzner/Documents/Hakluyt/Cambridge_MacLehose_FineReader_OCR/03_01_NNE-_1561_The_letters_of_the_Queenes_Majestie_written_to_the_Emperour_of_Russia_requesting_licence_and_safe-co_pp.001-005.txt	0.0019248784839746098	6.065413165595598E-4	0.31805947756889413	0.30410123431582686	0.3753078683147449
113	file:/C:/Users/apovzner/Documents/Hakluyt/Cambridge_MacLehose_FineReader_OCR/03_02_NNE-_1561_The_Queenes_Majesties_letters_to_the_great_Sophie_of_Persia_pp.006-008.txt	0.019591126173627234	9.42182660902592E-4	0.3409649884022955	0.38753156228850044	0.25097014047467425
114	file:/C:/Users/apovzner/Documents/Hakluyt/Cambridge_MacLehose_FineReader_OCR/03_03_NNE-_1561_Instructions_given_by_the_Governours_and_Assistants_of_the_Moscovie_Company_pp.009-014.txt	0.1462982582118764	0.007288116708876106	0.8462111192455904	1.2407475454298458E-4	7.843107911408069E-5
115	file:/C:/Users/apovzner/Documents/Hakluyt/Cambridge_MacLehose_FineReader_OCR/03_04_NNE-_1562_The_voyage_of_M_Anthony_Jenkinson_through_Russia_and_over_the_Caspian_sea_into_Persia_Anno_1561_pp.015-038.txt	0.36002467213489747	0.10124662390386927	0.5386880680776408	2.489749155036935E-5	1.5738392042135098E-5
116	file:/C:/Users/apovzner/Documents/Hakluyt/Cambridge_MacLehose_FineReader_OCR/03_05_NNE-_1563_The_privileges_given_by_Obdoloucan_K_of_Hircania_to_the_Company_of_English_merchants_trading_in_Russ_pp.039-040.txt	0.01957628002474988	0.0017789245695990668	0.9781115191900828	3.267368369362941E-4	2.065393786320726E-4
117	file:/C:/Users/apovzner/Documents/Hakluyt/Cambridge_MacLehose_FineReader_OCR/03_06_NNE-_1563_The_voyage_of_Thomas_Alcock_George_Wrenne_and_Richard_Cheyney_servants_unto_the_Company_of_Moscovy_M_pp.040-044.txt	0.17908459565710125	0.043572352066483445	0.777137832372806	1.257376575668592E-4	7.948224604247765E-5
118	file:/C:/Users/apovzner/Documents/Hakluyt/Cambridge_MacLehose_FineReader_OCR/03_07_NNE-_1566_The_voyage_of_Richard_Johnson_Alexander_Kitchin_and_Arthur_Edwards_servants_to_the_foresaid_company__pp.044-053.txt	0.27753470779524203	0.03742804754379035	0.684934002816366	6.325598772238278E-5	3.99858568793279E-5
119	file:/C:/Users/apovzner/Documents/Hakluyt/Cambridge_MacLehose_FineReader_OCR/03_08_NNE-_1566_Certaine_letters_of_Arthur_Edwards_written_out_of_Russia_Media_and_Persia_to_the_Company_of_the_Mosc_pp.054-067.txt	0.33281768920084553	0.02720300798795816	0.6399068752959375	4.437613482839047E-5	2.805138043047127E-5
120	file:/C:/Users/apovzner/Documents/Hakluyt/Cambridge_MacLehose_FineReader_OCR/03_09_NNE-_1567_The_distance_of_divers_places_in_Russia_pp.068-070.txt	0.13847297455036395	0.3052943517749612	0.5555402345979464	4.2425547417331553E-4	2.681836025550336E-4
121	file:/C:/Users/apovzner/Documents/Hakluyt/Cambridge_MacLehose_FineReader_OCR/03_10_NNE-_1567_The_way_and_distances_from_S_Nicolas_in_Russia_to_the_Caspian_sea_pp.070-072.txt	0.5346145044928474	0.2744672815788863	0.1905121999889512	2.4876359832108836E-4	1.5725034099394757E-4
122	file:/C:/Users/apovzner/Documents/Hakluyt/Cambridge_MacLehose_FineReader_OCR/03_11_NNE-_1566_The_voyage_of_Thomas_Southam_and_John_Sparke_by_land_and_river_from_Colmogro_to_Novogrod_in_Russia_A_pp.073-083.txt	0.1254515572072214	0.6801362443836066	0.19307910642751436	6.772301573324882E-4	6.558618243251686E-4
123	file:/C:/Users/apovzner/Documents/Hakluyt/Cambridge_MacLehose_FineReader_OCR/03_12_NNE-_1566_An_Acte_for_the_corporation_of_merchants_Adventurers_for_the_discovering_of_newe_trades_made_in_the__pp.083-091.txt	0.00869098343131248	0.025061663887054948	0.9661328379835398	7.016283334084317E-5	4.4351864751965174E-5
124	file:/C:/Users/apovzner/Documents/Hakluyt/Cambridge_MacLehose_FineReader_OCR/03_13_NNE-_1566_The_voyage_of_M_Anthony_Jenkinson_into_Russia_the_third_time_Anno_1566_pp.092-092.txt	0.028937146392243006	0.06002223719717579	0.9098169511965971	7.497362338952843E-4	4.7392898008887305E-4
125	file:/C:/Users/apovzner/Documents/Hakluyt/Cambridge_MacLehose_FineReader_OCR/03_14_NNE-_1567_The_privileges_granted_by_the_Emperour_of_Russia_to_the_English_merchants_pp.092-097.txt	0.11318730516477933	0.027215425912402235	0.8594121459122703	1.1342434772976819E-4	7.16986628184262E-5
126	file:/C:/Users/apovzner/Documents/Hakluyt/Cambridge_MacLehose_FineReader_OCR/03_15_NNE-_1567_A_letter_of_M_Henry_Lane_to_M_Richard_Hakluyt_concerning_the_first_Ambassage_from_the_Russian_Empero_pp.098-100.txt	0.1779189048659084	0.007747803297103218	0.8139953749679804	2.070407149312784E-4	1.3087615407681718E-4
127	file:/C:/Users/apovzner/Documents/Hakluyt/Cambridge_MacLehose_FineReader_OCR/03_16_NNE-_1568_A_letter_of_her_Majestie_sent_by_Stephen_Twerdico_and_Pheodata_Pogorella_Messengers_of_the_Emperour__pp.101-101.txt	0.004081972706833702	0.0033575046940096773	0.084455599133003	0.2241046949972193	0.6840002284689344
128	file:/C:/Users/apovzner/Documents/Hakluyt/Cambridge_MacLehose_FineReader_OCR/03_17_NNE-_1569_The_Ambassage_of_M_Thomas_Randolfe_Esquier_from_the_Queenes_Majestie_to_the_Emperour_of_Russia_pp.102-108.txt	0.4709883362011597	0.18391121572415528	0.34496139005796383	8.520045561324547E-5	5.385756110799422E-5
129	file:/C:/Users/apovzner/Documents/Hakluyt/Cambridge_MacLehose_FineReader_OCR/03_18_NNE-_1569_The_privileges_graunted_to_the_English_merchants_at_M_Randolfe_his_sute_pp.108-119.txt	0.07040957934681183	0.03590542771649686	0.8935956120230434	5.4763434323960806E-5	3.461747932399346E-5
130	file:/C:/Users/apovzner/Documents/Hakluyt/Cambridge_MacLehose_FineReader_OCR/03_19_NNE-_1588_A_Commission_granted_by_M_Randolfe_for_a_discovery_to_the_Northeast_by_sea_pp.119-122.txt	0.006679175818081994	0.5543114836128415	0.438726898237138	1.7305162214321208E-4	1.0939070979529644E-4
131	file:/C:/Users/apovzner/Documents/Hakluyt/Cambridge_MacLehose_FineReader_OCR/03_20_NNE-_1588_Instructions_given_to_the_discoverers_for_that_action_pp.122-124.txt	0.26866451718842527	0.32434480850586217	0.40660118458552813	2.386392557497234E-4	1.5085046443471018E-4
132	file:/C:/Users/apovzner/Documents/Hakluyt/Cambridge_MacLehose_FineReader_OCR/03_21_NNE-_1568_Certaine_letters_in_verse_written_out_of_Moscovia_by_M_George_Turbervile_Secretary_to_M_Randolfe_tou_pp.124-135.txt	0.7893578532587008	0.06907324531102335	0.14077645078360648	7.516953730714726E-4	4.0755273597836436E-5
133	file:/C:/Users/apovzner/Documents/Hakluyt/Cambridge_MacLehose_FineReader_OCR/03_22_NNE-_1568_The_voyage_of_Arthur_Edwards_Agent_for_the_Moscovy_company_John_Sparke_Laurence_Chapman_Christopher__pp.136-142.txt	0.38829791489764653	0.01830696926834425	0.5922546912455141	0.00108177321844812	5.8651370047043305E-5
