0	file:/C:/Users/apovzner/Documents/Hakluyt/Cambridge_MacLehose_FineReader_OCR/01_01_NNE-_0517_The_voyage_of_Arthur_K_of_Britaine_to_Island_and_the_most_Northeastern_parts_of_Europe_Anno_517_pp.003-004.txt	0.046818963706070464	4.611011207558746E-4	0.0428566251399413	0.0013111225370461739	4.1466518197718087E-4	0.14752493605056585	0.6428503471272686	0.11736400025830518	5.7957604190438736E-5	3.4028127387902705E-4
1	file:/C:/Users/apovzner/Documents/Hakluyt/Cambridge_MacLehose_FineReader_OCR/01_02_NNE-_0517_Two_testimonies_of_Galfridus_Monumetensis_in_his_history_of_the_Kings_of_Brittaine_concerning_the_co_pp.004-004.txt	0.009275847662571052	8.155970224374218E-4	0.0022672515196549476	0.029060089569292992	7.334609969601805E-4	0.10049670906837052	0.7359610077449917	0.09394465815502928	1.0251558124135449E-4	0.027342862679450478
2	file:/C:/Users/apovzner/Documents/Hakluyt/Cambridge_MacLehose_FineReader_OCR/01_03_NNE-_0580_A_testimony_of_M_Lambard_in_his_touching_the_right_and_appendances_of_the_Crowne_of_the_kingdome_of__pp.005-007.txt	0.010003117403503122	2.2651952087697662E-4	0.09717930934303406	6.440991694313108E-4	2.037075038808364E-4	0.2729988988433825	0.43277881764279885	0.18576989261908555	2.847212496658928E-5	1.6716582904012045E-4
3	file:/C:/Users/apovzner/Documents/Hakluyt/Cambridge_MacLehose_FineReader_OCR/01_04_NNE-_0580_The_voyage_of_Malgo_king_of_Britaine_to_Island_Gotland_Orkney_Denmark_and_Norway_Anno_580_pp.007-008.txt	0.0013381678242900491	4.2129381046766964E-4	0.19455252956380142	0.00810441021386523	3.7886673165543486E-4	1.1263993038523183E-4	0.7116690555399078	0.08305917785901334	5.295406759137839E-5	3.1090445902253117E-4
4	file:/C:/Users/apovzner/Documents/Hakluyt/Cambridge_MacLehose_FineReader_OCR/01_05_NNE-_0624_The_conquest_of_the_Isles_of_Anglesey_and_Man_by_Edwin_the_Saxon_king_of_Northumberland_Anno_624_pp.008-010.txt	0.0031421279914680494	2.7627774055619765E-4	0.09588033102413679	0.01437305832192688	2.4845474106889923E-4	0.08386328831318003	0.6569258116301859	0.1450520376371559	3.472643030564749E-5	2.0388617001574383E-4
5	file:/C:/Users/apovzner/Documents/Hakluyt/Cambridge_MacLehose_FineReader_OCR/01_06_NNE-_0624_The_voyage_of_Bertus_into_Ireland_Anno_684_pp.010-010.txt	0.0026801933423723995	8.438021341584758E-4	0.0161785244383883	0.03698148363940473	7.588256670033267E-4	2.2560458114732887E-4	0.6991642345512629	0.24243856565526029	1.0606079210225248E-4	6.227051988999742E-4
6	file:/C:/Users/apovzner/Documents/Hakluyt/Cambridge_MacLehose_FineReader_OCR/01_07_NNE-_0890_The_voyage_of_Octher_to_the_North_parts_beyond_Norway_about_the_yeere_890_pp.011-014.txt	0.007745314960741787	0.464533937634073	0.45190732880677165	0.04219035376598735	1.5772870733988037E-4	4.68939316389351E-5	1.2564633454224778E-4	7.5536520672292E-5	2.2045685017213234E-5	0.0331952136532156
7	file:/C:/Users/apovzner/Documents/Hakluyt/Cambridge_MacLehose_FineReader_OCR/01_08_NNE-_0890_The_second_voyage_of_Octher_into_the_Sound_of_Denmarke_pp.014-015.txt	0.04175986515430708	0.6585560447393781	0.2755576232453575	0.01355935395836557	0.006580861017672077	1.0174778782148607E-4	0.003391935392246417	1.6389484970708663E-4	4.783347446278796E-5	2.8084038068196384E-4
8	file:/C:/Users/apovzner/Documents/Hakluyt/Cambridge_MacLehose_FineReader_OCR/01_09_NNE-_0890_Wolstans_Navigation_into_the_East_sea_or_the_Sound_of_Denmarke_pp.015-016.txt	0.058197759374249695	0.3378113536741735	0.39895542598207545	0.0012319662390777727	3.8963063350877096E-4	1.158401194072015E-4	0.20273723323396453	1.8659470998626539E-4	5.4458534303982E-5	3.197374992529588E-4
9	file:/C:/Users/apovzner/Documents/Hakluyt/Cambridge_MacLehose_FineReader_OCR/01_10_NNE-_0973_The_voyage_of_King_Edgar_with_4000_shippes_round_about_his_large_Monarchie_Anno_973_pp.016-023.txt	0.17910408582200635	9.127722649270125E-5	0.28306441731182136	0.001007719530162289	8.208500485082827E-5	0.03967775362398185	0.3337520625781609	0.16314176556502907	1.1472991772374928E-5	6.736034572235453E-5
10	file:/C:/Users/apovzner/Documents/Hakluyt/Cambridge_MacLehose_FineReader_OCR/01_11_NNE-_0973_The_voyage_of_Edmund_and_Edward_the_sonnes_of_King_Edmund_Ironside_into_Hungary_Anno_1017_pp.024-025.txt	0.0509588537800543	3.7937183746822545E-4	0.03836998633454955	0.10058641648299567	3.4116657917226495E-4	0.08717065828977918	0.6501813590237161	0.07168453586635114	4.768473076131151E-5	2.7996707515239814E-4
11	file:/C:/Users/apovzner/Documents/Hakluyt/Cambridge_MacLehose_FineReader_OCR/01_12_NNE-_1249_A_Chronicle_of_the_Kings_of_Man_taken_out_of_M_Camdens_Chorographie_pp.025-041.txt	0.07002465718190998	0.00670047778659139	0.09958619258470405	0.2001590863922767	4.0565747123562726E-5	1.2060501886923796E-5	0.6223093457878165	1.942699872372066E-5	5.6698599681471645E-6	0.0011425171589990535
12	file:/C:/Users/apovzner/Documents/Hakluyt/Cambridge_MacLehose_FineReader_OCR/01_13_NNE-_1067_The_mariage_of_the_daughter_of_Harald_unto_Jeruslaus_duke_of_Russia_in_his_owne_Countrey_Anno_1067_pp.042-042.txt	0.05801165914250559	8.438021341584758E-4	0.050760690563471544	0.009315750739338137	0.028424558567069925	0.007142037806163977	0.6853313681012295	0.1594413669550605	1.0606079210225248E-4	6.227051988999742E-4
13	file:/C:/Users/apovzner/Documents/Hakluyt/Cambridge_MacLehose_FineReader_OCR/01_14_NNE-_1278_The_ancient_state_of_the_shipping_of_the_Cinque_Ports_pp.042-050.txt	0.22143470456901687	8.933883154041022E-5	0.21920242153768016	0.09398687801891997	0.02571041707109207	2.3886227415111788E-5	0.4247909614313797	0.014684233107655315	1.1229347325739311E-5	6.592985797475375E-5
14	file:/C:/Users/apovzner/Documents/Hakluyt/Cambridge_MacLehose_FineReader_OCR/01_15_NNE-_1243_The_voyage_of_a_certaine_Englishman_into_Tartaria_and_from_thence_into_Poland_and_Hungary_Anno_1243_pp.050-054.txt	0.09349015479083742	1.5977251457426438E-4	0.5478632145709806	0.10391389139042327	1.4368236347437908E-4	4.271784790557625E-5	0.25025092121551595	6.880970497931704E-5	0.0013296974281971764	0.0027371381731119727
15	file:/C:/Users/apovzner/Documents/Hakluyt/Cambridge_MacLehose_FineReader_OCR/01_16_NNE-_1246_Libellus_historicus_Johannis_de_Plano_Carpini_pp.055-094.txt	4.123955520828762E-5	1.2983400916031514E-5	3.609213207913651E-5	3.691777959812729E-5	1.167588639711697E-5	0.965780053474055	9.30098491943015E-6	0.033954101760217785	1.6319344661396538E-6	1.1600309214290726E-4
16	file:/C:/Users/apovzner/Documents/Hakluyt/Cambridge_MacLehose_FineReader_OCR/01_17_NNE-_1246_The_long_and_wonderfull_voyage_of_Frier_John_de_Plano_Carpini_Anno_1246_pp.094-179.txt	0.02932306250188669	7.446909037386462E-6	0.14663982562559918	0.056361496237086486	0.01911235302447533	0.6938486125601983	0.020148678238921403	0.03455209323614638	9.360311372124264E-7	5.495635511683626E-6
17	file:/C:/Users/apovzner/Documents/Hakluyt/Cambridge_MacLehose_FineReader_OCR/01_18_NNE-_1253_The_journall_of_Frier_William_de_Rubricis_Anno_1253_pp.179-293.txt	0.02292649573415079	0.0016451557735228533	0.19968221394825092	0.036405796564982655	0.03776132680340543	0.6728748498229755	0.00519604514398341	0.023503317314792074	6.98405933283607E-7	4.100488002946513E-6
18	file:/C:/Users/apovzner/Documents/Hakluyt/Cambridge_MacLehose_FineReader_OCR/01_19_NNE-_1278_Part_of_the_great_Charter_graunted_by_King_Edward_the_first_to_the_Barons_of_the_Cinque_Ports_pp.293-296.txt	0.5696982909215147	2.2320409480799187E-4	0.09209786060805658	6.346718884222547E-4	0.04959851269478293	5.9677339367890565E-5	0.28739887995805663	9.612797266687912E-5	2.805539609047229E-5	1.647191262336808E-4
19	file:/C:/Users/apovzner/Documents/Hakluyt/Cambridge_MacLehose_FineReader_OCR/01_20_NNE-_1345_The_rolle_of_the_huge_Fleete_of_Edward_the_thirde_before_Caleis_pp.297-299.txt	0.037969793161702355	3.4601651255696794E-4	9.618799999734964E-4	0.08890639601557156	3.1117035653988186E-4	9.251328863173163E-5	0.8681281568035953	1.490199626040826E-4	4.349216945137348E-5	0.003091561729373308
20	file:/C:/Users/apovzner/Documents/Hakluyt/Cambridge_MacLehose_FineReader_OCR/01_21_NNE-_1345_The_summe_of_expences_layde_out_in_the_siege_of_Caleis_pp.299-300.txt	0.026613682301573634	4.3950646113489415E-4	0.0012217696539993355	0.03727495485094369	3.95245247697277E-4	0.04334779242101413	0.8108826583758832	0.0794448024540499	5.524328692118476E-5	3.2434494678278115E-4
21	file:/C:/Users/apovzner/Documents/Hakluyt/Cambridge_MacLehose_FineReader_OCR/01_22_NNE-_1360_A_note_of_Thomas_Walsingham_touching_King_Edward_the_thirde_his_huge_Fleete_of_1100_ships_wherewith__pp.300-301.txt	0.04013245028940611	3.657246809422332E-4	0.0010166660934631112	0.02202419408701846	3.2889378175410874E-4	0.10202138279911654	0.5998125854771724	0.23398223761521514	4.596936625523132E-5	2.6989580965671144E-4
22	file:/C:/Users/apovzner/Documents/Hakluyt/Cambridge_MacLehose_FineReader_OCR/01_23_NNE-_1360_The_voyage_of_Nicolaus_de_Linna_a_Franciscan_Frier_and_an_excellent_Mathematician_of_Oxford_to_all_t_pp.301-303.txt	0.03640729231134769	0.029569716466487428	0.1368120647382439	0.061448772519746585	2.2972633770555376E-4	0.11523148099582933	0.47339898217043896	0.14668133836722932	3.210876806529235E-5	1.8851732490602792E-4
23	file:/C:/Users/apovzner/Documents/Hakluyt/Cambridge_MacLehose_FineReader_OCR/01_24_NNE-_1360_A_Testimonie_of_the_learned_Mathematician_Master_John_Dee_touching_the_foresaid_voyage_of_Nicholas_D_pp.303-304.txt	0.07341100040297545	0.053744202399356227	0.10464815298444753	0.0010888866547048002	0.00976107185184406	0.22296411168708488	0.5338869130693461	1.649237479873264E-4	4.8133763213170385E-5	2.8260343904055156E-4
24	file:/C:/Users/apovzner/Documents/Hakluyt/Cambridge_MacLehose_FineReader_OCR/01_25_NNE-_1390_The_voyage_of_Henry_Earle_of_Derby_afterward_King_of_England_into_Prussia_and_Letto_Anno_1390_pp.304-305.txt	0.05758425414132145	0.010970428624675408	0.08201166932527777	0.032844177788656684	3.8552325145253764E-4	0.24257447496289197	0.5695606819118868	1.8462767839872365E-4	5.388444698288355E-5	0.0038302778684558576
25	file:/C:/Users/apovzner/Documents/Hakluyt/Cambridge_MacLehose_FineReader_OCR/01_26_NNE-_1402_The_voyage_of_Thomas_of_Woodstock_duke_of_Glocester_into_Prussia_Anno_1391_pp.306-307.txt	0.021250392768564462	4.058763419507354E-4	0.09760739589820107	0.09097947464163772	3.650019043964555E-4	0.05999210551120654	0.529262451033481	0.1997867589680521	5.101618564379556E-5	2.9952674686617805E-4
26	file:/C:/Users/apovzner/Documents/Hakluyt/Cambridge_MacLehose_FineReader_OCR/01_27_NNE-_1402_Certaine_verses_of_Geffrey_Chaucer_concerning_the_long_Voyages_and_valiant_exploits_of_the_English_k_pp.307-308.txt	0.019984594925796174	4.525490089645927E-4	0.07544662741640423	0.05692825585760111	4.0697432452186223E-4	1.2099652926087608E-4	0.8349459584439443	0.011323190811765367	5.688265579434945E-5	3.339700259472876E-4
27	file:/C:/Users/apovzner/Documents/Hakluyt/Cambridge_MacLehose_FineReader_OCR/01_28_NNE-_0604_A_testimonie_out_of_Cornelius_Tacitus_proving_London_to_have_bene_a_famous_Mart-towne_in_the_raigne__pp.308-309.txt	0.04595060534920958	0.011580839190427482	0.023514606569577406	0.0012868049502866644	4.0697432452186223E-4	0.037215297134137175	0.8794591191697958	1.9490063030247766E-4	5.688265579434945E-5	3.339700259472876E-4
28	file:/C:/Users/apovzner/Documents/Hakluyt/Cambridge_MacLehose_FineReader_OCR/01_29_NNE-_0604_A_testimony_out_of_venerable_Beda_prooving_London_to_have_bene_a_Citie_of_great_traffique_in_his_tim_pp.309-309.txt	0.03438941139044258	0.016632281702349167	0.0026582084494098084	0.01055704090316705	8.599364483958165E-4	0.05512182650469541	0.8158394143670177	4.1182488848486384E-4	1.201930098577678E-4	0.06340986233617982
29	file:/C:/Users/apovzner/Documents/Hakluyt/Cambridge_MacLehose_FineReader_OCR/01_30_NNE-_0795_The_league_betweene_Carolus_Magnus_and_Offa_King_of_Mercia_concerning_the_safe_trade_of_English_Merc_pp.310-312.txt	0.1408645522101374	2.476731008365438E-4	0.20573000491525242	7.042485253442425E-4	2.2273077814445903E-4	0.004126447388979094	0.3737183892714622	0.27417204615843	3.113100120722304E-5	1.8277665020651355E-4
30	file:/C:/Users/apovzner/Documents/Hakluyt/Cambridge_MacLehose_FineReader_OCR/01_31_NNE-_0795_An_ancient_testimony_translated_out_of_the_olde_Saxon_Lawes_conteyning_the_advancement_of_Merchants__pp.312-312.txt	0.10690421729665535	9.064995717216668E-4	0.38889806034646923	0.0025775951625505557	0.06025799548778254	2.4236778731598967E-4	0.4390399436330975	3.9040487195344213E-4	1.1394147836925907E-4	6.689743640843478E-4
31	file:/C:/Users/apovzner/Documents/Hakluyt/Cambridge_MacLehose_FineReader_OCR/01_32_NNE-_1027_A_testimony_of_certaine_Privileges_obteined_for_the_English_and_Danish_Merchants_by_Canutus_the_King_pp.313-314.txt	0.11457631169032576	3.8415007316587227E-4	0.0010678862394053305	0.0010923153205744942	3.454636148677032E-4	0.3086832703509884	0.3529386943049656	0.20798500482849483	4.828532590373681E-5	0.012878618251308318
32	file:/C:/Users/apovzner/Documents/Hakluyt/Cambridge_MacLehose_FineReader_OCR/01_33_NNE-_1140_The_flourishing_state_of_Merchandise_in_the_City_of_London_in_the_dayes_of_Wilhelmus_Malmesburiensis_pp.314-315.txt	0.2473723787018512	4.2275367999802994E-4	0.018501225472539524	0.0012020831277876733	0.03849743750328372	0.10406918821623282	0.339892966223143	0.1734423318627982	5.313756430522633E-5	0.07654649764806067
33	file:/C:/Users/apovzner/Documents/Hakluyt/Cambridge_MacLehose_FineReader_OCR/01_34_NNE-_1140_A_testimony_of_the_said_Wil_of_Malmesbury_concerning_traffique_to_Bristow_in_his_time_pp.315-315.txt	0.17987119470852106	8.998136429460327E-4	0.20901663465756173	0.009934129424667617	0.05243801447205574	2.4058019268930375E-4	0.25878869420594613	0.18477616123169943	1.1310109781891809E-4	0.10392167636609398
34	file:/C:/Users/apovzner/Documents/Hakluyt/Cambridge_MacLehose_FineReader_OCR/01_35_NNE-_1157_The_league_betweene_Henry_the_second_and_Frederick_Barbarossa_Emperour_of_Germany_partly_touching_tr_pp.316-318.txt	0.28177245007091634	2.502129043447535E-4	0.07452911265548125	0.008915198574317228	0.00842874302620377	0.1538868027127346	0.09862398492548283	0.37337739392881014	3.1450239048608035E-5	1.8465096266049173E-4
35	file:/C:/Users/apovzner/Documents/Hakluyt/Cambridge_MacLehose_FineReader_OCR/01_36_NNE-_1199_A_generall_safe_conduct_granted_by_King_John_to_all_forreine_Merchants_pp.319-320.txt	0.16954407827679566	3.6682432965754716E-4	0.0040264894612532616	0.0010430502640341667	3.298826885559381E-4	0.009118376076500602	0.05137781414412933	0.7638766698503353	4.6107585405265513E-5	2.7070732333304574E-4
36	file:/C:/Users/apovzner/Documents/Hakluyt/Cambridge_MacLehose_FineReader_OCR/01_37_NNE-_1229_The_letters_of_King_Henry_the_third_unto_Haquinus_king_of_Norwey_pp.320-322.txt	0.28618466952864535	2.5980403184916044E-4	7.222207411475522E-4	7.38742340973927E-4	2.3364004400712546E-4	6.946294328133203E-5	0.07046120468154235	0.641105870924552	3.265578539542498E-5	1.9172897860585673E-4
37	file:/C:/Users/apovzner/Documents/Hakluyt/Cambridge_MacLehose_FineReader_OCR/01_38_NNE-_1229_A_mandate_for_the_king_of_Norway_his_ship_called_The_Cog_pp.322-323.txt	0.29942952957004326	0.0034146591507464405	0.001032136545315976	0.00714248639958458	3.3389850793515174E-4	9.92705390763986E-5	2.6598280261547517E-4	0.6879613648368846	4.6668875043741996E-5	2.740027727544589E-4
38	file:/C:/Users/apovzner/Documents/Hakluyt/Cambridge_MacLehose_FineReader_OCR/01_39_NNE-_1236_A_Charter_granted_for_the_behalfe_of_the_Merchants_of_Colen_in_the_20_yeere_of_Henry_the_thirde_pp.323-324.txt	0.18354963989807005	3.2744259301164657E-4	9.102469677816583E-4	9.31069875914931E-4	2.944669537902539E-4	8.754724129710921E-5	2.3457171501342836E-4	0.8106982483130327	4.11575408226074E-5	0.0029256089012656594
39	file:/C:/Users/apovzner/Documents/Hakluyt/Cambridge_MacLehose_FineReader_OCR/01_40_NNE-_1257_The_Charter_of_Lubeck_granted_for_seven_yeeres_in_the_time_of_Henry_the_third_pp.324-325.txt	0.35993507040502903	3.5302528971049374E-4	9.81363470627625E-4	0.001003813247575556	0.0032111325443145993	9.438720215963838E-5	0.020508513208020746	0.6136077975308725	4.437313007766114E-5	2.605239716122918E-4
40	file:/C:/Users/apovzner/Documents/Hakluyt/Cambridge_MacLehose_FineReader_OCR/01_41_NNE-_1260_A_Charter_of_the_Merchants_of_Almaine_or_the_Stilyard-merchants_pp.326-327.txt	0.24996970813820021	4.459323889308126E-4	0.001239632880764128	0.0012679908566858092	0.033297781699377624	1.1922746548288424E-4	3.1945485249628265E-4	0.7129551336078546	5.6050986930982306E-5	3.2908712327687703E-4
41	file:/C:/Users/apovzner/Documents/Hakluyt/Cambridge_MacLehose_FineReader_OCR/01_42_NNE-_1303_A_mandate_of_King_Edward_the_first_concerning_outlandish_Merchants_pp.327-327.txt	0.2535227210746415	8.740279126310423E-4	0.00959386794855054	0.002485263302720749	7.860075092642664E-4	2.3368594740146375E-4	0.022118690737173558	0.7096308644999495	1.0985998847416581E-4	6.450110791931509E-4
42	file:/C:/Users/apovzner/Documents/Hakluyt/Cambridge_MacLehose_FineReader_OCR/01_43_NNE-_1303_King_Edw_the_first_his_great_Charter_granted_to_forreine_Merchants_Anno_Dom_1303_pp.327-339.txt	0.2753725214860797	5.1813674368093485E-5	0.006939293022269885	1.4733010425091995E-4	0.02340529466157433	0.11553323723571667	0.007681783141989593	0.5440676488859925	6.512663482048116E-6	0.02679456512427637
43	file:/C:/Users/apovzner/Documents/Hakluyt/Cambridge_MacLehose_FineReader_OCR/01_44_NNE-_1313_The_letters_of_Edward_the_second_unto_Haquinus_King_of_Norway_concerning_certain_English_Merchants_a_pp.339-343.txt	0.2767077780044901	1.3870161208586268E-4	3.8557208048707863E-4	0.01858482644617428	1.2473344051263586E-4	0.11600110079421407	0.0012362645025490206	0.586701230796508	1.743394837269171E-5	1.023583746061643E-4
44	file:/C:/Users/apovzner/Documents/Hakluyt/Cambridge_MacLehose_FineReader_OCR/01_45_NNE-_1313_Another_letter_of_Edw_the_second_unto_the_said_Haquinus_for_the_merchants_aforesaid_pp.343-344.txt	0.34418812056621717	3.4309722514957596E-4	0.0037660461685834696	9.755831943201434E-4	3.0854506072180727E-4	0.03946367237276538	0.005870349104042815	0.6047882637709907	4.312523279375183E-5	2.531973044152911E-4
45	file:/C:/Users/apovzner/Documents/Hakluyt/Cambridge_MacLehose_FineReader_OCR/01_46_NNE-_1313_A_third_letter_of_King_Edward_the_second_to_the_said_Haquinus_in_the_behalfe_of_our_English_merchant_pp.344-349.txt	0.412826101082624	0.0010940113044649031	0.013006397542829244	0.006188577416708957	1.0697663400611112E-4	0.09168697310022843	8.521734674190752E-5	0.47490300664818036	1.495208587754737E-5	8.778683833863137E-5
46	file:/C:/Users/apovzner/Documents/Hakluyt/Cambridge_MacLehose_FineReader_OCR/01_47_NNE-_1320_An_Ordinance_for_the_Staple_to_be_holden_at_one_certaine_place_pp.350-355.txt	0.32858223596601094	1.295685901574246E-4	3.601834911756433E-4	0.005678628321871024	0.0011785612212560387	0.05632281780695932	9.281970963385962E-5	0.607543280480531	1.628598310831913E-5	9.561842929638183E-5
47	file:/C:/Users/apovzner/Documents/Hakluyt/Cambridge_MacLehose_FineReader_OCR/02_01_NNE-_1262_A_Catalogue_of_the_great_Masters_of_Prussia_pp.001-011.txt	0.239351180264349	7.115409000410756E-5	0.10459634939355139	0.20083417496952646	0.008229238158464446	1.902423331543879E-5	0.44680678114433575	3.064414398371783E-5	8.943636003808997E-6	5.250996646594508E-5
48	file:/C:/Users/apovzner/Documents/Hakluyt/Cambridge_MacLehose_FineReader_OCR/02_02_NNE-_1388_The_Oration_or_speach_of_the_Ambassadours_sent_from_Conradus_de_Zolner_Master_generall_of_the_land_o_pp.012-018.txt	0.8743849562311082	1.2048353920598886E-4	0.0576141724686885	0.06650999290859967	1.0835004831089357E-4	3.221328472322857E-5	0.0010738845815983064	5.188900487495656E-5	1.5144047503759933E-5	8.891388538648496E-5
49	file:/C:/Users/apovzner/Documents/Hakluyt/Cambridge_MacLehose_FineReader_OCR/02_03_NNE-_1390_An_agreement_made_by_the_Ambassadours_of_England_and_Prussia_confirmed_by_king_Richard_the_second_pp.018-024.txt	0.9343709937019453	1.1406275606397412E-4	0.03210516296975128	0.030242529237848825	1.0257588058461476E-4	0.0028353274906395428	8.171171643553736E-5	4.912374706502926E-5	1.4336994145642952E-5	8.417550552029824E-5
50	file:/C:/Users/apovzner/Documents/Hakluyt/Cambridge_MacLehose_FineReader_OCR/02_04_NNE-_1398_The_letters_of_Conradus_de_Jungingen_Master_generall_of_Prussia_unto_Rich_the_second_pp.025-027.txt	0.9541614786242282	2.7690481336544587E-4	0.0030394775445433155	0.04164230791789964	2.490186634903707E-4	7.40351225815434E-5	1.983677088835405E-4	1.192554211580162E-4	3.4805249540823975E-5	2.0434893430917278E-4
51	file:/C:/Users/apovzner/Documents/Hakluyt/Cambridge_MacLehose_FineReader_OCR/02_05_NNE-_1407_A_briefe_relation_of_William_Esturmy_and_John_Kington_concerning_their_Ambassages_into_Prussia_and_t_pp.027-033.txt	0.977137722888877	1.2024603568723442E-4	3.3426802654283014E-4	0.02202569601091283	1.0813646297051728E-4	3.2149784194253194E-5	8.61412638939041E-5	5.178671852676588E-5	1.5114194757118931E-5	8.873861363745943E-5
52	file:/C:/Users/apovzner/Documents/Hakluyt/Cambridge_MacLehose_FineReader_OCR/02_06_NNE-_1407_Certaine_Articles_of_complaint_exhibited_by_the_Livonians_pp.033-034.txt	0.9926952598743459	4.058763419507354E-4	0.0011282823842707224	0.0011540930941853253	0.003691867887635433	1.0851781290494845E-4	2.9075969848361895E-4	1.7479997371345807E-4	5.101618564379556E-5	2.9952674686617805E-4
53	file:/C:/Users/apovzner/Documents/Hakluyt/Cambridge_MacLehose_FineReader_OCR/02_07_NNE-_1407_Other_complaints_exhibited_by_the_Cities_of_the_Hans_pp.034-036.txt	0.963610407782027	2.921564106850288E-4	0.003206888457368835	0.03196225616909698	2.62734323880873E-4	7.811289162931166E-5	2.0929357319167445E-4	1.2582387202592841E-4	3.672228248854552E-5	2.1560423760596384E-4
54	file:/C:/Users/apovzner/Documents/Hakluyt/Cambridge_MacLehose_FineReader_OCR/02_08_NNE-_1403_Compositions_and_Ordinances_concluded_betweene_the_Ambassadours_of_Prussia_and_the_Chanceller_and_Tr_pp.036-038.txt	0.9836306705411275	2.7753473920829144E-4	7.715097553281199E-4	0.014438452352226806	2.4958515162604796E-4	7.420354376724089E-5	1.9881897206200643E-4	1.1952671319795528E-4	3.488442738495743E-5	2.048138040711491E-4
55	file:/C:/Users/apovzner/Documents/Hakluyt/Cambridge_MacLehose_FineReader_OCR/02_09_NNE-_1403_The_letters_of_the_Chanceller_and_Treasurer_of_England_unto_Conradus_de_Jungingen_master_generall_of_pp.038-041.txt	0.9494055587888378	0.0034415463004005818	0.04271790574209321	0.003806300615803079	1.7793776918402198E-4	5.2902237803291615E-5	1.41744827886154E-4	8.52146714889865E-5	2.48702983639092E-5	1.4601874813898242E-4
56	file:/C:/Users/apovzner/Documents/Hakluyt/Cambridge_MacLehose_FineReader_OCR/02_10_NNE-_1404_The_letters_of_king_Henry_the_fourth_unto_Conradus_de_Jungingen_the_master_generall_of_Prussia_for_e_pp.041-043.txt	0.8983032873319655	2.8072785325025467E-4	0.07441415876388677	0.00309929378061718	2.524566979218237E-4	7.505727609005756E-5	0.023211660369133486	1.2090190113799785E-4	3.528578238378212E-5	2.071702436132155E-4
57	file:/C:/Users/apovzner/Documents/Hakluyt/Cambridge_MacLehose_FineReader_OCR/02_11_NNE-_1404_The_letters_of_Conradus_de_Jungingen_unto_king_Henry_the_fourth_pp.044-046.txt	0.8354768253721858	2.900724728420629E-4	0.12206655799235751	0.012713063850388067	2.608602523898603E-4	7.755571607219095E-5	0.028739611280484672	1.2492637630489144E-4	3.646034418646093E-5	2.1406634278860423E-4
58	file:/C:/Users/apovzner/Documents/Hakluyt/Cambridge_MacLehose_FineReader_OCR/02_12_NNE-_1405_An_agreement_made_betweene_king_Henry_the_fourth_and_Conradus_de_Jungingen_pp.047-055.txt	0.9878006273382416	9.189601636798131E-5	0.006281446440060245	0.005534041878436773	8.264147848467679E-5	2.4569933450669325E-5	6.583201642790785E-5	3.957713122250519E-5	1.1550769893169217E-5	6.78169974144575E-5
59	file:/C:/Users/apovzner/Documents/Hakluyt/Cambridge_MacLehose_FineReader_OCR/02_13_NNE-_1405_An_agreement_betweene_king_Henry_the_fourth_and_the_Hans-townes_pp.055-067.txt	0.8969064994401051	5.686081398875598E-5	1.5806551934134333E-4	0.05469230993648235	9.832820487891655E-4	1.5202687459925542E-5	0.013090798608934471	2.4488416207729556E-5	7.147058210798103E-6	0.03406534547048034
60	file:/C:/Users/apovzner/Documents/Hakluyt/Cambridge_MacLehose_FineReader_OCR/02_14_NNE-_1405_A_testimonie_out_of_Albertus_Krantzius_concerning_the_surprise_of_Bergen_in_Norway_wherein_21_houses_pp.068-071.txt	0.6604135875684404	2.079834681372635E-4	0.0977510835696466	0.16595583055438312	0.032578010528080216	5.5607850839902776E-5	0.03253996654800072	0.010318300977993767	2.61422559647957E-5	1.5348667851318467E-4
61	file:/C:/Users/apovzner/Documents/Hakluyt/Cambridge_MacLehose_FineReader_OCR/02_15_NNE-_1407_The_grievances_and_offences_whereat_the_merchants_of_the_Hans_found_themselves_agrieved_pp.072-083.txt	0.9460797801247699	6.768043067753732E-5	0.02848087284981891	0.025156620322892786	6.0864562760526403E-5	1.809549252930538E-5	4.848457419927865E-5	2.914813276991891E-5	8.507018170367698E-6	4.994649141142902E-5
62	file:/C:/Users/apovzner/Documents/Hakluyt/Cambridge_MacLehose_FineReader_OCR/02_16_NNE-_1407_A_letter_of_Henry_the_fourth_king_of_England_unto_Conradus_de_Jungingen_Master_generall_of_Prussia_pp.083-085.txt	0.9371319030655159	2.8202576707482454E-4	0.003095688282150683	0.05859428058263819	2.5362390322241745E-4	7.540429500942712E-5	2.0203623252631106E-4	1.2146087755265343E-4	3.544892225122466E-5	2.0812807205849412E-4
63	file:/C:/Users/apovzner/Documents/Hakluyt/Cambridge_MacLehose_FineReader_OCR/02_17_NNE-_1408_A_letter_of_Werneherus_de_Tettingen_commander_in_Elbing_unto_sir_William_Sturmy_Ambassadour_unto_kin_pp.085-090.txt	0.9446481998470798	1.4618028239224561E-4	0.026766825534542238	0.024379715716065557	0.003726067651351389	3.908373781726771E-5	1.0471991205089404E-4	6.295589784016509E-5	1.8373971708088486E-5	1.0787744915234087E-4
64	file:/C:/Users/apovzner/Documents/Hakluyt/Cambridge_MacLehose_FineReader_OCR/02_18_NNE-_1408_The_letters_of_Ulricus_de_Jungingen_master_generall_of_Prussia_signifying_unto_king_Henry_the_4_that_pp.091-095.txt	0.9666074477794068	1.6837211794403588E-4	0.025309920100679194	0.0059991744621660445	0.0015315197048026057	4.5017095368614874E-5	1.2061759010432387E-4	7.251332178969197E-5	2.1163350356879332E-5	1.242544773818496E-4
65	file:/C:/Users/apovzner/Documents/Hakluyt/Cambridge_MacLehose_FineReader_OCR/02_19_NNE-_1408_The_letters_of_king_Henry_the_fourth_unto_Ulricus_de_Jungingen_wherein_he_doth_absolutely_approve_th_pp.095-098.txt	0.9601930574864508	2.1880072491877657E-4	0.0203362347782191	0.018556694528770436	1.967660418314602E-4	5.850002494869452E-5	1.5674338765254425E-4	9.423156023449623E-5	2.7501919298386255E-5	1.614695476752803E-4
66	file:/C:/Users/apovzner/Documents/Hakluyt/Cambridge_MacLehose_FineReader_OCR/02_20_NNE-_1409_A_new_concord_betweene_king_Henry_the_fourth_and_Ulricus_de_Jungingen_pp.098-106.txt	0.9221091403606807	8.545884221118726E-5	0.010044348232578902	0.012851721060438378	7.685257042743737E-5	2.284884752231449E-5	6.122058525180062E-5	0.054674601323222084	1.0741656284265379E-5	6.306652138294349E-5
67	file:/C:/Users/apovzner/Documents/Hakluyt/Cambridge_MacLehose_FineReader_OCR/02_21_NNE-_1404_A_Charter_of_king_Henry_the_fourth_graunted_in_the_fifth_yeere_of_his_raigne_unto_the_English_mercha_pp.106-110.txt	0.5153963945061723	1.434305401713057E-4	0.003925709735492892	4.078389864050435E-4	1.289861341992023E-4	3.834854834937551E-5	0.003629741927537365	0.4762056730687267	1.8028345848394795E-5	1.0584820709748199E-4
68	file:/C:/Users/apovzner/Documents/Hakluyt/Cambridge_MacLehose_FineReader_OCR/02_22_NNE-_1430_A_note_touching_the_mighty_ships_of_king_Henry_the_fift_taken_out_of_a_Chronicle_in_the_Trinitie_Chu_pp.111-111.txt	0.20158791907955892	7.15191248763552E-4	0.01957486351691285	0.002033617621694195	6.431667501281978E-4	0.2112319390453924	0.5632876004723594	3.080135463996527E-4	8.989518665310132E-5	5.277935321376966E-4
69	file:/C:/Users/apovzner/Documents/Hakluyt/Cambridge_MacLehose_FineReader_OCR/02_23_NNE-_1430_A_branch_of_a_Statute_made_in_the_eight_yeere_of_Henry_the_6_for_the_trade_to_Norway_Sweveland_Denma_pp.111-113.txt	0.5643334643632902	2.5652632100074294E-4	0.02173992452505661	7.294223016813828E-4	0.002333373958886361	0.08207316659496407	0.32820208907420145	1.1047895512269762E-4	3.224379709296352E-5	1.8931010870357098E-4
70	file:/C:/Users/apovzner/Documents/Hakluyt/Cambridge_MacLehose_FineReader_OCR/02_24_NNE-_1432_Another_branch_of_a_Statute_made_in_the_10_yeere_of_king_Henry_the_sixt_concerning_the_state_of_Engl_pp.113-114.txt	0.39179818925821086	0.0065781468245547136	0.09095062407558951	0.02277521317355929	3.4010897113021036E-4	0.0032010924717664384	0.4838671104221865	1.6287870966475256E-4	4.75369092635003E-5	2.790991840743504E-4
71	file:/C:/Users/apovzner/Documents/Hakluyt/Cambridge_MacLehose_FineReader_OCR/02_25_NNE-_1437_Libellus_de_politia_conservativa_Maris_Or_The_pollicy_of_keeping_the_Sea_pp.114-147.txt	0.10924287239773563	0.0010752409266911345	0.27738345047844043	0.06305062571956958	0.047676235353786296	0.009033665811428454	0.4864169058435955	0.006098884129239906	3.219133025555946E-6	1.8900206487536862E-5
72	file:/C:/Users/apovzner/Documents/Hakluyt/Cambridge_MacLehose_FineReader_OCR/02_26_NNE-_1462_A_large_Charter_granted_by_king_Edward_the_fourth_in_the_second_yere_of_his_raigne_to_the_English_me_pp.147-158.txt	0.8932897445947853	6.635522792705102E-5	0.06164482692533049	0.0072593402560990035	0.004954746389749672	1.774117746022E-5	0.03268135905223423	2.857740375221695E-5	8.34044825104315E-6	4.8968524410732405E-5
73	file:/C:/Users/apovzner/Documents/Hakluyt/Cambridge_MacLehose_FineReader_OCR/02_27_NNE-_1527_A_perswasion_of_Robert_Thome_merchant_of_Bristol_and_dwelling_long_in_Sivil_in_Spaine_to_king_Henry__pp.159-163.txt	0.28640392662088326	0.05461872799151487	0.5340976303955046	0.0630927870764315	1.4935468021172812E-4	4.440427035714971E-5	0.006925556597122502	7.152618619390835E-5	2.0875250240270345E-5	0.05457521093154016
74	file:/C:/Users/apovzner/Documents/Hakluyt/Cambridge_MacLehose_FineReader_OCR/02_28_NNE-_1527_The_discourse_of_the_foresaid_Robert_Thorne_written_to_Doctour_Leigh_the_Kings_Ambassadour_in_Spaine_pp.164-181.txt	0.15416105659465407	0.27343221689107755	0.3970273443106369	0.005402542471646744	0.013597658522903778	3.888481571264527E-4	0.026769034261608784	0.01658865067755584	5.77447847121993E-6	0.1126268736343187
75	file:/C:/Users/apovzner/Documents/Hakluyt/Cambridge_MacLehose_FineReader_OCR/02_29_NNE-_1580_A_briefe_treatise_of_the_Emperour_of_Moscovia_his_genealogie_pp.182-194.txt	0.13508769809048202	5.984529218793912E-5	0.3602203457946298	0.012924123517486655	0.2026455014697641	1.600063750865532E-5	0.28798795138113603	0.0010068472757277186	7.5221889541363496E-6	4.41643521230046E-5
76	file:/C:/Users/apovzner/Documents/Hakluyt/Cambridge_MacLehose_FineReader_OCR/02_30_NNE-_1553_The_excellent_orders_and_instructions_of_Sebastian_Cabot_given_to_sir_Hugh_Willoughby_and_his_Fleete_pp.195-205.txt	0.5554567698623032	0.008167644018576425	0.2896452202056432	0.14524420646296626	6.828992009830599E-5	2.0303107143442652E-5	5.439959720233914E-5	3.2704147825794077E-5	0.0012544228127926048	5.603986544842657E-5
77	file:/C:/Users/apovzner/Documents/Hakluyt/Cambridge_MacLehose_FineReader_OCR/02_31_NNE-_1553_The_names_of_the_twelve_Counsellers_appointed_in_sir_Hugh_Willoughbies_voyage_pp.206-206.txt	0.28199283830044364	0.00846260812745111	0.002557961638754171	0.10066812152448115	8.275063783095687E-4	0.06812793103548263	6.591897251835221E-4	0.5359091172450998	1.1566027055960705E-4	6.790657542346919E-4
78	file:/C:/Users/apovzner/Documents/Hakluyt/Cambridge_MacLehose_FineReader_OCR/02_32_NNE-_1553_The_letters_of_king_Edward_the_sixt_written_at_that_time_to_all_the_Kings_Princes_and_other_Potentat_pp.206-211.txt	0.3212251052495417	1.2874817507759945E-4	0.05312371841582299	0.04152342641471911	0.0022264150033659744	0.0855150441959943	0.008534762475868662	0.48761158422451534	1.6182861926591297E-5	9.501298316774344E-5
79	file:/C:/Users/apovzner/Documents/Hakluyt/Cambridge_MacLehose_FineReader_OCR/02_33_NNE-_1553_The_voyage_of_sir_Hugh_Willoughby_knight_wherein_he_unfortunately_perished_at_Arzina_Reca_in_Lapland_pp.212-212.txt	0.7223811915390346	0.008155062999970842	0.03153831966223305	0.23510793925242912	7.974334326201167E-4	2.3708296039800326E-4	6.352336840893315E-4	3.818920980445784E-4	1.1145698569542056E-4	6.543873854849745E-4
80	file:/C:/Users/apovzner/Documents/Hakluyt/Cambridge_MacLehose_FineReader_OCR/02_34_NNE-_1553_The_names_of_the_Ships_Captains_Mariners_and_other_officers_of_that_first_worthy_enterprise_pp.212-214.txt	0.7112533785306011	2.8137531343267846E-4	7.821860421548748E-4	0.22682360056835935	0.060218462934116215	7.523038537403795E-5	2.015702637439007E-4	1.2118074474421605E-4	3.5367164187670325E-5	2.0764805328606979E-4
81	file:/C:/Users/apovzner/Documents/Hakluyt/Cambridge_MacLehose_FineReader_OCR/02_35_NNE-_1553_The_othe_ministred_to_the_Captaine_of_the_Fleete_pp.215-215.txt	0.8026182748664205	9.95239264272023E-4	0.13329023595177975	0.05993399915717115	8.950120744744172E-4	2.6609382492424E-4	7.129646113591811E-4	4.286226597914566E-4	1.250955175708635E-4	7.34462072236451E-4
82	file:/C:/Users/apovzner/Documents/Hakluyt/Cambridge_MacLehose_FineReader_OCR/02_36_NNE-_1553_The_othe_ministred_to_the_Masters_of_the_ships_pp.216-224.txt	0.06907047830243034	0.5361326333552088	0.06903431741919326	0.2604300822591368	0.06512470692835308	2.4386244439183253E-5	6.533984504917552E-5	3.92812458418503E-5	1.1464414368119086E-5	6.730998597944379E-5
83	file:/C:/Users/apovzner/Documents/Hakluyt/Cambridge_MacLehose_FineReader_OCR/02_37_NNE-_1553_The_voyage_of_Richard_Chanceller_Pilote_major_the_first_discoverer_by_sea_of_the_kingdome_of_Moscovi_pp.224-238.txt	0.09848678675550562	5.476769945921444E-5	0.424378827099606	0.06165736095401871	0.4081148198125632	1.4643058362516883E-5	0.0063240724398974275	4.725039843790925E-4	6.883966455068773E-6	4.893342297531254E-4
84	file:/C:/Users/apovzner/Documents/Hakluyt/Cambridge_MacLehose_FineReader_OCR/02_38_NNE-_1553_A_testimonie_of_Richard_Eden_concerning_Clement_Adams_his_discourse_of_Richard_Chancellers_voyage_pp.239-270.txt	0.14152413848569964	2.3864293383151866E-4	0.49288485337466453	0.17086731596699548	0.19442593609626743	6.9377971980159506E-6	1.8588946528092327E-5	1.1175370525618014E-5	3.2615838850623075E-6	1.914944440466366E-5
85	file:/C:/Users/apovzner/Documents/Hakluyt/Cambridge_MacLehose_FineReader_OCR/02_39_NNE-_1554_The_letters_of_the_Emperour_of_Russia_sent_to_king_Edward_the_sixt_by_Richard_Chanceller_pp.271-272.txt	0.5581123637720005	4.271946312548991E-4	0.04670843049451783	0.004716317417143064	0.38205929516754233	1.1421761329007066E-4	0.00730924483503418	1.8398118489732155E-4	5.369576484647143E-5	3.152591194734073E-4
86	file:/C:/Users/apovzner/Documents/Hakluyt/Cambridge_MacLehose_FineReader_OCR/02_40_NNE-_1554_The_coynes_waights_and_measures_used_in_Russia_pp.273-278.txt	0.14035904574997576	1.3442250558823085E-4	0.19209163860901063	0.0036877071028048446	0.663420960267758	3.5940099985942504E-5	9.629693370743597E-5	5.789214106539856E-5	1.68960907325456E-5	9.920049937113727E-5
87	file:/C:/Users/apovzner/Documents/Hakluyt/Cambridge_MacLehose_FineReader_OCR/02_41_NNE-_1555_The_letters_of_King_Philip_and_Queene_Mary_to_Ivan_Vasilivich_the_Emperor_of_Russia_pp.278-281.txt	0.6704673719709503	1.9883140252731132E-4	0.03803745439428668	0.008714223349170467	0.2821291642379248	5.3160893377979185E-5	1.4243786265062292E-4	8.56313126508926E-5	2.4991897025574285E-5	1.4673267943533862E-4
88	file:/C:/Users/apovzner/Documents/Hakluyt/Cambridge_MacLehose_FineReader_OCR/02_42_NNE-_1555_The_Commission_given_to_the_merchants_Agents_resiant_in_Russia_pp.281-289.txt	0.7202449282682735	0.0015864430847406122	0.12136751087224609	0.07427343697613456	0.08157228201359826	2.4386244439183253E-5	6.533984504917552E-5	7.868982951711764E-4	1.1464414368119086E-5	6.730998597944379E-5
89	file:/C:/Users/apovzner/Documents/Hakluyt/Cambridge_MacLehose_FineReader_OCR/02_43_NNE-_1555_The_othe_ministred_to_the_servants_of_the_Moscovie_company_pp.290-290.txt	0.9711015569018889	0.0011032382363113944	0.012109821439342663	0.012179979167549416	9.921348342730525E-4	2.9496915228470434E-4	7.903323840058556E-4	4.751348989203241E-4	1.3867033097442083E-4	8.141626544491749E-4
90	file:/C:/Users/apovzner/Documents/Hakluyt/Cambridge_MacLehose_FineReader_OCR/02_44_NNE-_1555_The_letter_of_George_Killingworth_the_first_Agent_in_Russia_written_to_the_Company_pp.291-297.txt	0.32258644850291474	1.2132224134450306E-4	0.04508741100317842	0.17238444535479838	0.45954399063582074	3.243752573543645E-5	8.691223081183247E-5	5.225021122431184E-5	1.5249467257452998E-5	8.953282691417161E-5
91	file:/C:/Users/apovzner/Documents/Hakluyt/Cambridge_MacLehose_FineReader_OCR/02_45_NNE-_1555_The_first_Privileges_graunted_by_the_Emperour_of_Russia_to_the_English_merchants_pp.297-303.txt	0.8674469467201444	1.2713812384685126E-4	0.04620666873294671	0.020161775579203265	0.06576783951279694	3.39924989724417E-5	9.10785841269123E-5	5.475495467312913E-5	1.5980488287149554E-5	9.382480500215717E-5
92	file:/C:/Users/apovzner/Documents/Hakluyt/Cambridge_MacLehose_FineReader_OCR/02_46_NNE-_1555_The_Charter_of_the_merchants_of_the_Moscovie_company_granted_by_Queene_Mary_pp.304-316.txt	0.9613530474489603	0.009191597732710433	6.792220213858674E-4	0.00829125600438647	0.014257432066454837	1.654438464388851E-5	0.005623601133247128	5.338562115785996E-4	7.7778143123311E-6	4.566518232013415E-5
93	file:/C:/Users/apovzner/Documents/Hakluyt/Cambridge_MacLehose_FineReader_OCR/02_47_NNE-_1556_Instructions_given_to_the_Pursers_of_the_Moscovie_voyage_pp.317-322.txt	0.44460452017154806	0.05254850647255537	0.061552117298832365	0.334771117113173	0.10492948725724974	4.0692757765785506E-5	0.0013565622234071894	6.55476994732453E-5	1.9130401073929593E-5	1.1231860492134314E-4
94	file:/C:/Users/apovzner/Documents/Hakluyt/Cambridge_MacLehose_FineReader_OCR/02_48_NNE-_1556_The_voyage_of_Stephen_Burrough_toward_the_River_of_Ob_intending_the_discovery_of_the_Northeast_passa_pp.322-344.txt	1.1114345762161091E-4	0.6628615672306155	0.05315781453102923	0.26683628339892723	0.016953478567835478	9.35547178913388E-6	2.5066798562953052E-5	1.5069749187168042E-5	4.398176417338964E-6	2.582261801435358E-5
95	file:/C:/Users/apovzner/Documents/Hakluyt/Cambridge_MacLehose_FineReader_OCR/02_49_NNE-_1556_The_landing_of_Richard_Johnson_among_the_Samoeds_Anno_1556_pp.345-349.txt	0.0017982648195363307	0.1323538414656141	0.4112831196835443	0.09506026265291403	0.3591443099639839	4.2274936776439415E-5	1.1327032439640207E-4	6.809626585206215E-5	1.9874212029647406E-5	1.1668567535277738E-4
96	file:/C:/Users/apovzner/Documents/Hakluyt/Cambridge_MacLehose_FineReader_OCR/02_50_NNE-_1557_A_discourse_of_the_honourable_receiving_into_England_of_the_first_Ambassadour_from_the_Emperour_of_R_pp.350-362.txt	0.46436075773388097	6.005149444771088E-5	0.11387136077726452	0.10698400229622566	0.2825922735577173	1.6055769123715567E-5	0.03203777118363411	2.586255606932577E-5	7.548107323051686E-6	4.4316524313600986E-5
97	file:/C:/Users/apovzner/Documents/Hakluyt/Cambridge_MacLehose_FineReader_OCR/02_51_NNE-_1557_The_voyage_of_the_aforesaide_Stephen_Burrough_from_Colmogro_in_Russia_to_Wardhouse_in_search_of_cert_pp.363-375.txt	0.016083101670263063	0.6938581990499881	0.03962892435137017	0.1298160907990414	0.11995886943220899	1.671393298497937E-5	4.4782860851100045E-5	2.6922723267395188E-5	7.857522052591819E-6	5.585376579721876E-4
98	file:/C:/Users/apovzner/Documents/Hakluyt/Cambridge_MacLehose_FineReader_OCR/02_52_NNE-_1557_Instructions_given_to_the_Masters_and_Mariners_of_the_ships_of_the_Moscovie_Company_sayling_towards__pp.375-378.txt	0.5723578339426089	0.09454116350662278	0.046843591264199964	0.18928037378420665	0.08489441927728095	6.277845615644533E-5	0.009791304928433098	1.0112323674943618E-4	2.951328715510861E-5	0.00209789831658667
