0	file:/C:/Users/apovzner/Documents/Hakluyt/Cambridge_MacLehose_FineReader_OCR/01_01_NNE-_0517_The_voyage_of_Arthur_K_of_Britaine_to_Island_and_the_most_Northeastern_parts_of_Europe_Anno_517_pp.003-004.txt	0.005219514098207407	0.6022497315093482	8.714502207294588E-4	0.2197464251204796	0.1719128790512353
1	file:/C:/Users/apovzner/Documents/Hakluyt/Cambridge_MacLehose_FineReader_OCR/01_02_NNE-_0517_Two_testimonies_of_Galfridus_Monumetensis_in_his_history_of_the_Kings_of_Brittaine_concerning_the_co_pp.004-004.txt	0.08299995809011397	0.6442148787219577	0.014953549835232137	0.12769144457907375	0.13014016877362253
2	file:/C:/Users/apovzner/Documents/Hakluyt/Cambridge_MacLehose_FineReader_OCR/01_03_NNE-_0580_A_testimony_of_M_Lambard_in_his_touching_the_right_and_appendances_of_the_Crowne_of_the_kingdome_of__pp.005-007.txt	0.015569690622278923	0.4907242401468018	4.277423221385811E-4	0.3364249408478804	0.15685338606090016
3	file:/C:/Users/apovzner/Documents/Hakluyt/Cambridge_MacLehose_FineReader_OCR/01_04_NNE-_0580_The_voyage_of_Malgo_king_of_Britaine_to_Island_Gotland_Orkney_Denmark_and_Norway_Anno_580_pp.007-008.txt	0.0047682190376098325	0.5674699965491121	0.007713145251287668	0.10390787526048735	0.3161407639015031
4	file:/C:/Users/apovzner/Documents/Hakluyt/Cambridge_MacLehose_FineReader_OCR/01_05_NNE-_0624_The_conquest_of_the_Isles_of_Anglesey_and_Man_by_Edwin_the_Saxon_king_of_Northumberland_Anno_624_pp.008-010.txt	0.012192674195107608	0.6190284926780858	5.21796187506957E-4	0.15651239195415542	0.21174464498514417
5	file:/C:/Users/apovzner/Documents/Hakluyt/Cambridge_MacLehose_FineReader_OCR/01_06_NNE-_0624_The_voyage_of_Bertus_into_Ireland_Anno_684_pp.010-010.txt	0.023440171773197366	0.652686273967768	0.0015969489417392807	0.15987146954034348	0.16240513577695195
6	file:/C:/Users/apovzner/Documents/Hakluyt/Cambridge_MacLehose_FineReader_OCR/01_07_NNE-_0890_The_voyage_of_Octher_to_the_North_parts_beyond_Norway_about_the_yeere_890_pp.011-014.txt	0.0019833203562833837	0.0015518811808354518	0.3542162337771994	6.331786385865653E-5	0.642185246821823
7	file:/C:/Users/apovzner/Documents/Hakluyt/Cambridge_MacLehose_FineReader_OCR/01_08_NNE-_0890_The_second_voyage_of_Octher_into_the_Sound_of_Denmarke_pp.014-015.txt	0.02617187463748612	2.460668379035752E-4	0.2412381225173944	1.3748583235242656E-4	0.7322064501748634
8	file:/C:/Users/apovzner/Documents/Hakluyt/Cambridge_MacLehose_FineReader_OCR/01_09_NNE-_0890_Wolstans_Navigation_into_the_East_sea_or_the_Sound_of_Denmarke_pp.015-016.txt	0.14362438713566064	0.08564665434369738	0.022160368700869203	1.565579338504094E-4	0.7484120318859223
9	file:/C:/Users/apovzner/Documents/Hakluyt/Cambridge_MacLehose_FineReader_OCR/01_10_NNE-_0973_The_voyage_of_King_Edgar_with_4000_shippes_round_about_his_large_Monarchie_Anno_973_pp.016-023.txt	0.22406221589629896	0.3682836010790736	1.7227646720517213E-4	0.13400085056308006	0.27348105599434214
10	file:/C:/Users/apovzner/Documents/Hakluyt/Cambridge_MacLehose_FineReader_OCR/01_11_NNE-_0973_The_voyage_of_Edmund_and_Edward_the_sonnes_of_King_Edmund_Ironside_into_Hungary_Anno_1017_pp.024-025.txt	0.2409493499130768	0.30540731856860226	7.167746089873158E-4	0.19319874254589917	0.2597278143634345
11	file:/C:/Users/apovzner/Documents/Hakluyt/Cambridge_MacLehose_FineReader_OCR/01_12_NNE-_1249_A_Chronicle_of_the_Kings_of_Man_taken_out_of_M_Camdens_Chorographie_pp.025-041.txt	0.47977481316568965	0.023326734359194887	0.08920769887391246	1.6276827913711046E-5	0.4076744767732894
12	file:/C:/Users/apovzner/Documents/Hakluyt/Cambridge_MacLehose_FineReader_OCR/01_13_NNE-_1067_The_mariage_of_the_daughter_of_Harald_unto_Jeruslaus_duke_of_Russia_in_his_owne_Countrey_Anno_1067_pp.042-042.txt	0.21075690925772073	0.4584318795393734	0.0015969489417392807	0.15987146954034348	0.16934279272082317
13	file:/C:/Users/apovzner/Documents/Hakluyt/Cambridge_MacLehose_FineReader_OCR/01_14_NNE-_1278_The_ancient_state_of_the_shipping_of_the_Cinque_Ports_pp.042-050.txt	0.5167076128827157	0.11945930126953704	1.6861675881168253E-4	0.006624968123345033	0.35703950096559045
14	file:/C:/Users/apovzner/Documents/Hakluyt/Cambridge_MacLehose_FineReader_OCR/01_15_NNE-_1243_The_voyage_of_a_certaine_Englishman_into_Tartaria_and_from_thence_into_Poland_and_Hungary_Anno_1243_pp.050-054.txt	0.20884569356685032	1.0322609699305949E-4	3.01629274618981E-4	0.005299172045750222	0.7854502790157875
15	file:/C:/Users/apovzner/Documents/Hakluyt/Cambridge_MacLehose_FineReader_OCR/01_16_NNE-_1246_Libellus_historicus_Johannis_de_Plano_Carpini_pp.055-094.txt	4.0302403833535915E-5	8.38387331760555E-6	2.44978905620816E-5	0.9998832639389879	4.3551893299039235E-5
16	file:/C:/Users/apovzner/Documents/Hakluyt/Cambridge_MacLehose_FineReader_OCR/01_17_NNE-_1246_The_long_and_wonderfull_voyage_of_Frier_John_de_Plano_Carpini_Anno_1246_pp.094-179.txt	0.032558545971712254	4.808654461048265E-6	0.006728680116733616	0.7296997443730686	0.2310082208840245
17	file:/C:/Users/apovzner/Documents/Hakluyt/Cambridge_MacLehose_FineReader_OCR/01_18_NNE-_1253_The_journall_of_Frier_William_de_Rubricis_Anno_1253_pp.179-293.txt	0.03089699099079785	3.5878825545309317E-6	0.008026464512487117	0.7019468538093792	0.2591261028047813
18	file:/C:/Users/apovzner/Documents/Hakluyt/Cambridge_MacLehose_FineReader_OCR/01_19_NNE-_1278_Part_of_the_great_Charter_graunted_by_King_Edward_the_first_to_the_Barons_of_the_Cinque_Ports_pp.293-296.txt	0.8502910169420629	0.03310277001280079	4.2147665208589895E-4	8.059245728909044E-5	0.11610414393576124
19	file:/C:/Users/apovzner/Documents/Hakluyt/Cambridge_MacLehose_FineReader_OCR/01_20_NNE-_1345_The_rolle_of_the_huge_Fleete_of_Edward_the_thirde_before_Caleis_pp.297-299.txt	0.06071060782073426	0.6476918383067963	0.2817911532963324	1.2499212076203154E-4	0.009681408455374978
20	file:/C:/Users/apovzner/Documents/Hakluyt/Cambridge_MacLehose_FineReader_OCR/01_21_NNE-_1345_The_summe_of_expences_layde_out_in_the_siege_of_Caleis_pp.299-300.txt	0.09878978062434791	0.801320878397548	0.05495466944139321	0.043458095001760975	0.0014765765349500346
21	file:/C:/Users/apovzner/Documents/Hakluyt/Cambridge_MacLehose_FineReader_OCR/01_22_NNE-_1360_A_note_of_Thomas_Walsingham_touching_King_Edward_the_thirde_his_huge_Fleete_of_1100_ships_wherewith__pp.300-301.txt	0.08818697594947587	0.6696229350104188	0.0036926888673580317	0.19524476908780636	0.04325263108494102
22	file:/C:/Users/apovzner/Documents/Hakluyt/Cambridge_MacLehose_FineReader_OCR/01_23_NNE-_1360_The_voyage_of_Nicolaus_de_Linna_a_Franciscan_Frier_and_an_excellent_Mathematician_of_Oxford_to_all_t_pp.301-303.txt	0.057380719242405565	0.48849047358366754	0.063356938565555	0.2075781353055932	0.1831937333027788
23	file:/C:/Users/apovzner/Documents/Hakluyt/Cambridge_MacLehose_FineReader_OCR/01_24_NNE-_1360_A_Testimonie_of_the_learned_Mathematician_Master_John_Dee_touching_the_foresaid_voyage_of_Nicholas_D_pp.303-304.txt	0.057769020042531365	0.5188857663833758	0.05101571813763658	0.21702339578992244	0.15530609964653394
24	file:/C:/Users/apovzner/Documents/Hakluyt/Cambridge_MacLehose_FineReader_OCR/01_25_NNE-_1390_The_voyage_of_Henry_Earle_of_Derby_afterward_King_of_England_into_Prussia_and_Letto_Anno_1390_pp.304-305.txt	0.18785993216571137	0.42260295194235226	0.01136825364031453	0.20779837856397332	0.17037048368764857
25	file:/C:/Users/apovzner/Documents/Hakluyt/Cambridge_MacLehose_FineReader_OCR/01_26_NNE-_1402_The_voyage_of_Thomas_of_Woodstock_duke_of_Glocester_into_Prussia_Anno_1391_pp.306-307.txt	0.1212053708345734	0.45005123782075157	0.004098693978286047	0.2067163065268667	0.21792839083952237
26	file:/C:/Users/apovzner/Documents/Hakluyt/Cambridge_MacLehose_FineReader_OCR/01_27_NNE-_1402_Certaine_verses_of_Geffrey_Chaucer_concerning_the_long_Voyages_and_valiant_exploits_of_the_English_k_pp.307-308.txt	0.1463125430067672	0.4944576773976848	8.552607401494742E-4	0.01131011683680869	0.3470644020185899
27	file:/C:/Users/apovzner/Documents/Hakluyt/Cambridge_MacLehose_FineReader_OCR/01_28_NNE-_0604_A_testimonie_out_of_Cornelius_Tacitus_proving_London_to_have_bene_a_famous_Mart-towne_in_the_raigne__pp.308-309.txt	0.0794330716364365	0.6282166201383462	0.004570786927390069	0.11906037626678592	0.16871914503104135
28	file:/C:/Users/apovzner/Documents/Hakluyt/Cambridge_MacLehose_FineReader_OCR/01_29_NNE-_0604_A_testimony_out_of_venerable_Beda_prooving_London_to_have_bene_a_Citie_of_great_traffique_in_his_tim_pp.309-309.txt	0.026574355756872014	0.6062469761685393	0.0018104768904409427	0.1183255491389321	0.24704264204521567
29	file:/C:/Users/apovzner/Documents/Hakluyt/Cambridge_MacLehose_FineReader_OCR/01_30_NNE-_0795_The_league_betweene_Carolus_Magnus_and_Offa_King_of_Mercia_concerning_the_safe_trade_of_English_Merc_pp.310-312.txt	0.1877078092817838	0.4736017347037461	4.6772304206168266E-4	0.15045288320211392	0.1877698497702945
30	file:/C:/Users/apovzner/Documents/Hakluyt/Cambridge_MacLehose_FineReader_OCR/01_31_NNE-_0795_An_ancient_testimony_translated_out_of_the_olde_Saxon_Lawes_conteyning_the_advancement_of_Merchants__pp.312-312.txt	0.2339233669093133	0.3062360634641511	0.0017159990704039244	3.2812394495688855E-4	0.4577964466111748
31	file:/C:/Users/apovzner/Documents/Hakluyt/Cambridge_MacLehose_FineReader_OCR/01_32_NNE-_1027_A_testimony_of_certaine_Privileges_obteined_for_the_English_and_Danish_Merchants_by_Canutus_the_King_pp.313-314.txt	0.13047414963445894	0.45430527452192065	7.258150657269643E-4	0.3974385563910752	0.017056204386818315
32	file:/C:/Users/apovzner/Documents/Hakluyt/Cambridge_MacLehose_FineReader_OCR/01_33_NNE-_1140_The_flourishing_state_of_Merchandise_in_the_City_of_London_in_the_dayes_of_Wilhelmus_Malmesburiensis_pp.314-315.txt	0.1921930911988517	0.4445005324582524	0.004269389393578102	0.12509163719359392	0.23394534975572395
33	file:/C:/Users/apovzner/Documents/Hakluyt/Cambridge_MacLehose_FineReader_OCR/01_34_NNE-_1140_A_testimony_of_the_said_Wil_of_Malmesbury_concerning_traffique_to_Bristow_in_his_time_pp.315-315.txt	0.18779429616355076	0.4445640326064114	0.03130204219046445	0.007725381174308243	0.3286142478652652
34	file:/C:/Users/apovzner/Documents/Hakluyt/Cambridge_MacLehose_FineReader_OCR/01_35_NNE-_1157_The_league_betweene_Henry_the_second_and_Frederick_Barbarossa_Emperour_of_Germany_partly_touching_tr_pp.316-318.txt	0.2491654698314537	0.3860870284103664	4.7252373789819744E-4	0.27516478174583453	0.08911019627444718
35	file:/C:/Users/apovzner/Documents/Hakluyt/Cambridge_MacLehose_FineReader_OCR/01_36_NNE-_1199_A_generall_safe_conduct_granted_by_King_John_to_all_forreine_Merchants_pp.319-320.txt	0.07640940438089303	0.8191667744794836	6.930361260271439E-4	0.10249871830415336	0.001232066709442799
36	file:/C:/Users/apovzner/Documents/Hakluyt/Cambridge_MacLehose_FineReader_OCR/01_37_NNE-_1229_The_letters_of_King_Henry_the_third_unto_Haquinus_king_of_Norwey_pp.320-322.txt	0.20330499953694744	0.7014497942114256	0.009016876979913071	0.08535605456761129	8.722747041025192E-4
37	file:/C:/Users/apovzner/Documents/Hakluyt/Cambridge_MacLehose_FineReader_OCR/01_38_NNE-_1229_A_mandate_for_the_king_of_Norway_his_ship_called_The_Cog_pp.322-323.txt	0.1352427854052621	0.7316332351891734	7.014841574828254E-4	0.12203299519319508	0.010389500054886546
38	file:/C:/Users/apovzner/Documents/Hakluyt/Cambridge_MacLehose_FineReader_OCR/01_39_NNE-_1236_A_Charter_granted_for_the_behalfe_of_the_Merchants_of_Colen_in_the_20_yeere_of_Henry_the_thirde_pp.323-324.txt	0.07625791289537255	0.7902350675318908	6.185443239052564E-4	0.1317888386769731	0.0010996365718583358
39	file:/C:/Users/apovzner/Documents/Hakluyt/Cambridge_MacLehose_FineReader_OCR/01_40_NNE-_1257_The_Charter_of_Lubeck_granted_for_seven_yeeres_in_the_time_of_Henry_the_third_pp.324-325.txt	0.26475764385742506	0.6666227826952518	6.669323809363944E-4	0.06676698110849744	0.0011856599578893689
40	file:/C:/Users/apovzner/Documents/Hakluyt/Cambridge_MacLehose_FineReader_OCR/01_41_NNE-_1260_A_Charter_of_the_Merchants_of_Almaine_or_the_Stilyard-merchants_pp.326-327.txt	0.1368476465742505	0.7105445867423875	0.004503850233446942	0.13562237328492546	0.01248154316498962
41	file:/C:/Users/apovzner/Documents/Hakluyt/Cambridge_MacLehose_FineReader_OCR/01_42_NNE-_1303_A_mandate_of_King_Edward_the_first_concerning_outlandish_Merchants_pp.327-327.txt	0.12489993343998966	0.8126926706501685	0.0016543349847100964	0.0506250547515588	0.010128006173573076
42	file:/C:/Users/apovzner/Documents/Hakluyt/Cambridge_MacLehose_FineReader_OCR/01_43_NNE-_1303_King_Edw_the_first_his_great_Charter_granted_to_forreine_Merchants_Anno_Dom_1303_pp.327-339.txt	0.2792435625771521	0.4494543141218406	9.777903807587301E-5	0.2561630950428052	0.015041249220126297
43	file:/C:/Users/apovzner/Documents/Hakluyt/Cambridge_MacLehose_FineReader_OCR/01_44_NNE-_1313_The_letters_of_Edward_the_second_unto_Haquinus_King_of_Norway_concerning_certain_English_Merchants_a_pp.339-343.txt	0.20631356191876893	0.6018134136386512	0.0013993043144937347	0.16953370917576285	0.02094001095232334
44	file:/C:/Users/apovzner/Documents/Hakluyt/Cambridge_MacLehose_FineReader_OCR/01_45_NNE-_1313_Another_letter_of_Edw_the_second_unto_the_said_Haquinus_for_the_merchants_aforesaid_pp.343-344.txt	0.2657499924660669	0.6872731006892523	6.481530059819233E-4	0.045176479503631475	0.00115227433506739
45	file:/C:/Users/apovzner/Documents/Hakluyt/Cambridge_MacLehose_FineReader_OCR/01_46_NNE-_1313_A_third_letter_of_King_Edward_the_second_to_the_said_Haquinus_in_the_behalfe_of_our_English_merchant_pp.344-349.txt	0.3495896933763665	0.4507466081757534	2.2454048493486165E-4	0.17562855775906888	0.023810600203876323
46	file:/C:/Users/apovzner/Documents/Hakluyt/Cambridge_MacLehose_FineReader_OCR/01_47_NNE-_1320_An_Ordinance_for_the_Staple_to_be_holden_at_one_certaine_place_pp.350-355.txt	0.2660374142747265	0.5770430184098566	2.4458148099505586E-4	0.15517763325930622	0.0014973525751156497
47	file:/C:/Users/apovzner/Documents/Hakluyt/Cambridge_MacLehose_FineReader_OCR/02_01_NNE-_1262_A_Catalogue_of_the_great_Masters_of_Prussia_pp.001-011.txt	0.5130142426599379	0.0029628696825836536	1.342862965969312E-4	2.5677490246346172E-5	0.4838629238706351
48	file:/C:/Users/apovzner/Documents/Hakluyt/Cambridge_MacLehose_FineReader_OCR/02_02_NNE-_1388_The_Oration_or_speach_of_the_Ambassadours_sent_from_Conradus_de_Zolner_Master_generall_of_the_land_o_pp.012-018.txt	0.8885904145300547	7.783111633860476E-5	2.27424496787642E-4	4.3486866836257034E-5	0.1110608429899827
49	file:/C:/Users/apovzner/Documents/Hakluyt/Cambridge_MacLehose_FineReader_OCR/02_03_NNE-_1390_An_agreement_made_by_the_Ambassadours_of_England_and_Prussia_confirmed_by_king_Richard_the_second_pp.018-024.txt	0.9918044512340107	7.368164109118878E-5	2.1529962482806717E-4	4.1168415219301104E-5	0.007865399084850669
50	file:/C:/Users/apovzner/Documents/Hakluyt/Cambridge_MacLehose_FineReader_OCR/02_04_NNE-_1398_The_letters_of_Conradus_de_Jungingen_Master_generall_of_Prussia_unto_Rich_the_second_pp.025-027.txt	0.9778202920541087	1.789791810463315E-4	5.229817083419711E-4	1.0000169827660067E-4	0.021377745358226518
51	file:/C:/Users/apovzner/Documents/Hakluyt/Cambridge_MacLehose_FineReader_OCR/02_05_NNE-_1407_A_briefe_relation_of_William_Esturmy_and_John_Kington_concerning_their_Ambassages_into_Prussia_and_t_pp.027-033.txt	0.9874157560779715	7.767762461448754E-5	0.011073595213317758	4.340110583884163E-5	0.0013895699782573634
52	file:/C:/Users/apovzner/Documents/Hakluyt/Cambridge_MacLehose_FineReader_OCR/02_06_NNE-_1407_Certaine_Articles_of_complaint_exhibited_by_the_Livonians_pp.033-034.txt	0.997460538402895	2.624635936663284E-4	7.669252803076384E-4	1.4664725220537298E-4	0.0013634254709257677
53	file:/C:/Users/apovzner/Documents/Hakluyt/Cambridge_MacLehose_FineReader_OCR/02_07_NNE-_1407_Other_complaints_exhibited_by_the_Cities_of_the_Hans_pp.034-036.txt	0.9933782653357688	1.888476003951828E-4	0.005346360714783321	1.0551551663481145E-4	9.810108324179191E-4
54	file:/C:/Users/apovzner/Documents/Hakluyt/Cambridge_MacLehose_FineReader_OCR/02_08_NNE-_1403_Compositions_and_Ordinances_concluded_betweene_the_Ambassadours_of_Prussia_and_the_Chanceller_and_Tr_pp.036-038.txt	0.9846013056313473	1.7938674770169908E-4	5.241726284503393E-4	1.0022941949791479E-4	0.014594905573002876
55	file:/C:/Users/apovzner/Documents/Hakluyt/Cambridge_MacLehose_FineReader_OCR/02_09_NNE-_1403_The_letters_of_the_Chanceller_and_Treasurer_of_England_unto_Conradus_de_Jungingen_master_generall_of_pp.038-041.txt	0.9776638807460238	1.2785396485410908E-4	0.001996597960606075	7.143631757650052E-5	0.02014023101093933
56	file:/C:/Users/apovzner/Documents/Hakluyt/Cambridge_MacLehose_FineReader_OCR/02_10_NNE-_1404_The_letters_of_king_Henry_the_fourth_unto_Conradus_de_Jungingen_the_master_generall_of_Prussia_for_e_pp.041-043.txt	0.9567831619455222	1.8145274464644078E-4	5.302095239444058E-4	1.0138376159457995E-4	0.04240379202429248
57	file:/C:/Users/apovzner/Documents/Hakluyt/Cambridge_MacLehose_FineReader_OCR/02_11_NNE-_1404_The_letters_of_Conradus_de_Jungingen_unto_king_Henry_the_fourth_pp.044-046.txt	0.8315750762239711	1.8749914128613236E-4	5.478772483437061E-4	1.0476208710086645E-4	0.1675847852992983
58	file:/C:/Users/apovzner/Documents/Hakluyt/Cambridge_MacLehose_FineReader_OCR/02_12_NNE-_1405_An_agreement_made_betweene_king_Henry_the_fourth_and_Conradus_de_Jungingen_pp.047-055.txt	0.9971651869864009	5.9357718408544365E-5	0.002433943277375251	3.316515704215948E-5	3.083468607731376E-4
59	file:/C:/Users/apovzner/Documents/Hakluyt/Cambridge_MacLehose_FineReader_OCR/02_13_NNE-_1405_An_agreement_betweene_king_Henry_the_fourth_and_the_Hans-townes_pp.055-067.txt	0.9702759866529297	3.672302152875704E-5	0.015957080440435895	2.0518389330283194E-5	0.013709691495775583
60	file:/C:/Users/apovzner/Documents/Hakluyt/Cambridge_MacLehose_FineReader_OCR/02_14_NNE-_1405_A_testimonie_out_of_Albertus_Krantzius_concerning_the_surprise_of_Bergen_in_Norway_wherein_21_houses_pp.068-071.txt	0.793970699391115	0.0018404722918247895	0.012335235157493638	7.509258791749467E-5	0.19177850057164908
61	file:/C:/Users/apovzner/Documents/Hakluyt/Cambridge_MacLehose_FineReader_OCR/02_15_NNE-_1407_The_grievances_and_offences_whereat_the_merchants_of_the_Hans_found_themselves_agrieved_pp.072-083.txt	0.9657284306577583	4.3712484173442086E-5	0.0017924157101026031	2.442363758554495E-5	0.03241101751038013
62	file:/C:/Users/apovzner/Documents/Hakluyt/Cambridge_MacLehose_FineReader_OCR/02_16_NNE-_1407_A_letter_of_Henry_the_fourth_king_of_England_unto_Conradus_de_Jungingen_Master_generall_of_Prussia_pp.083-085.txt	0.9982362320337529	1.8229252977973378E-4	5.326633974121588E-4	1.0185297784099356E-4	9.469590612142437E-4
63	file:/C:/Users/apovzner/Documents/Hakluyt/Cambridge_MacLehose_FineReader_OCR/02_17_NNE-_1408_A_letter_of_Werneherus_de_Tettingen_commander_in_Elbing_unto_sir_William_Sturmy_Ambassadour_unto_kin_pp.085-090.txt	0.9990862499822997	9.443974802834568E-5	2.759553400038415E-4	5.276666890773211E-5	4.905882607602845E-4
64	file:/C:/Users/apovzner/Documents/Hakluyt/Cambridge_MacLehose_FineReader_OCR/02_18_NNE-_1408_The_letters_of_Ulricus_de_Jungingen_master_generall_of_Prussia_signifying_unto_king_Henry_the_4_that_pp.091-095.txt	0.9588999917933124	1.0878553697982096E-4	3.178740993226349E-4	6.078214450594626E-5	0.04061256642587904
65	file:/C:/Users/apovzner/Documents/Hakluyt/Cambridge_MacLehose_FineReader_OCR/02_19_NNE-_1408_The_letters_of_king_Henry_the_fourth_unto_Ulricus_de_Jungingen_wherein_he_doth_absolutely_approve_th_pp.095-098.txt	0.9932473161464468	1.4139341986871862E-4	4.131551604994435E-4	7.900126723871903E-5	0.006119134005946131
66	file:/C:/Users/apovzner/Documents/Hakluyt/Cambridge_MacLehose_FineReader_OCR/02_20_NNE-_1409_A_new_concord_betweene_king_Henry_the_fourth_and_Ulricus_de_Jungingen_pp.098-106.txt	0.9174838324485114	0.054709928758877695	0.005766904814589586	0.01474557633510285	0.007293757642918395
67	file:/C:/Users/apovzner/Documents/Hakluyt/Cambridge_MacLehose_FineReader_OCR/02_21_NNE-_1404_A_Charter_of_king_Henry_the_fourth_graunted_in_the_fifth_yeere_of_his_raigne_unto_the_English_mercha_pp.106-110.txt	0.44037252461753656	0.45060622724409144	2.707617473573331E-4	0.10591657994977988	0.0028339064412347156
68	file:/C:/Users/apovzner/Documents/Hakluyt/Cambridge_MacLehose_FineReader_OCR/02_22_NNE-_1430_A_note_touching_the_mighty_ships_of_king_Henry_the_fift_taken_out_of_a_Chronicle_in_the_Trinitie_Chu_pp.111-111.txt	0.2725899040944407	0.47066157466896696	0.0013529119314854563	0.2529904276861535	0.0024051816189534425
69	file:/C:/Users/apovzner/Documents/Hakluyt/Cambridge_MacLehose_FineReader_OCR/02_23_NNE-_1430_A_branch_of_a_Statute_made_in_the_eight_yeere_of_Henry_the_6_for_the_trade_to_Norway_Sweveland_Denma_pp.111-113.txt	0.6216654837316221	0.29271060634817025	0.01311229121696966	0.07165035893893221	8.612597643058383E-4
70	file:/C:/Users/apovzner/Documents/Hakluyt/Cambridge_MacLehose_FineReader_OCR/02_24_NNE-_1432_Another_branch_of_a_Statute_made_in_the_10_yeere_of_king_Henry_the_sixt_concerning_the_state_of_Engl_pp.113-114.txt	0.49474840146373933	0.4162116111331818	0.03486110026033199	1.3663225654460465E-4	0.05404225488620229
71	file:/C:/Users/apovzner/Documents/Hakluyt/Cambridge_MacLehose_FineReader_OCR/02_25_NNE-_1437_Libellus_de_politia_conservativa_Maris_Or_The_pollicy_of_keeping_the_Sea_pp.114-147.txt	0.21296424185529841	0.3588134002172786	0.026291514086815668	0.0037882597382398286	0.39814258410236747
72	file:/C:/Users/apovzner/Documents/Hakluyt/Cambridge_MacLehose_FineReader_OCR/02_26_NNE-_1462_A_large_Charter_granted_by_king_Edward_the_fourth_in_the_second_yere_of_his_raigne_to_the_English_me_pp.147-158.txt	0.9593272763118065	4.285637491406414E-5	1.2522741491424795E-4	2.394530049992629E-5	0.04048069459786519
73	file:/C:/Users/apovzner/Documents/Hakluyt/Cambridge_MacLehose_FineReader_OCR/02_27_NNE-_1527_A_perswasion_of_Robert_Thome_merchant_of_Bristol_and_dwelling_long_in_Sivil_in_Spaine_to_king_Henry__pp.159-163.txt	0.32061787105863293	1.0730372961215117E-4	0.049350453645428054	5.9954208807394825E-5	0.6298644173575194
74	file:/C:/Users/apovzner/Documents/Hakluyt/Cambridge_MacLehose_FineReader_OCR/02_28_NNE-_1527_The_discourse_of_the_foresaid_Robert_Thorne_written_to_Doctour_Leigh_the_Kings_Ambassadour_in_Spaine_pp.164-181.txt	0.1831837587683067	0.003419319898203611	0.2328427050771279	0.016588202574352465	0.5639660136820095
75	file:/C:/Users/apovzner/Documents/Hakluyt/Cambridge_MacLehose_FineReader_OCR/02_29_NNE-_1580_A_briefe_treatise_of_the_Emperour_of_Moscovia_his_genealogie_pp.182-194.txt	0.4672781429697259	0.01622987710304841	1.1293901856837822E-4	0.013268962443791072	0.5031100784648662
76	file:/C:/Users/apovzner/Documents/Hakluyt/Cambridge_MacLehose_FineReader_OCR/02_30_NNE-_1553_The_excellent_orders_and_instructions_of_Sebastian_Cabot_given_to_sir_Hugh_Willoughby_and_his_Fleete_pp.195-205.txt	0.614752228352945	4.904679014063187E-5	0.06987567952301275	2.7404094042700684E-5	0.31529564123985887
77	file:/C:/Users/apovzner/Documents/Hakluyt/Cambridge_MacLehose_FineReader_OCR/02_31_NNE-_1553_The_names_of_the_twelve_Counsellers_appointed_in_sir_Hugh_Willoughbies_voyage_pp.206-206.txt	0.2677346039909893	0.5379014751053262	0.06985109679738084	0.12141597992819404	0.003096844178109745
78	file:/C:/Users/apovzner/Documents/Hakluyt/Cambridge_MacLehose_FineReader_OCR/02_32_NNE-_1553_The_letters_of_king_Edward_the_sixt_written_at_that_time_to_all_the_Kings_Princes_and_other_Potentat_pp.206-211.txt	0.29497057089082235	0.3780628440438353	0.015024360031124308	0.2830033203705857	0.028938904663632376
79	file:/C:/Users/apovzner/Documents/Hakluyt/Cambridge_MacLehose_FineReader_OCR/02_33_NNE-_1553_The_voyage_of_sir_Hugh_Willoughby_knight_wherein_he_unfortunately_perished_at_Arzina_Reca_in_Lapland_pp.212-212.txt	0.797564405474312	5.744170005181513E-4	0.19855629461905525	3.209461303541009E-4	0.002983936775760536
80	file:/C:/Users/apovzner/Documents/Hakluyt/Cambridge_MacLehose_FineReader_OCR/02_34_NNE-_1553_The_names_of_the_Ships_Captains_Mariners_and_other_officers_of_that_first_worthy_enterprise_pp.212-214.txt	0.7442813631441513	1.8187166779970972E-4	0.24525550398051535	1.0161782807387309E-4	0.010179643379459835
81	file:/C:/Users/apovzner/Documents/Hakluyt/Cambridge_MacLehose_FineReader_OCR/02_35_NNE-_1553_The_othe_ministred_to_the_Captaine_of_the_Fleete_pp.215-215.txt	0.7235798912567593	6.449605791642616E-4	0.07556999246144627	3.603612043637076E-4	0.19984479449826634
82	file:/C:/Users/apovzner/Documents/Hakluyt/Cambridge_MacLehose_FineReader_OCR/02_36_NNE-_1553_The_othe_ministred_to_the_Masters_of_the_ships_pp.216-224.txt	0.13789024729224303	5.8913803192508546E-5	0.7674809726030865	3.291712665541347E-5	0.09453694917482264
83	file:/C:/Users/apovzner/Documents/Hakluyt/Cambridge_MacLehose_FineReader_OCR/02_37_NNE-_1553_The_voyage_of_Richard_Chanceller_Pilote_major_the_first_discoverer_by_sea_of_the_kingdome_of_Moscovi_pp.224-238.txt	0.2893300068679594	3.537093473985082E-5	0.017165589261791906	1.9762932889385876E-5	0.6934492700026196
84	file:/C:/Users/apovzner/Documents/Hakluyt/Cambridge_MacLehose_FineReader_OCR/02_38_NNE-_1553_A_testimonie_of_Richard_Eden_concerning_Clement_Adams_his_discourse_of_Richard_Chancellers_voyage_pp.239-270.txt	0.27065317093159663	1.6756795168531498E-5	0.061097974462053305	9.36258599871738E-6	0.6682227352251827
85	file:/C:/Users/apovzner/Documents/Hakluyt/Cambridge_MacLehose_FineReader_OCR/02_39_NNE-_1554_The_letters_of_the_Emperour_of_Russia_sent_to_king_Edward_the_sixt_by_Richard_Chanceller_pp.271-272.txt	0.9026369143403887	2.76270641814866E-4	8.072698253305193E-4	1.5436171516675583E-4	0.09612518347729926
86	file:/C:/Users/apovzner/Documents/Hakluyt/Cambridge_MacLehose_FineReader_OCR/02_40_NNE-_1554_The_coynes_waights_and_measures_used_in_Russia_pp.273-278.txt	0.6805764114729346	8.683993444602274E-5	0.0035608423018863777	4.852039702082961E-5	0.31572738589371213
87	file:/C:/Users/apovzner/Documents/Hakluyt/Cambridge_MacLehose_FineReader_OCR/02_41_NNE-_1555_The_letters_of_King_Philip_and_Queene_Mary_to_Ivan_Vasilivich_the_Emperor_of_Russia_pp.278-281.txt	0.9286261976031447	1.2847953379756447E-4	3.75420457729307E-4	7.17858440206876E-5	0.0707981165613076
88	file:/C:/Users/apovzner/Documents/Hakluyt/Cambridge_MacLehose_FineReader_OCR/02_42_NNE-_1555_The_Commission_given_to_the_merchants_Agents_resiant_in_Russia_pp.281-289.txt	0.8565878893987465	5.8913803192508546E-5	0.02709526429357703	3.291712665541347E-5	0.11622501537782845
89	file:/C:/Users/apovzner/Documents/Hakluyt/Cambridge_MacLehose_FineReader_OCR/02_43_NNE-_1555_The_othe_ministred_to_the_servants_of_the_Moscovie_company_pp.290-290.txt	0.98400052556406	7.152299171002945E-4	0.002089919965638737	3.996230508493981E-4	0.012794701502351406
90	file:/C:/Users/apovzner/Documents/Hakluyt/Cambridge_MacLehose_FineReader_OCR/02_44_NNE-_1555_The_letter_of_George_Killingworth_the_first_Agent_in_Russia_written_to_the_Company_pp.291-297.txt	0.6759039437598754	7.837314763333773E-5	0.07783007032143667	4.3789717981711374E-5	0.24614382305307284
91	file:/C:/Users/apovzner/Documents/Hakluyt/Cambridge_MacLehose_FineReader_OCR/02_45_NNE-_1555_The_first_Privileges_graunted_by_the_Emperour_of_Russia_to_the_English_merchants_pp.297-303.txt	0.9470753492733585	8.213189137355597E-5	0.01066598849977862	4.5889854741813454E-5	0.04213064048074751
92	file:/C:/Users/apovzner/Documents/Hakluyt/Cambridge_MacLehose_FineReader_OCR/02_46_NNE-_1555_The_Charter_of_the_merchants_of_the_Moscovie_company_granted_by_Queene_Mary_pp.304-316.txt	0.9864229916423156	3.996470039610909E-5	0.013307108514233721	2.232962452594908E-5	2.0760551852857858E-4
93	file:/C:/Users/apovzner/Documents/Hakluyt/Cambridge_MacLehose_FineReader_OCR/02_47_NNE-_1556_Instructions_given_to_the_Pursers_of_the_Moscovie_voyage_pp.317-322.txt	0.6507952570207286	9.83298399583123E-5	0.2699028225065117	5.494019432657989E-5	0.07914865043847474
94	file:/C:/Users/apovzner/Documents/Hakluyt/Cambridge_MacLehose_FineReader_OCR/02_48_NNE-_1556_The_voyage_of_Stephen_Burrough_toward_the_River_of_Ob_intending_the_discovery_of_the_Northeast_passa_pp.322-344.txt	0.005845629234868928	2.2596922349630295E-5	0.9102415226022167	1.2625661809249964E-5	0.08387762557875551
95	file:/C:/Users/apovzner/Documents/Hakluyt/Cambridge_MacLehose_FineReader_OCR/02_49_NNE-_1556_The_landing_of_Richard_Johnson_among_the_Samoeds_Anno_1556_pp.345-349.txt	0.09515600670693407	1.021552047685434E-4	0.12997649041856152	5.707755452296849E-5	0.7747082701152129
96	file:/C:/Users/apovzner/Documents/Hakluyt/Cambridge_MacLehose_FineReader_OCR/02_50_NNE-_1557_A_discourse_of_the_honourable_receiving_into_England_of_the_first_Ambassadour_from_the_Emperour_of_R_pp.350-362.txt	0.7253946287873423	3.878414121212111E-5	0.043438732564542205	2.1670006336701276E-5	0.2311061845005666
97	file:/C:/Users/apovzner/Documents/Hakluyt/Cambridge_MacLehose_FineReader_OCR/02_51_NNE-_1557_The_voyage_of_the_aforesaide_Stephen_Burrough_from_Colmogro_in_Russia_to_Wardhouse_in_search_of_cert_pp.363-375.txt	0.08424747206639015	4.037435508314825E-5	0.8339890776464702	2.2558512400904103E-5	0.08170051741965562
98	file:/C:/Users/apovzner/Documents/Hakluyt/Cambridge_MacLehose_FineReader_OCR/02_52_NNE-_1557_Instructions_given_to_the_Masters_and_Mariners_of_the_ships_of_the_Moscovie_Company_sayling_towards__pp.375-378.txt	0.5901648221387902	1.5174311515902384E-4	0.3317600119114607	8.47839906796534E-5	0.07783863884391037
99	file:/C:/Users/apovzner/Documents/Hakluyt/Cambridge_MacLehose_FineReader_OCR/02_53_NNE-_1557_A_letter_of_the_Company_of_the_Moscovie_merchants_unto_their_Agents_George_Killingworth_Richard_Gray_pp.379-392.txt	0.7851822510937422	3.848101294945352E-5	0.028444640085971053	2.1500638363928244E-5	0.18631312716897339
100	file:/C:/Users/apovzner/Documents/Hakluyt/Cambridge_MacLehose_FineReader_OCR/02_54_NNE-_1557_A_letter_of_M_Thomas_Hawtree_to_the_Moscovie_Companies_Agent_M_Henry_Lane_at_Colmogro_pp.392-394.txt	0.7561060888434062	1.7346171140920273E-4	0.09959505363463762	9.691890210624816E-5	0.1440284769084408
101	file:/C:/Users/apovzner/Documents/Hakluyt/Cambridge_MacLehose_FineReader_OCR/02_55_NNE-_1558_A_letter_of_M_Richard_Gray_one_of_the_first_Agents_of_the_Moscovie_Company_to_M_Henry_Lane_at_Mosco_pp.394-396.txt	0.6831154373640969	1.7009091116474735E-4	0.18402647812412562	9.50355224470829E-5	0.13259295807816576
102	file:/C:/Users/apovzner/Documents/Hakluyt/Cambridge_MacLehose_FineReader_OCR/02_56_NNE-_1558_A_letter_of_Thomas_Alcock_to_M_Richard_Gray_and_Henry_Lane_Agents_in_Moscovia_from_Tirwill_in_Poland_pp.396-399.txt	0.555496264704864	1.4190281639893035E-4	0.12831010608730328	7.928588424176698E-5	0.3159724405071919
103	file:/C:/Users/apovzner/Documents/Hakluyt/Cambridge_MacLehose_FineReader_OCR/02_57_NNE-_1559_A_letter_of_M_Anthony_Jenkinson_upon_his_returne_from_Boghar_to_M_Henry_Lane_resident_in_Vologda_pp.400-401.txt	0.7928422443747406	0.0036183432572508365	7.720699976090024E-4	1.4763099687384424E-4	0.20261971137352577
104	file:/C:/Users/apovzner/Documents/Hakluyt/Cambridge_MacLehose_FineReader_OCR/02_58_NNE-_1560_A_letter_of_the_Moscovie_Company_to_their_Agents_in_Russia_M_Henry_Lane_Christopher_Hudson_and_Thoma_pp.401-407.txt	0.7519468241635099	7.580883026085364E-5	0.06277318761938014	4.235694747360286E-5	0.18516182243937543
105	file:/C:/Users/apovzner/Documents/Hakluyt/Cambridge_MacLehose_FineReader_OCR/02_59_NNE-_1560_Another_letter_to_the_aforesaid_parties_pp.407-410.txt	0.836937653212504	1.355541437580551E-4	0.07782998396765863	7.573866694991129E-5	0.08502107000912931
106	file:/C:/Users/apovzner/Documents/Hakluyt/Cambridge_MacLehose_FineReader_OCR/02_60_NNE-_1560_The_maner_of_Justice_by_lotts_in_Russia_written_by_M_Henry_Lane_pp.411-412.txt	0.6864493550794369	2.948858065587577E-4	8.616638090436727E-4	1.6476263485587866E-4	0.31222933267010483
107	file:/C:/Users/apovzner/Documents/Hakluyt/Cambridge_MacLehose_FineReader_OCR/02_61_NNE-_1557_The_voyage_of_M_Anthony_Jenkinson_into_Russia_wherein_Osep_Napea_first_Ambassadour_from_the_Emperour_pp.413-425.txt	0.15202504432191802	3.703377404764458E-5	0.4044067754891604	2.069201723186824E-5	0.44351045439764225
108	file:/C:/Users/apovzner/Documents/Hakluyt/Cambridge_MacLehose_FineReader_OCR/02_62_NNE-_1558_The_description_of_Russia_with_the_customes_and_maners_of_the_inhabitants_pp.425-449.txt	0.22918672643468072	2.0911364156578376E-5	0.055806297705085266	1.1683883660172412E-5	0.7149743806124172
109	file:/C:/Users/apovzner/Documents/Hakluyt/Cambridge_MacLehose_FineReader_OCR/02_63_NNE-_1558_The_voyage_of_M_Anthony_Jenkinson_from_the_Citie_of_Mosco_in_Russia_to_Boghar_in_Bactria_Anno_1558_pp.449-479.txt	0.2747342257697863	1.629240114015202E-5	0.18535761568488168	9.103113409581787E-6	0.5398827630307822
110	file:/C:/Users/apovzner/Documents/Hakluyt/Cambridge_MacLehose_FineReader_OCR/02_64_NNE-_1559_Notes_and_observations_gathered_by_Richard_Johnson_of_the_severall_wayes_from_Russia_to_Cathay_over-_pp.480-484.txt	0.3470940815646478	1.1616473328581188E-4	0.031306452911969984	6.490515008794456E-5	0.6214183956400083
111	file:/C:/Users/apovzner/Documents/Hakluyt/Cambridge_MacLehose_FineReader_OCR/02_65_NNE-_1559_A_letter_of_Sigismund_king_of_Polonia_1559_unto_the_Queenes_most_excellent_Majestie_pp.485-487.txt	0.7243131744370909	1.9785974799898333E-4	5.781512040432992E-4	1.1055090712118401E-4	0.27480026370374583
112	file:/C:/Users/apovzner/Documents/Hakluyt/Cambridge_MacLehose_FineReader_OCR/03_01_NNE-_1561_The_letters_of_the_Queenes_Majestie_written_to_the_Emperour_of_Russia_requesting_licence_and_safe-co_pp.001-005.txt	0.29053240891386906	0.45661646422757446	2.7365883127581183E-4	0.244957793544283	0.007619674482997537
113	file:/C:/Users/apovzner/Documents/Hakluyt/Cambridge_MacLehose_FineReader_OCR/03_02_NNE-_1561_The_Queenes_Majesties_letters_to_the_great_Sophie_of_Persia_pp.006-008.txt	0.25386861592074605	0.4196296806579146	4.253709859376205E-4	0.27542553045301316	0.050650801982388464
114	file:/C:/Users/apovzner/Documents/Hakluyt/Cambridge_MacLehose_FineReader_OCR/03_03_NNE-_1561_Instructions_given_by_the_Governours_and_Assistants_of_the_Moscovie_Company_pp.009-014.txt	0.8440526809639677	1.043196793883383E-4	3.048247501259763E-4	5.828691941440833E-5	0.15547988768710355
115	file:/C:/Users/apovzner/Documents/Hakluyt/Cambridge_MacLehose_FineReader_OCR/03_04_NNE-_1562_The_voyage_of_M_Anthony_Jenkinson_through_Russia_and_over_the_Caspian_sea_into_Persia_Anno_1561_pp.015-038.txt	0.52012354933275	2.0911364156578376E-5	0.06881350967771792	1.1683883660172412E-5	0.41103034574171543
116	file:/C:/Users/apovzner/Documents/Hakluyt/Cambridge_MacLehose_FineReader_OCR/03_05_NNE-_1563_The_privileges_given_by_Obdoloucan_K_of_Hircania_to_the_Company_of_English_merchants_trading_in_Russ_pp.039-040.txt	0.965883252564537	2.753051361568914E-4	8.044485932996794E-4	1.538222546276659E-4	0.03288317145137891
117	file:/C:/Users/apovzner/Documents/Hakluyt/Cambridge_MacLehose_FineReader_OCR/03_06_NNE-_1563_The_voyage_of_Thomas_Alcock_George_Wrenne_and_Richard_Cheyney_servants_unto_the_Company_of_Moscovy_M_pp.040-044.txt	0.7829105879574696	0.002789775868426949	3.089155839126208E-4	5.906914624855269E-5	0.21393165144394216
118	file:/C:/Users/apovzner/Documents/Hakluyt/Cambridge_MacLehose_FineReader_OCR/03_07_NNE-_1566_The_voyage_of_Richard_Johnson_Alexander_Kitchin_and_Arthur_Edwards_servants_to_the_foresaid_company__pp.044-053.txt	0.7289311692493667	5.3150180071993196E-5	0.05885417952724209	2.96967962409581E-5	0.21213180424707812
119	file:/C:/Users/apovzner/Documents/Hakluyt/Cambridge_MacLehose_FineReader_OCR/03_08_NNE-_1566_Certaine_letters_of_Arthur_Edwards_written_out_of_Russia_Media_and_Persia_to_the_Company_of_the_Mosc_pp.054-067.txt	0.7346309464382764	3.727913054079736E-5	0.015252265424234876	2.0829106170676817E-5	0.25005867990077735
120	file:/C:/Users/apovzner/Documents/Hakluyt/Cambridge_MacLehose_FineReader_OCR/03_09_NNE-_1567_The_distance_of_divers_places_in_Russia_pp.068-070.txt	0.6376765867059851	3.578438209892993E-4	0.35990673081403823	1.9993939857985112E-4	0.0018588992604074205
121	file:/C:/Users/apovzner/Documents/Hakluyt/Cambridge_MacLehose_FineReader_OCR/03_10_NNE-_1567_The_way_and_distances_from_S_Nicolas_in_Russia_to_the_Caspian_sea_pp.070-072.txt	0.25623028854485175	2.0943231202780687E-4	0.4871318002394528	1.1701688852489528E-4	0.2563114620151428
122	file:/C:/Users/apovzner/Documents/Hakluyt/Cambridge_MacLehose_FineReader_OCR/03_11_NNE-_1566_The_voyage_of_Thomas_Southam_and_John_Sparke_by_land_and_river_from_Colmogro_to_Novogrod_in_Russia_A_pp.073-083.txt	0.2486639742628713	4.880370459265904E-5	0.7020639879378797	2.7268273957472512E-5	0.04919596582069885
123	file:/C:/Users/apovzner/Documents/Hakluyt/Cambridge_MacLehose_FineReader_OCR/03_12_NNE-_1566_An_Acte_for_the_corporation_of_merchants_Adventurers_for_the_discovering_of_newe_trades_made_in_the__pp.083-091.txt	0.9792221040508172	5.8957895700962075E-5	0.020379726398000016	3.294176262536735E-5	3.062698928563406E-4
124	file:/C:/Users/apovzner/Documents/Hakluyt/Cambridge_MacLehose_FineReader_OCR/03_13_NNE-_1566_The_voyage_of_M_Anthony_Jenkinson_into_Russia_the_third_time_Anno_1566_pp.092-092.txt	0.8891405000527866	6.345697947270795E-4	0.10657396079496653	3.545555230321158E-4	0.003296413834487673
125	file:/C:/Users/apovzner/Documents/Hakluyt/Cambridge_MacLehose_FineReader_OCR/03_14_NNE-_1567_The_privileges_granted_by_the_Emperour_of_Russia_to_the_English_merchants_pp.092-097.txt	0.9312923529224432	9.53542627309695E-5	0.02569802083389553	5.3277639082177307E-5	0.0428609943418481
126	file:/C:/Users/apovzner/Documents/Hakluyt/Cambridge_MacLehose_FineReader_OCR/03_15_NNE-_1567_A_letter_of_M_Henry_Lane_to_M_Richard_Hakluyt_concerning_the_first_Ambassage_from_the_Russian_Empero_pp.098-100.txt	0.7705091486375012	1.742290019498805E-4	5.09101564493569E-4	9.734761318141777E-5	0.22871017318287398
127	file:/C:/Users/apovzner/Documents/Hakluyt/Cambridge_MacLehose_FineReader_OCR/03_16_NNE-_1568_A_letter_of_her_Majestie_sent_by_Stephen_Twerdico_and_Pheodata_Pogorella_Messengers_of_the_Emperour__pp.101-101.txt	0.042203584659620555	0.7283189937970231	0.001522987202550853	0.22524689607447154	0.0027075382663339404
128	file:/C:/Users/apovzner/Documents/Hakluyt/Cambridge_MacLehose_FineReader_OCR/03_17_NNE-_1569_The_Ambassage_of_M_Thomas_Randolfe_Esquier_from_the_Queenes_Majestie_to_the_Emperour_of_Russia_pp.102-108.txt	0.3548442685716572	7.160542439160392E-5	0.11928489125509419	4.000836300130052E-5	0.5257592263858557
129	file:/C:/Users/apovzner/Documents/Hakluyt/Cambridge_MacLehose_FineReader_OCR/03_18_NNE-_1569_The_privileges_graunted_to_the_English_merchants_at_M_Randolfe_his_sute_pp.108-119.txt	0.9265468178041116	4.6010264463578764E-5	0.02524919885532956	2.570748484608575E-5	0.04813226559124909
130	file:/C:/Users/apovzner/Documents/Hakluyt/Cambridge_MacLehose_FineReader_OCR/03_19_NNE-_1588_A_Commission_granted_by_M_Randolfe_for_a_discovery_to_the_Northeast_by_sea_pp.119-122.txt	0.49410180474308896	1.455740219774643E-4	0.46795611538634335	8.133711048176685E-5	0.037715168738108464
131	file:/C:/Users/apovzner/Documents/Hakluyt/Cambridge_MacLehose_FineReader_OCR/03_20_NNE-_1588_Instructions_given_to_the_discoverers_for_that_action_pp.122-124.txt	0.3962317974915928	2.0088712550160308E-4	0.28619863525422584	1.1224240492454015E-4	0.3172564377237552
132	file:/C:/Users/apovzner/Documents/Hakluyt/Cambridge_MacLehose_FineReader_OCR/03_21_NNE-_1568_Certaine_letters_in_verse_written_out_of_Moscovia_by_M_George_Turbervile_Secretary_to_M_Randolfe_tou_pp.124-135.txt	0.1543032656873108	5.4173605696769654E-5	0.04348284705886465	3.0268618616829537E-5	0.802129445029511
133	file:/C:/Users/apovzner/Documents/Hakluyt/Cambridge_MacLehose_FineReader_OCR/03_22_NNE-_1568_The_voyage_of_Arthur_Edwards_Agent_for_the_Moscovy_company_John_Sparke_Laurence_Chapman_Christopher__pp.136-142.txt	0.6616687811638786	7.798521586595678E-5	2.2787477951660579E-4	4.3572967433816666E-5	0.3379817858733049
