0	file:/C:/Users/apovzner/Documents/Hakluyt/Cambridge_MacLehose_FineReader_OCR/01_01_NNE-_0517_The_voyage_of_Arthur_K_of_Britaine_to_Island_and_the_most_Northeastern_parts_of_Europe_Anno_517_pp.003-004.txt	4.139559421113655E-4	0.05297667249474441	6.739673667296859E-5	0.004927437199126406	0.06857065328798673	0.004523631058082601	0.07260193601479883	0.6232694938886938	0.17172761342921364	9.212099485692486E-4
1	file:/C:/Users/apovzner/Documents/Hakluyt/Cambridge_MacLehose_FineReader_OCR/01_02_NNE-_0517_Two_testimonies_of_Galfridus_Monumetensis_in_his_history_of_the_Kings_of_Brittaine_concerning_the_co_pp.004-004.txt	7.316683030579211E-4	2.0129078337277875E-4	1.1912392343406967E-4	0.002035321506602909	0.0010679451778084627	0.0880827835437752	0.07493262618071325	0.6878464606549407	0.0632672859222081	0.08171549400408654
2	file:/C:/Users/apovzner/Documents/Hakluyt/Cambridge_MacLehose_FineReader_OCR/01_03_NNE-_0580_A_testimony_of_M_Lambard_in_his_touching_the_right_and_appendances_of_the_Crowne_of_the_kingdome_of__pp.005-007.txt	2.03458116776388E-4	0.19863195048056578	3.3125296016809676E-5	5.659705074515535E-4	0.06525172678995779	3.6750098777158153E-4	0.039395336541397326	0.5308929863457559	0.12894401823859603	0.035713926695710795
3	file:/C:/Users/apovzner/Documents/Hakluyt/Cambridge_MacLehose_FineReader_OCR/01_04_NNE-_0580_The_voyage_of_Malgo_king_of_Britaine_to_Island_Gotland_Orkney_Denmark_and_Norway_Anno_580_pp.007-008.txt	0.034880451261791	1.0406113159034152E-4	6.158339723420675E-5	0.001052198494031494	0.11440935902751066	6.832228548966295E-4	0.049088518838425896	0.48325356679193054	0.2811230863839402	0.035343951818649084
4	file:/C:/Users/apovzner/Documents/Hakluyt/Cambridge_MacLehose_FineReader_OCR/01_05_NNE-_0624_The_conquest_of_the_Isles_of_Anglesey_and_Man_by_Edwin_the_Saxon_king_of_Northumberland_Anno_624_pp.008-010.txt	0.016091086636774398	6.826216711946228E-5	4.0397563331666E-5	6.90222644562236E-4	0.027521526790475776	4.481814870550438E-4	0.03672771595293717	0.6836567520652275	0.2138341598258906	0.020921694866626154
5	file:/C:/Users/apovzner/Documents/Hakluyt/Cambridge_MacLehose_FineReader_OCR/01_06_NNE-_0624_The_voyage_of_Bertus_into_Ireland_Anno_684_pp.010-010.txt	7.569267117746919E-4	2.0823967654759506E-4	1.2323627972102072E-4	0.0021055841956779345	0.0011048124244493977	0.001367216597967534	0.0015717602606362961	0.7046877331861591	0.28639003986858724	0.001684450798479092
6	file:/C:/Users/apovzner/Documents/Hakluyt/Cambridge_MacLehose_FineReader_OCR/01_07_NNE-_0890_The_voyage_of_Octher_to_the_North_parts_beyond_Norway_about_the_yeere_890_pp.011-014.txt	0.15967776629229408	4.334454857809422E-5	2.565131199543769E-5	0.09959948597274294	0.39687482017470155	0.001721701633510525	0.33373877618942405	9.278140991441391E-5	0.007875058401966367	3.506140648724985E-4
7	file:/C:/Users/apovzner/Documents/Hakluyt/Cambridge_MacLehose_FineReader_OCR/01_08_NNE-_0890_The_second_voyage_of_Octher_into_the_Sound_of_Denmarke_pp.014-015.txt	0.08137984371499547	9.400649540434658E-5	5.563306164949332E-5	0.12562459588963548	0.6612712857196352	6.172082235452633E-4	0.1191499063836645	2.0122611656719764E-4	0.001495321078419007	0.010110973316483989
8	file:/C:/Users/apovzner/Documents/Hakluyt/Cambridge_MacLehose_FineReader_OCR/01_09_NNE-_0890_Wolstans_Navigation_into_the_East_sea_or_the_Sound_of_Denmarke_pp.015-016.txt	3.8898668143143615E-4	1.0701493217577978E-4	6.33314569758573E-5	0.011726531812256856	0.6427839060076075	0.02199154911716151	0.08241530763363031	0.01087353780435803	0.18265816964068027	0.046991664913722475
9	file:/C:/Users/apovzner/Documents/Hakluyt/Cambridge_MacLehose_FineReader_OCR/01_10_NNE-_0973_The_voyage_of_King_Edgar_with_4000_shippes_round_about_his_large_Monarchie_Anno_973_pp.016-023.txt	8.20075373186728E-5	0.06958977796381592	1.3351760019858125E-5	0.009204539884210586	0.15795499654424935	0.014360785209958002	0.004658496390869429	0.2843014371421981	0.3661477859785763	0.09368682158878391
10	file:/C:/Users/apovzner/Documents/Hakluyt/Cambridge_MacLehose_FineReader_OCR/01_11_NNE-_0973_The_voyage_of_Edmund_and_Edward_the_sonnes_of_King_Edmund_Ironside_into_Hungary_Anno_1017_pp.024-025.txt	3.406408181533661E-4	0.06845138851285532	0.15852097745852317	0.08794825522953673	0.025354536366904344	6.152904545178114E-4	0.003814508538653374	0.2425596272681389	0.3339575444075793	0.07843723094513771
11	file:/C:/Users/apovzner/Documents/Hakluyt/Cambridge_MacLehose_FineReader_OCR/01_12_NNE-_1249_A_Chronicle_of_the_Kings_of_Man_taken_out_of_M_Camdens_Chorographie_pp.025-041.txt	0.06215149261387792	1.1150663460556933E-5	0.1697026181345625	0.08958210912738467	5.9159674737880735E-5	4.42918801200054E-4	0.06404366522909657	2.386861350021005E-5	0.48486469155699413	0.1291183255851854
12	file:/C:/Users/apovzner/Documents/Hakluyt/Cambridge_MacLehose_FineReader_OCR/01_13_NNE-_1067_The_mariage_of_the_daughter_of_Harald_unto_Jeruslaus_duke_of_Russia_in_his_owne_Countrey_Anno_1067_pp.042-042.txt	7.569267117746919E-4	0.11067757059584557	0.007027569462177144	0.0021055841956779345	0.0011048124244493977	0.035888882510248146	0.0015717602606362961	0.22828874359668658	0.3140073725984117	0.2985707776440924
13	file:/C:/Users/apovzner/Documents/Hakluyt/Cambridge_MacLehose_FineReader_OCR/01_14_NNE-_1278_The_ancient_state_of_the_shipping_of_the_Cinque_Ports_pp.042-050.txt	8.026631979791709E-5	0.00734360235693584	1.3068269998823083E-5	0.06245620223494912	0.044046277693216326	0.038949039573363466	0.0550780741441385	0.03299410880059272	0.35690928264276195	0.4021300779642455
14	file:/C:/Users/apovzner/Documents/Hakluyt/Cambridge_MacLehose_FineReader_OCR/01_15_NNE-_1243_The_voyage_of_a_certaine_Englishman_into_Tartaria_and_from_thence_into_Poland_and_Hungary_Anno_1243_pp.050-054.txt	1.435263492758955E-4	3.9485831434320046E-5	2.3367722464478326E-5	0.018727782880770014	0.02377474154300273	2.5924782931177696E-4	0.28439021419863963	8.452161188202131E-5	0.5308462107290737	0.1417109013041454
15	file:/C:/Users/apovzner/Documents/Hakluyt/Cambridge_MacLehose_FineReader_OCR/01_16_NNE-_1246_Libellus_historicus_Johannis_de_Plano_Carpini_pp.055-094.txt	1.1666764100418266E-5	0.9609649039425884	1.899481920445525E-6	3.245407213460259E-5	1.7028842727773937E-5	2.339109504120355E-4	2.3706365016944913E-4	0.038424054484146326	5.105480930769298E-5	2.5963002492725385E-5
16	file:/C:/Users/apovzner/Documents/Hakluyt/Cambridge_MacLehose_FineReader_OCR/01_17_NNE-_1246_The_long_and_wonderfull_voyage_of_Frier_John_de_Plano_Carpini_Anno_1246_pp.094-179.txt	6.691800600577219E-6	0.6760141998098372	1.089501265870905E-6	0.024312332219512317	9.767371570388336E-6	0.0047731674912914815	0.11800323094418429	0.04383029503018523	0.12522127921978393	0.007827946611768642
17	file:/C:/Users/apovzner/Documents/Hakluyt/Cambridge_MacLehose_FineReader_OCR/01_18_NNE-_1253_The_journall_of_Frier_William_de_Rubricis_Anno_1253_pp.179-293.txt	0.002100012472620062	0.6566077999761228	8.129186154489636E-7	0.009851372024001319	0.004379502343393839	0.011622713593293144	0.19138584163599004	0.025780788532825328	0.08737505272114511	0.010896103781992888
18	file:/C:/Users/apovzner/Documents/Hakluyt/Cambridge_MacLehose_FineReader_OCR/01_19_NNE-_1278_Part_of_the_great_Charter_graunted_by_King_Edward_the_first_to_the_Barons_of_the_Cinque_Ports_pp.293-296.txt	2.0048160606726934E-4	0.0037125547184049543	3.264068621161265E-5	0.015187289818647524	2.9262353383905856E-4	3.621245956027893E-4	0.1137956946247519	1.180621438710826E-4	0.14168721816118354	0.7246113101114202
19	file:/C:/Users/apovzner/Documents/Hakluyt/Cambridge_MacLehose_FineReader_OCR/01_20_NNE-_1345_The_rolle_of_the_huge_Fleete_of_Edward_the_thirde_before_Caleis_pp.297-299.txt	0.014481578658409476	8.548071312996426E-5	5.0587502097031394E-5	0.16808054805959233	4.535166183625632E-4	5.612314220564813E-4	0.0063135414825449265	1.8297620680945043E-4	0.001359705109649411	0.8084308342273484
20	file:/C:/Users/apovzner/Documents/Hakluyt/Cambridge_MacLehose_FineReader_OCR/01_21_NNE-_1345_The_summe_of_expences_layde_out_in_the_siege_of_Caleis_pp.299-300.txt	3.945869041596562E-4	0.014505507998994922	6.424323694596407E-5	0.08747935811648491	5.759401900594781E-4	7.127318356130242E-4	8.19360719707642E-4	0.3169653216414658	0.0017267477917430362	0.5767562015648257
21	file:/C:/Users/apovzner/Documents/Hakluyt/Cambridge_MacLehose_FineReader_OCR/01_22_NNE-_1360_A_note_of_Thomas_Walsingham_touching_King_Edward_the_thirde_his_huge_Fleete_of_1100_ships_wherewith__pp.300-301.txt	3.283962348087594E-4	0.0839637189765068	5.346664296908674E-5	0.057827592341138205	0.003474805711607376	0.024556994305604096	0.00667287085395658	0.5603477040510702	0.022405434769719797	0.24036901611261918
22	file:/C:/Users/apovzner/Documents/Hakluyt/Cambridge_MacLehose_FineReader_OCR/01_23_NNE-_1360_The_voyage_of_Nicolaus_de_Linna_a_Franciscan_Frier_and_an_excellent_Mathematician_of_Oxford_to_all_t_pp.301-303.txt	2.2943131695164643E-4	0.07958821566951182	3.735402848490228E-5	0.09271991207479988	0.1803127282372932	4.1441568879816765E-4	4.7641471878375E-4	0.4814712198685154	0.05541592010893684	0.10933438828792447
23	file:/C:/Users/apovzner/Documents/Hakluyt/Cambridge_MacLehose_FineReader_OCR/01_24_NNE-_1360_A_Testimonie_of_the_learned_Mathematician_Master_John_Dee_touching_the_foresaid_voyage_of_Nicholas_D_pp.303-304.txt	3.438459787937582E-4	0.16318755159250586	5.598203705114974E-5	0.019774912989713712	0.18241325193300714	6.21079850979223E-4	7.139970578928242E-4	0.44870811575359093	0.05168714875667794	0.13249411404978748
24	file:/C:/Users/apovzner/Documents/Hakluyt/Cambridge_MacLehose_FineReader_OCR/01_25_NNE-_1390_The_voyage_of_Henry_Earle_of_Derby_afterward_King_of_England_into_Prussia_and_Letto_Anno_1390_pp.304-305.txt	3.8488973557056547E-4	0.22128534506753675	6.266442758152087E-5	0.032667734029758894	0.007583356246229598	0.007716786169347533	0.018353149703170774	0.3372620221711902	0.2685039748294574	0.10618007762015673
25	file:/C:/Users/apovzner/Documents/Hakluyt/Cambridge_MacLehose_FineReader_OCR/01_26_NNE-_1402_The_voyage_of_Thomas_of_Woodstock_duke_of_Glocester_into_Prussia_Anno_1391_pp.306-307.txt	3.6441936662499305E-4	0.08320185260253346	5.933161863961638E-5	0.020958108313659404	5.31907564753925E-4	6.582410145129263E-4	7.567177505527215E-4	0.39910226677501326	0.3838620755356292	0.11050507945808052
26	file:/C:/Users/apovzner/Documents/Hakluyt/Cambridge_MacLehose_FineReader_OCR/01_27_NNE-_1402_Certaine_verses_of_Geffrey_Chaucer_concerning_the_long_Voyages_and_valiant_exploits_of_the_English_k_pp.307-308.txt	4.0628544867242754E-4	1.1177403188635843E-4	6.614789307908497E-5	0.008542079872085969	0.0635941105587545	0.011851702924261789	8.436527774279302E-4	0.36712798903014154	0.494668862469796	0.052787394993894406
27	file:/C:/Users/apovzner/Documents/Hakluyt/Cambridge_MacLehose_FineReader_OCR/01_28_NNE-_0604_A_testimonie_out_of_Cornelius_Tacitus_proving_London_to_have_bene_a_famous_Mart-towne_in_the_raigne__pp.308-309.txt	4.0628544867242754E-4	1.1177403188635843E-4	6.614789307908497E-5	0.004836133099192723	0.06730005733164775	0.0044398093784752965	0.023079333414787406	0.5450134341290174	0.2723120560962013	0.08243496917704038
28	file:/C:/Users/apovzner/Documents/Hakluyt/Cambridge_MacLehose_FineReader_OCR/01_29_NNE-_0604_A_testimony_out_of_venerable_Beda_prooving_London_to_have_bene_a_Citie_of_great_traffique_in_his_tim_pp.309-309.txt	8.575845530423361E-4	2.3593186389081656E-4	1.3962452139568618E-4	0.010208076749675382	0.11858904034941257	0.001549032180844822	0.07218316099519417	0.634126485456588	0.08197773878887407	0.08013332454108216
29	file:/C:/Users/apovzner/Documents/Hakluyt/Cambridge_MacLehose_FineReader_OCR/01_30_NNE-_0795_The_league_betweene_Carolus_Magnus_and_Offa_King_of_Mercia_concerning_the_safe_trade_of_English_Merc_pp.310-312.txt	2.2244833334344338E-4	0.03658446122371794	3.621711931279743E-5	6.187966255605882E-4	0.026702598400569818	4.018025111365075E-4	0.043072388037334444	0.3328985055365798	0.2383746634301793	0.3210881187822654
30	file:/C:/Users/apovzner/Documents/Hakluyt/Cambridge_MacLehose_FineReader_OCR/01_31_NNE-_0795_An_ancient_testimony_translated_out_of_the_olde_Saxon_Lawes_conteyning_the_advancement_of_Merchants__pp.312-312.txt	8.130633118060969E-4	2.2368353293576956E-4	1.3237595683432695E-4	0.0022617424286831976	0.05310144541800114	0.0014686146463155064	0.0016883280547490508	4.788070066764194E-4	0.530121381814161	0.4097105578298374
31	file:/C:/Users/apovzner/Documents/Hakluyt/Cambridge_MacLehose_FineReader_OCR/01_32_NNE-_1027_A_testimony_of_certaine_Privileges_obteined_for_the_English_and_Danish_Merchants_by_Canutus_the_King_pp.313-314.txt	0.0034911987737657104	0.3398921577392866	5.615817170873716E-5	9.595044501162039E-4	5.034576342180219E-4	6.230339364796618E-4	7.16243486103278E-4	0.36517055708521823	0.08645875111782478	0.2021289376052788
32	file:/C:/Users/apovzner/Documents/Hakluyt/Cambridge_MacLehose_FineReader_OCR/01_33_NNE-_1140_The_flourishing_state_of_Merchandise_in_the_City_of_London_in_the_dayes_of_Wilhelmus_Malmesburiensis_pp.314-315.txt	3.795595279272153E-4	0.08665855546855421	6.179660913901022E-5	0.007980172104021384	0.15288928213392278	6.855882853996559E-4	0.07695579430727797	0.353364386780756	0.03628264026545444	0.28474222451754744
33	file:/C:/Users/apovzner/Documents/Hakluyt/Cambridge_MacLehose_FineReader_OCR/01_34_NNE-_1140_A_testimony_of_the_said_Wil_of_Malmesbury_concerning_traffique_to_Bristow_in_his_time_pp.315-315.txt	0.00816886498440425	2.220368223501056E-4	1.3140143320021985E-4	0.002245091962059767	0.18522269476429826	0.0014578030177051725	0.20044415527969447	0.3096703475443503	0.0035318446796383596	0.28890575951229897
34	file:/C:/Users/apovzner/Documents/Hakluyt/Cambridge_MacLehose_FineReader_OCR/01_35_NNE-_1157_The_league_betweene_Henry_the_second_and_Frederick_Barbarossa_Emperour_of_Germany_partly_touching_tr_pp.316-318.txt	2.2472828059232834E-4	0.1681509017879674	3.6588320662336266E-5	0.004724872447705982	0.00442774761921866	4.0592071924394423E-4	0.002516515636157202	0.45315290019569404	0.21826931032532884	0.1480905146674293
35	file:/C:/Users/apovzner/Documents/Hakluyt/Cambridge_MacLehose_FineReader_OCR/01_36_NNE-_1199_A_generall_safe_conduct_granted_by_King_John_to_all_forreine_Merchants_pp.319-320.txt	0.0033338603534277486	0.02412643688691613	5.362728229272429E-5	9.162623077257576E-4	4.8076822751044865E-4	0.024630775241469182	0.0036884418844939618	0.760326768426618	0.013459319014855342	0.16898374037469077
36	file:/C:/Users/apovzner/Documents/Hakluyt/Cambridge_MacLehose_FineReader_OCR/01_37_NNE-_1229_The_letters_of_King_Henry_the_third_unto_Haquinus_king_of_Norwey_pp.320-322.txt	2.33337889187098E-4	6.419407033039589E-5	3.799006288726829E-5	0.002777488322264077	3.405806600011207E-4	4.214720263779919E-4	4.8452672606196006E-4	0.6578128957231612	0.0797718937959257	0.2580556207238033
37	file:/C:/Users/apovzner/Documents/Hakluyt/Cambridge_MacLehose_FineReader_OCR/01_38_NNE-_1229_A_mandate_for_the_king_of_Norway_his_ship_called_The_Cog_pp.322-323.txt	3.333895393185456E-4	9.17194871736946E-5	5.427960974873372E-5	0.003968432025541189	4.8661633879586055E-4	6.021926623204498E-4	0.0067743326631873905	0.6509755125211156	0.02274611211805942	0.31396741303473913
38	file:/C:/Users/apovzner/Documents/Hakluyt/Cambridge_MacLehose_FineReader_OCR/01_39_NNE-_1236_A_Charter_granted_for_the_behalfe_of_the_Merchants_of_Colen_in_the_20_yeere_of_Henry_the_thirde_pp.323-324.txt	2.9404484905136527E-4	8.089528788510913E-5	4.787384657526227E-5	0.0035001008079198334	4.2918871473780903E-4	5.311253941974129E-4	6.105848841034216E-4	0.8021330989513575	0.001286766713290158	0.1910863205508821
39	file:/C:/Users/apovzner/Documents/Hakluyt/Cambridge_MacLehose_FineReader_OCR/01_40_NNE-_1257_The_Charter_of_Lubeck_granted_for_seven_yeeres_in_the_time_of_Henry_the_third_pp.324-325.txt	0.0032085405139496374	8.721090891562924E-5	5.161143228819074E-5	0.015339515629073977	0.0033542352715679735	0.0034641303062471146	6.582541963189616E-4	0.6392168266067104	0.06789262648859984	0.26672704864632835
40	file:/C:/Users/apovzner/Documents/Hakluyt/Cambridge_MacLehose_FineReader_OCR/01_41_NNE-_1260_A_Charter_of_the_Merchants_of_Almaine_or_the_Stilyard-merchants_pp.326-327.txt	4.0035073462045903E-4	0.01106558054058777	6.518165411619002E-5	0.004765490482887482	5.843530937216894E-4	0.022634021329723582	0.030045833915619984	0.690428434475895	0.001751970832384409	0.23825878294044353
41	file:/C:/Users/apovzner/Documents/Hakluyt/Cambridge_MacLehose_FineReader_OCR/01_42_NNE-_1303_A_mandate_of_King_Edward_the_first_concerning_outlandish_Merchants_pp.327-327.txt	7.839914009980473E-4	2.1568549929642985E-4	1.276427190232774E-4	0.0021808715134633253	0.0011443161233579986	0.0014161028266464594	0.02308157420131187	0.744186973631033	0.017733226265482294	0.20912961581938716
42	file:/C:/Users/apovzner/Documents/Hakluyt/Cambridge_MacLehose_FineReader_OCR/01_43_NNE-_1303_King_Edw_the_first_his_great_Charter_granted_to_forreine_Merchants_Anno_Dom_1303_pp.327-339.txt	4.655553452289319E-5	0.11551976180510458	7.579770651207624E-6	9.788218989423972E-4	4.926105116926531E-4	0.04042659427615461	0.020904910690510908	0.5168361029527099	0.020162653374106235	0.28462440918560455
43	file:/C:/Users/apovzner/Documents/Hakluyt/Cambridge_MacLehose_FineReader_OCR/01_44_NNE-_1313_The_letters_of_Edward_the_second_unto_Haquinus_King_of_Norway_concerning_certain_English_Merchants_a_pp.339-343.txt	1.246034527868623E-4	0.11710147447241577	2.0286859643047652E-5	0.009439213836122558	1.8187156117856296E-4	0.009317665540006882	2.587393896686225E-4	0.5490389603061689	0.04373511468845108	0.27078206989355763
44	file:/C:/Users/apovzner/Documents/Hakluyt/Cambridge_MacLehose_FineReader_OCR/01_45_NNE-_1313_Another_letter_of_Edw_the_second_unto_the_said_Haquinus_for_the_merchants_aforesaid_pp.343-344.txt	3.0809276521758053E-4	0.030997826997800654	5.016100714077877E-5	8.570383990332048E-4	4.4969309392885274E-4	0.028659287915895892	6.397554180948018E-4	0.6072016574783133	0.029451029802424485	0.3013854571221504
45	file:/C:/Users/apovzner/Documents/Hakluyt/Cambridge_MacLehose_FineReader_OCR/01_46_NNE-_1313_A_third_letter_of_King_Edward_the_second_to_the_said_Haquinus_in_the_behalfe_of_our_English_merchant_pp.344-349.txt	1.0686953251608624E-4	0.08971230173097727	1.739957567612885E-5	0.011995054437847078	1.559870797029239E-4	1.9303559565290738E-4	0.004121171407923106	0.4338552257842652	0.11647055302855164	0.3433724018268877
46	file:/C:/Users/apovzner/Documents/Hakluyt/Cambridge_MacLehose_FineReader_OCR/01_47_NNE-_1320_An_Ordinance_for_the_Staple_to_be_holden_at_one_certaine_place_pp.350-355.txt	1.1640095328411989E-4	0.08178718306472943	1.8951399409702915E-5	3.237988616126985E-4	1.698991691078399E-4	2.1025194761083255E-4	2.4170687838880248E-4	0.5139581232823498	0.04722661519059776	0.355947069252909
47	file:/C:/Users/apovzner/Documents/Hakluyt/Cambridge_MacLehose_FineReader_OCR/02_01_NNE-_1262_A_Catalogue_of_the_great_Masters_of_Prussia_pp.001-011.txt	6.393068411764846E-5	1.7588103015828474E-5	1.0408642670578514E-5	0.08006883412410142	9.331341200936776E-5	6.986222416907841E-4	0.03862038469538457	3.76483098581222E-5	0.5233616803902561	0.35702758939689566
48	file:/C:/Users/apovzner/Documents/Hakluyt/Cambridge_MacLehose_FineReader_OCR/02_02_NNE-_1388_The_Oration_or_speach_of_the_Ambassadours_sent_from_Conradus_de_Zolner_Master_generall_of_the_land_o_pp.012-018.txt	1.0824122855392833E-4	2.97784687375304E-5	1.7622903395949155E-5	0.01017436161323281	1.579892112192272E-4	1.9551325374203324E-4	0.017996633171961547	6.374246370526734E-5	0.3608477035634734	0.6104084141219783
49	file:/C:/Users/apovzner/Documents/Hakluyt/Cambridge_MacLehose_FineReader_OCR/02_03_NNE-_1390_An_agreement_made_by_the_Ambassadours_of_England_and_Prussia_confirmed_by_king_Richard_the_second_pp.018-024.txt	1.0247422624033779E-4	9.629140958647864E-4	1.6683969812005343E-5	2.850581276621748E-4	0.0010842938769984169	0.01887954045250683	2.1278799392134408E-4	6.0346318441828375E-5	0.2032831536350193	0.7751127473035331
50	file:/C:/Users/apovzner/Documents/Hakluyt/Cambridge_MacLehose_FineReader_OCR/02_04_NNE-_1398_The_letters_of_Conradus_de_Jungingen_Master_generall_of_Prussia_unto_Rich_the_second_pp.025-027.txt	2.48687792315078E-4	6.841701399546095E-5	4.048920174198662E-5	6.91788355478899E-4	3.6298542313879014E-4	4.491981483489852E-4	5.164008393226864E-4	1.4645041254025582E-4	0.19844032419625168	0.7990352586168662
51	file:/C:/Users/apovzner/Documents/Hakluyt/Cambridge_MacLehose_FineReader_OCR/02_05_NNE-_1407_A_briefe_relation_of_William_Esturmy_and_John_Kington_concerning_their_Ambassages_into_Prussia_and_t_pp.027-033.txt	1.0802791099961583E-4	2.9719782503023218E-5	1.7588172871337303E-5	0.020993493975530686	1.5767785229809067E-4	1.951279439143353E-4	0.0012097005612973673	6.36168425658446E-5	0.08521544795458719	0.8920095990034326
52	file:/C:/Users/apovzner/Documents/Hakluyt/Cambridge_MacLehose_FineReader_OCR/02_06_NNE-_1407_Certaine_Articles_of_complaint_exhibited_by_the_Livonians_pp.033-034.txt	3.6441936662499305E-4	1.0025616727905427E-4	5.933161863961638E-5	0.0010137251691983474	5.31907564753925E-4	6.582410145129263E-4	7.567177505527215E-4	2.1460388579215822E-4	0.13788135008727614	0.8584194473753701
53	file:/C:/Users/apovzner/Documents/Hakluyt/Cambridge_MacLehose_FineReader_OCR/02_07_NNE-_1407_Other_complaints_exhibited_by_the_Cities_of_the_Hans_pp.034-036.txt	2.6237692224671176E-4	7.218305890421817E-5	4.271794782684452E-5	7.298681526220727E-4	3.829661169009531E-4	0.010047045145894851	5.44826352776667E-4	1.5451184051443217E-4	0.11602563324918737	0.8717378712131258
54	file:/C:/Users/apovzner/Documents/Hakluyt/Cambridge_MacLehose_FineReader_OCR/02_08_NNE-_1403_Compositions_and_Ordinances_concluded_betweene_the_Ambassadours_of_Prussia_and_the_Chanceller_and_Tr_pp.036-038.txt	2.4925320184229684E-4	6.857256498241045E-5	4.0581256845300253E-5	0.007514076291647448	3.638106965250455E-4	4.502194325476233E-4	5.175749136578148E-4	1.4678337805394085E-4	0.07384504889663276	0.9168040793672654
55	file:/C:/Users/apovzner/Documents/Hakluyt/Cambridge_MacLehose_FineReader_OCR/02_09_NNE-_1403_The_letters_of_the_Chanceller_and_Treasurer_of_England_unto_Conradus_de_Jungingen_master_generall_of_pp.038-041.txt	1.777305032674583E-4	4.8895807133403725E-5	2.893654785186907E-5	0.0037367524718826995	0.009986465556163907	3.210298834119131E-4	0.001990232779407097	1.0466418669851383E-4	0.18234935716742165	0.8012559350967614
56	file:/C:/Users/apovzner/Documents/Hakluyt/Cambridge_MacLehose_FineReader_OCR/02_10_NNE-_1404_The_letters_of_king_Henry_the_fourth_unto_Conradus_de_Jungingen_the_master_generall_of_Prussia_for_e_pp.041-043.txt	2.521192578935678E-4	6.936105160310932E-5	4.104788337563162E-5	0.00990019197515179	3.679940002522828E-4	4.5539631340418016E-4	5.235262864077366E-4	1.4847117739127358E-4	0.3276627600016455	0.6605791320528749
57	file:/C:/Users/apovzner/Documents/Hakluyt/Cambridge_MacLehose_FineReader_OCR/02_11_NNE-_1404_The_letters_of_Conradus_de_Jungingen_unto_king_Henry_the_fourth_pp.044-046.txt	2.6050652693035555E-4	7.166849057199357E-5	4.241342619111717E-5	7.246651722588141E-4	0.0550332798890975	0.007599203902325991	5.409424720994529E-4	1.5341037846378723E-4	0.40272106101231064	0.5328528487297504
58	file:/C:/Users/apovzner/Documents/Hakluyt/Cambridge_MacLehose_FineReader_OCR/02_12_NNE-_1405_An_agreement_made_betweene_king_Henry_the_fourth_and_Conradus_de_Jungingen_pp.047-055.txt	8.256337969221017E-5	2.2714182515069986E-5	1.3442257481713372E-5	2.2967104307110382E-4	0.0038860333665794783	1.491320379417209E-4	9.245477935478126E-4	4.8620967294295496E-5	0.08244971965094318	0.9121935553209334
59	file:/C:/Users/apovzner/Documents/Hakluyt/Cambridge_MacLehose_FineReader_OCR/02_13_NNE-_1405_An_agreement_betweene_king_Henry_the_fourth_and_the_Hans-townes_pp.055-067.txt	5.108994632734825E-5	1.4055461027523893E-5	8.31802447791424E-6	0.04627797222465466	7.457103387799145E-5	0.004286450824890573	0.03552351055872485	3.008649377859323E-5	0.023524509829075533	0.8902094356031649
60	file:/C:/Users/apovzner/Documents/Hakluyt/Cambridge_MacLehose_FineReader_OCR/02_14_NNE-_1405_A_testimonie_out_of_Albertus_Krantzius_concerning_the_surprise_of_Bergen_in_Norway_wherein_21_houses_pp.068-071.txt	1.868163634315171E-4	5.1395436955271436E-5	3.041582925027389E-5	0.09594658479914939	0.027537508438029754	0.013969856797088537	0.056621638043094676	1.1001478294983135E-4	0.11498900390356522	0.6905567656064855
61	file:/C:/Users/apovzner/Documents/Hakluyt/Cambridge_MacLehose_FineReader_OCR/02_15_NNE-_1407_The_grievances_and_offences_whereat_the_merchants_of_the_Hans_found_themselves_agrieved_pp.072-083.txt	6.081010166044042E-5	1.6729593108038972E-5	9.900576345785538E-6	1.6915876663090297E-4	6.434400464310299E-4	0.02340646038653963	0.019540122929275743	3.581062179161274E-5	0.12118666562288029	0.8349309013553365
62	file:/C:/Users/apovzner/Documents/Hakluyt/Cambridge_MacLehose_FineReader_OCR/02_16_NNE-_1407_A_letter_of_Henry_the_fourth_king_of_England_unto_Conradus_de_Jungingen_Master_generall_of_Prussia_pp.083-085.txt	0.004873965780389555	6.968154693521253E-5	4.123755257340971E-5	0.009945937609648767	3.6969438334332513E-4	0.012009204453977365	5.259453346653539E-4	1.4915721542279093E-4	0.28528031045752544	0.6867348656655188
63	file:/C:/Users/apovzner/Documents/Hakluyt/Cambridge_MacLehose_FineReader_OCR/02_17_NNE-_1408_A_letter_of_Werneherus_de_Tettingen_commander_in_Elbing_unto_sir_William_Sturmy_Ambassadour_unto_kin_pp.085-090.txt	1.313199234290463E-4	3.6127696319507637E-5	2.138037747234655E-5	0.0015631389958804705	1.916749412132516E-4	0.01700694881893729	2.7268615820366855E-4	7.733333744252554E-5	0.1790527121341606	0.8016466776169413
64	file:/C:/Users/apovzner/Documents/Hakluyt/Cambridge_MacLehose_FineReader_OCR/02_18_NNE-_1408_The_letters_of_Ulricus_de_Jungingen_master_generall_of_Prussia_signifying_unto_king_Henry_the_4_that_pp.091-095.txt	1.5124881773591537E-4	4.161037573860695E-5	2.4625028183078794E-5	4.2073706117866713E-4	2.2076321315987784E-4	0.0030324393637166562	3.140685584052901E-4	8.906931678249403E-5	0.17725340770800885	0.8184520305570906
65	file:/C:/Users/apovzner/Documents/Hakluyt/Cambridge_MacLehose_FineReader_OCR/02_19_NNE-_1408_The_letters_of_king_Henry_the_fourth_unto_Ulricus_de_Jungingen_wherein_he_doth_absolutely_approve_th_pp.095-098.txt	1.965283019117936E-4	5.4067308480377435E-5	3.199704332102921E-5	5.466934646006635E-4	2.868532796246755E-4	0.0021476235509170502	4.08091523565145E-4	1.1573407211863805E-4	0.1783313561782745	0.817881055277186
66	file:/C:/Users/apovzner/Documents/Hakluyt/Cambridge_MacLehose_FineReader_OCR/02_20_NNE-_1409_A_new_concord_betweene_king_Henry_the_fourth_and_Ulricus_de_Jungingen_pp.098-106.txt	7.678096867309845E-5	2.1123371434480857E-5	1.2500815185216273E-5	2.1358579589280142E-4	1.1206972462685312E-4	1.3868742263271173E-4	0.019769523200457623	0.03926539039165704	0.037455094285754206	0.902935244023686
67	file:/C:/Users/apovzner/Documents/Hakluyt/Cambridge_MacLehose_FineReader_OCR/02_21_NNE-_1404_A_Charter_of_king_Henry_the_fourth_graunted_in_the_fifth_yeere_of_his_raigne_unto_the_English_mercha_pp.106-110.txt	1.2885044947110927E-4	0.05762582606271525	2.0978319018456642E-5	3.584303021573417E-4	0.0025386981530638483	2.327391416263239E-4	2.675582891888979E-4	0.35972191155257605	0.02642076545420111	0.5526842422759816
68	file:/C:/Users/apovzner/Documents/Hakluyt/Cambridge_MacLehose_FineReader_OCR/02_22_NNE-_1430_A_note_touching_the_mighty_ships_of_king_Henry_the_fift_taken_out_of_a_Chronicle_in_the_Trinitie_Chu_pp.111-111.txt	6.417283473785518E-4	0.19334360867910652	1.0448067546332267E-4	0.01934577259218585	0.012643763191714228	0.0011591368546964352	0.001332550561161391	0.3632978427642108	0.07305082878628745	0.33508028754779534
69	file:/C:/Users/apovzner/Documents/Hakluyt/Cambridge_MacLehose_FineReader_OCR/02_23_NNE-_1430_A_branch_of_a_Statute_made_in_the_eight_yeere_of_Henry_the_6_for_the_trade_to_Norway_Sweveland_Denma_pp.111-113.txt	2.3039564515576932E-4	0.0799227347844507	3.7511032087044326E-5	0.009047151480367974	0.023453466461832825	4.1615752919837474E-4	4.784171487758128E-4	0.10101064692595046	0.10818788623423413	0.6772156327579469
70	file:/C:/Users/apovzner/Documents/Hakluyt/Cambridge_MacLehose_FineReader_OCR/02_24_NNE-_1432_Another_branch_of_a_Statute_made_in_the_10_yeere_of_king_Henry_the_sixt_concerning_the_state_of_Engl_pp.113-114.txt	0.06229043413768055	0.05894673016265611	5.5288410112282374E-5	9.446439214176049E-4	4.956602273160324E-4	6.133845662322013E-4	0.0038026929366302997	1.9997950370165342E-4	0.22450911192555012	0.6481420742087032
71	file:/C:/Users/apovzner/Documents/Hakluyt/Cambridge_MacLehose_FineReader_OCR/02_25_NNE-_1437_Libellus_de_politia_conservativa_Maris_Or_The_pollicy_of_keeping_the_Sea_pp.114-147.txt	0.020384752722014902	0.02204738953060871	0.0027326397336871204	0.013708481499329048	0.03110098652381651	0.015575266225259964	0.15160630226666985	0.025413248058668708	0.3042673126151662	0.413163620824779
72	file:/C:/Users/apovzner/Documents/Hakluyt/Cambridge_MacLehose_FineReader_OCR/02_26_NNE-_1462_A_large_Charter_granted_by_king_Edward_the_fourth_in_the_second_yere_of_his_raigne_to_the_English_me_pp.147-158.txt	5.961958604610863E-5	1.6402067889815324E-5	9.706746860080049E-6	1.658470446064978E-4	0.0022623093858573865	0.024035862389500777	0.01426317524666782	3.5109535899010456E-5	0.18570424232203364	0.7734477256746389
73	file:/C:/Users/apovzner/Documents/Hakluyt/Cambridge_MacLehose_FineReader_OCR/02_27_NNE-_1527_A_perswasion_of_Robert_Thome_merchant_of_Bristol_and_dwelling_long_in_Sivil_in_Spaine_to_king_Henry__pp.159-163.txt	0.02600527956260153	4.104412227607111E-5	2.4289919277518647E-5	0.053488036283456816	0.5391130877946114	2.6947893002526613E-4	3.0979456650990735E-4	8.785721984420578E-5	0.28098731001723	0.0996738215841673
74	file:/C:/Users/apovzner/Documents/Hakluyt/Cambridge_MacLehose_FineReader_OCR/02_28_NNE-_1527_The_discourse_of_the_foresaid_Robert_Thorne_written_to_Doctour_Leigh_the_Kings_Ambassadour_in_Spaine_pp.164-181.txt	0.19018852086991422	1.1356392425147832E-5	6.720715171718614E-6	0.011034175009628583	0.4522718101884206	0.04789376875442737	0.08668743031109492	0.01922729775554444	0.132718916689541	0.05996000331383192
75	file:/C:/Users/apovzner/Documents/Hakluyt/Cambridge_MacLehose_FineReader_OCR/02_29_NNE-_1580_A_briefe_treatise_of_the_Emperour_of_Moscovia_his_genealogie_pp.182-194.txt	5.377119322703609E-5	1.4793104419479433E-5	8.754561975918942E-6	0.0016210056489324596	0.04373083069070179	0.19089221124451694	0.1673639034417646	0.00150309285703057	0.5230825091941721	0.07172912806325911
76	file:/C:/Users/apovzner/Documents/Hakluyt/Cambridge_MacLehose_FineReader_OCR/02_30_NNE-_1553_The_excellent_orders_and_instructions_of_Sebastian_Cabot_given_to_sir_Hugh_Willoughby_and_his_Fleete_pp.195-205.txt	6.822764497475169E-5	1.8770248823475965E-5	1.1108236781737158E-5	0.09167389360958908	0.14759436044587168	0.03933070966399203	0.04370553252729744	4.017875851558911E-5	0.3662349745499565	0.31132224431419775
77	file:/C:/Users/apovzner/Documents/Hakluyt/Cambridge_MacLehose_FineReader_OCR/02_31_NNE-_1553_The_names_of_the_twelve_Counsellers_appointed_in_sir_Hugh_Willoughbies_voyage_pp.206-206.txt	8.25304869312756E-4	2.2705133319432917E-4	1.3436902166034495E-4	0.07757626455030735	0.0012046173815659041	0.0014907262462203863	0.0017137476803454955	0.5726175812470403	0.003611608356936146	0.3405987293134168
78	file:/C:/Users/apovzner/Documents/Hakluyt/Cambridge_MacLehose_FineReader_OCR/02_32_NNE-_1553_The_letters_of_king_Edward_the_sixt_written_at_that_time_to_all_the_Kings_Princes_and_other_Potentat_pp.206-211.txt	1.1566411136958513E-4	0.11608558176978538	1.883143316346373E-5	0.021422432998639006	0.052920533298134946	2.0892100964820193E-4	0.0012952110167736735	0.4505677139476448	0.14188073835378334	0.21548437206105758
79	file:/C:/Users/apovzner/Documents/Hakluyt/Cambridge_MacLehose_FineReader_OCR/02_33_NNE-_1553_The_voyage_of_sir_Hugh_Willoughby_knight_wherein_he_unfortunately_perished_at_Arzina_Reca_in_Lapland_pp.212-212.txt	7.953670663749283E-4	2.1881508217644387E-4	1.2949480675989743E-4	0.27064633946237715	0.0011609200775443821	0.09575123707361734	0.0016515817556708161	4.6838581784490333E-4	0.0034805978379159417	0.6256972610197182
80	file:/C:/Users/apovzner/Documents/Hakluyt/Cambridge_MacLehose_FineReader_OCR/02_34_NNE-_1553_The_names_of_the_Ships_Captains_Mariners_and_other_officers_of_that_first_worthy_enterprise_pp.212-214.txt	0.004862731214164046	6.952092989582146E-5	4.114249937930894E-5	0.22428944508377693	3.6884223209319116E-4	0.1318423243075651	5.247330225647912E-4	1.4881340574291545E-4	0.0011058396700926827	0.6367466076347252
81	file:/C:/Users/apovzner/Documents/Hakluyt/Cambridge_MacLehose_FineReader_OCR/02_35_NNE-_1553_The_othe_ministred_to_the_Captaine_of_the_Fleete_pp.215-215.txt	8.924920927356972E-4	2.455353494882196E-4	1.4530786597727387E-4	0.01062359128182039	0.001302684047792922	0.009752982235742834	0.02627595460401538	5.255820318050022E-4	0.4923594753253319	0.4578763951652904
82	file:/C:/Users/apovzner/Documents/Hakluyt/Cambridge_MacLehose_FineReader_OCR/02_36_NNE-_1553_The_othe_ministred_to_the_Masters_of_the_ships_pp.216-224.txt	0.37307219612990905	2.2544399576946325E-5	1.334177990701986E-5	0.39863236952286696	0.06664492407859729	0.08536021869052107	1.701615750774138E-4	4.8257537499885646E-5	0.04670208205525664	0.029333904230787747
83	file:/C:/Users/apovzner/Documents/Hakluyt/Cambridge_MacLehose_FineReader_OCR/02_37_NNE-_1553_The_voyage_of_Richard_Chanceller_Pilote_major_the_first_discoverer_by_sea_of_the_kingdome_of_Moscovi_pp.224-238.txt	4.9209478236509404E-5	1.3538121553433678E-5	8.011862879909953E-6	0.012705135500550392	7.182629719712001E-5	0.29589155197524725	0.4781444286853658	2.897909994511056E-5	0.18245492397850488	0.030632395000519536
84	file:/C:/Users/apovzner/Documents/Hakluyt/Cambridge_MacLehose_FineReader_OCR/02_38_NNE-_1553_A_testimonie_of_Richard_Eden_concerning_Clement_Adams_his_discourse_of_Richard_Chancellers_voyage_pp.239-270.txt	2.3316564455762155E-5	6.414668375337162E-6	3.796201950207868E-6	0.07577995525966409	0.09531594935309155	0.1648713241969653	0.3160951307719462	1.3730953384481019E-5	0.3306111829932531	0.017279199036914012
85	file:/C:/Users/apovzner/Documents/Hakluyt/Cambridge_MacLehose_FineReader_OCR/02_39_NNE-_1554_The_letters_of_the_Emperour_of_Russia_sent_to_king_Edward_the_sixt_by_Richard_Chanceller_pp.271-272.txt	3.8354319785097207E-4	1.0551736412532711E-4	6.244519592212065E-5	0.0010669229704700503	5.598207642920912E-4	0.5604531911470739	0.04627696152544753	2.2586576940261902E-4	0.15911103408255137	0.2317546979828641
86	file:/C:/Users/apovzner/Documents/Hakluyt/Cambridge_MacLehose_FineReader_OCR/02_40_NNE-_1554_The_coynes_waights_and_measures_used_in_Russia_pp.273-278.txt	0.0023238000361839456	3.3222634008000384E-5	0.0011211809971974705	3.359256711582986E-4	0.03212033742574097	0.6831604246463038	0.19411825036759534	7.111489046377239E-5	0.05560445002398237	0.031111293307366027
87	file:/C:/Users/apovzner/Documents/Hakluyt/Cambridge_MacLehose_FineReader_OCR/02_41_NNE-_1555_The_letters_of_King_Philip_and_Queene_Mary_to_Ivan_Vasilivich_the_Emperor_of_Russia_pp.278-281.txt	1.785991245387299E-4	4.913477533172225E-5	2.907796927654977E-5	0.0021259169888828257	0.023068057087842247	0.4841647321648716	0.034581921472000704	1.0517571137905703E-4	0.08875286280288275	0.36694452190299365
88	file:/C:/Users/apovzner/Documents/Hakluyt/Cambridge_MacLehose_FineReader_OCR/02_42_NNE-_1555_The_Commission_given_to_the_merchants_Agents_resiant_in_Russia_pp.281-289.txt	8.194623869775605E-5	2.2544399576946325E-5	1.334177990701986E-5	0.04059162864533149	0.07561462948680278	0.2954008203326661	1.701615750774138E-4	4.8257537499885646E-5	0.23058104292346904	0.35747562708097164
89	file:/C:/Users/apovzner/Documents/Hakluyt/Cambridge_MacLehose_FineReader_OCR/02_43_NNE-_1555_The_othe_ministred_to_the_servants_of_the_Moscovie_company_pp.290-290.txt	0.019033704309052654	2.7211884939746216E-4	1.610399862201248E-4	0.002751488852348477	0.0014437224006755341	0.2544108016633148	0.002053910190142118	5.824854875555078E-4	0.2840195350560323	0.4352711932052611
90	file:/C:/Users/apovzner/Documents/Hakluyt/Cambridge_MacLehose_FineReader_OCR/02_44_NNE-_1555_The_letter_of_George_Killingworth_the_first_Agent_in_Russia_written_to_the_Company_pp.291-297.txt	1.089945205056475E-4	2.9985708447705405E-5	1.774554789538293E-5	0.10071712214910081	0.008112667028381588	0.6315121522647305	0.07876791321339287	6.418607179742796E-5	0.10685607972430214	0.07381315377144596
91	file:/C:/Users/apovzner/Documents/Hakluyt/Cambridge_MacLehose_FineReader_OCR/02_45_NNE-_1555_The_first_Privileges_graunted_by_the_Emperour_of_Russia_to_the_English_merchants_pp.297-303.txt	0.0011560620835601716	3.142276827480983E-5	1.859600017116912E-5	0.0024014146387630994	0.051217069984732126	0.16377582015209835	2.371741028047588E-4	6.726217804986444E-5	0.1744877798200656	0.60660739827148
92	file:/C:/Users/apovzner/Documents/Hakluyt/Cambridge_MacLehose_FineReader_OCR/02_46_NNE-_1555_The_Charter_of_the_merchants_of_the_Moscovie_company_granted_by_Queene_Mary_pp.304-316.txt	0.002591305349279766	1.529575154883382E-5	9.052028641547032E-6	6.618021117601969E-4	0.022395373793870278	0.02799320367447173	1.1544992212628715E-4	3.2741404420084515E-5	0.05653600043431179	0.8896497755295695
93	file:/C:/Users/apovzner/Documents/Hakluyt/Cambridge_MacLehose_FineReader_OCR/02_47_NNE-_1556_Instructions_given_to_the_Pursers_of_the_Moscovie_voyage_pp.317-322.txt	1.3672446293924018E-4	3.761455038606946E-5	2.2260297988402817E-5	0.259784812776479	0.03636653403902713	0.4167906923087922	0.017743825547605993	8.051603102587284E-5	0.15025474868655445	0.1187822712992016
94	file:/C:/Users/apovzner/Documents/Hakluyt/Cambridge_MacLehose_FineReader_OCR/02_48_NNE-_1556_The_voyage_of_Stephen_Burrough_toward_the_River_of_Ob_intending_the_discovery_of_the_Northeast_passa_pp.322-344.txt	0.5133907454509377	2.9544278861464357E-4	5.119001360131245E-6	0.39242015922494855	0.015532708809723305	0.025007774523923963	0.029318164489985907	1.851555053524175E-5	0.023941401268114924	6.996889185561673E-5
95	file:/C:/Users/apovzner/Documents/Hakluyt/Cambridge_MacLehose_FineReader_OCR/02_49_NNE-_1556_The_landing_of_Richard_Johnson_among_the_Samoeds_Anno_1556_pp.345-349.txt	0.1297031436055291	3.907656519846691E-5	2.312551862917589E-5	0.03796783723502164	2.073201200262418E-4	0.13111327669424835	0.6234838582807319	8.364555480821412E-5	0.07447140398180017	0.0029073124440066765
96	file:/C:/Users/apovzner/Documents/Hakluyt/Cambridge_MacLehose_FineReader_OCR/02_50_NNE-_1557_A_discourse_of_the_honourable_receiving_into_England_of_the_first_Ambassadour_from_the_Emperour_of_R_pp.350-362.txt	0.0010382875755003847	1.4844069015744199E-5	8.784722833567594E-6	0.07988091526229751	0.001555251679466428	0.3603626543888553	0.06458572983726514	3.177455290983604E-5	0.24238157671453697	0.2501401811973191
97	file:/C:/Users/apovzner/Documents/Hakluyt/Cambridge_MacLehose_FineReader_OCR/02_51_NNE-_1557_The_voyage_of_the_aforesaide_Stephen_Burrough_from_Colmogro_in_Russia_to_Wardhouse_in_search_of_cert_pp.363-375.txt	0.6163987515549485	1.5452483436242966E-5	9.144782601974657E-6	0.19023363408783217	5.943208896642659E-4	0.07387812305071109	0.1010472139309362	3.307689771669061E-5	0.007418527685023856	0.0103717546371291
98	file:/C:/Users/apovzner/Documents/Hakluyt/Cambridge_MacLehose_FineReader_OCR/02_52_NNE-_1557_Instructions_given_to_the_Masters_and_Mariners_of_the_ships_of_the_Moscovie_Company_sayling_towards__pp.375-378.txt	0.04830293149614658	5.801962311992049E-5	3.433602386757692E-5	0.2525889305579069	0.033010407381714985	0.18313067371368819	0.027369463689216073	1.2419422078119695E-4	0.1702068635319615	0.28517417976159704
