0	file:/C:/Users/apovzner/Documents/Hakluyt/Cambridge_MacLehose_FineReader_OCR/01_01_NNE-_0517_The_voyage_of_Arthur_K_of_Britaine_to_Island_and_the_most_Northeastern_parts_of_Europe_Anno_517_pp.003-004.txt	0.2763261755147763	0.0015217549452413407	0.008979271186702975	0.04210817338396476	0.0011720026239971392	0.019863354812527444	5.295886940443208E-4	7.592738345011795E-5	0.5775790088515285	0.07184474260376708
1	file:/C:/Users/apovzner/Documents/Hakluyt/Cambridge_MacLehose_FineReader_OCR/01_02_NNE-_0517_Two_testimonies_of_Galfridus_Monumetensis_in_his_history_of_the_Kings_of_Brittaine_concerning_the_co_pp.004-004.txt	0.18818569243583508	0.016020212774942248	0.00919668912173496	0.047723837622440306	0.04873210599482578	0.008426486248678958	9.355631706591331E-4	1.341321376367965E-4	0.6270509453736653	0.053594335119581435
2	file:/C:/Users/apovzner/Documents/Hakluyt/Cambridge_MacLehose_FineReader_OCR/01_03_NNE-_0580_A_testimony_of_M_Lambard_in_his_touching_the_right_and_appendances_of_the_Crowne_of_the_kingdome_of__pp.005-007.txt	0.07092716040023939	0.03970807235747715	0.035953753428519884	2.956184020816267E-4	5.762342777104923E-4	0.10994868348242991	0.01881270315405237	3.733094113015663E-5	0.5121697387152658	0.2115707048410932
3	file:/C:/Users/apovzner/Documents/Hakluyt/Cambridge_MacLehose_FineReader_OCR/01_04_NNE-_0580_The_voyage_of_Malgo_king_of_Britaine_to_Island_Gotland_Orkney_Denmark_and_Norway_Anno_580_pp.007-008.txt	0.19388883501822168	0.09793694704843324	0.05303033964072997	5.494284044786343E-4	0.0010709735171390107	0.16641873214970684	4.8393702768628456E-4	6.93822822882465E-5	0.4760692058159336	0.010482219095382472
4	file:/C:/Users/apovzner/Documents/Hakluyt/Cambridge_MacLehose_FineReader_OCR/01_05_NNE-_0624_The_conquest_of_the_Isles_of_Anglesey_and_Man_by_Edwin_the_Saxon_king_of_Northumberland_Anno_624_pp.008-010.txt	0.1701994187689539	0.0665208593537026	0.0031212693773761124	0.0026228527043946456	7.026883308277951E-4	0.08656723164109327	0.018416410345406885	4.552317993855922E-5	0.6200401686509357	0.031763577647370526
5	file:/C:/Users/apovzner/Documents/Hakluyt/Cambridge_MacLehose_FineReader_OCR/01_06_NNE-_0624_The_voyage_of_Bertus_into_Ireland_Anno_684_pp.010-010.txt	0.22225728257205726	0.06484308147621792	0.0026179941915808773	0.021786156810043162	0.002141828275570219	0.001821235543822432	9.678203922939346E-4	1.3875687087533506E-4	0.6831499289613314	2.759149062074671E-4
6	file:/C:/Users/apovzner/Documents/Hakluyt/Cambridge_MacLehose_FineReader_OCR/01_07_NNE-_0890_The_voyage_of_Octher_to_the_North_parts_beyond_Norway_about_the_yeere_890_pp.011-014.txt	0.0017684649004330423	0.10833555664930383	0.01634969589575933	0.007412677976959247	0.04354870582116757	0.5291028737588162	0.29329832341954937	2.891021936726169E-5	9.7304039891388E-5	5.7487318752827464E-5
7	file:/C:/Users/apovzner/Documents/Hakluyt/Cambridge_MacLehose_FineReader_OCR/01_08_NNE-_0890_The_second_voyage_of_Octher_into_the_Sound_of_Denmarke_pp.014-015.txt	7.19216334183733E-4	0.004371399490426013	0.054139503612968855	0.0036114797433110107	9.67551349106857E-4	0.7359883903051472	0.19980416368980256	6.268214830506607E-5	2.1097128948322305E-4	1.246420372654075E-4
8	file:/C:/Users/apovzner/Documents/Hakluyt/Cambridge_MacLehose_FineReader_OCR/01_09_NNE-_0890_Wolstans_Navigation_into_the_East_sea_or_the_Sound_of_Denmarke_pp.015-016.txt	0.03627764766493602	0.26382640793622214	0.06871824902284043	5.650141371294285E-4	0.0011013540121737528	0.5753718301505306	0.05368612132522057	7.135046175190689E-5	2.401465062710141E-4	1.4187878292401226E-4
9	file:/C:/Users/apovzner/Documents/Hakluyt/Cambridge_MacLehose_FineReader_OCR/01_10_NNE-_0973_The_voyage_of_King_Edgar_with_4000_shippes_round_about_his_large_Monarchie_Anno_973_pp.016-023.txt	0.18266861823737512	0.36978110936447983	0.09452365838246692	1.19178127144129E-4	2.3230800765516567E-4	0.02188762638277484	0.004592577164197614	1.5049914406855249E-5	0.2513565319421218	0.07482334247737767
10	file:/C:/Users/apovzner/Documents/Hakluyt/Cambridge_MacLehose_FineReader_OCR/01_11_NNE-_0973_The_voyage_of_Edmund_and_Edward_the_sonnes_of_King_Edmund_Ironside_into_Hungary_Anno_1017_pp.024-025.txt	0.5969604984827819	0.004357824393548999	0.032233332064189324	4.948295505665825E-4	0.04133520138529498	0.03187452136108012	0.0035412812857945584	0.003167922470199264	0.20206358965181115	0.08397099935473305
11	file:/C:/Users/apovzner/Documents/Hakluyt/Cambridge_MacLehose_FineReader_OCR/01_12_NNE-_1249_A_Chronicle_of_the_Kings_of_Man_taken_out_of_M_Camdens_Chorographie_pp.025-041.txt	0.726883250008337	0.025287572233389746	0.0382177584810937	7.982736546069964E-4	0.08033615810955558	0.11026334023554633	0.015208911257396072	0.0029649073197835288	2.5036884977946464E-5	1.4791815313235244E-5
12	file:/C:/Users/apovzner/Documents/Hakluyt/Cambridge_MacLehose_FineReader_OCR/01_13_NNE-_1067_The_mariage_of_the_daughter_of_Harald_unto_Jeruslaus_duke_of_Russia_in_his_owne_Countrey_Anno_1067_pp.042-042.txt	0.5946297792474156	0.051051507525278726	0.08536743789721604	0.0010987958836343715	0.002141828275570219	0.001821235543822432	9.678203922939346E-4	1.3875687087533506E-4	0.262506923457686	2.759149062074671E-4
13	file:/C:/Users/apovzner/Documents/Hakluyt/Cambridge_MacLehose_FineReader_OCR/01_14_NNE-_1278_The_ancient_state_of_the_shipping_of_the_Cinque_Ports_pp.042-050.txt	0.5345697538752234	0.18989768364423573	0.15693786793406142	0.019150098921604512	0.01999288290180224	0.05143724838756358	1.02743680714401E-4	1.4730410468366134E-5	0.027867699155552525	2.9291088773746605E-5
14	file:/C:/Users/apovzner/Documents/Hakluyt/Cambridge_MacLehose_FineReader_OCR/01_15_NNE-_1243_The_voyage_of_a_certaine_Englishman_into_Tartaria_and_from_thence_into_Poland_and_Hungary_Anno_1243_pp.050-054.txt	0.35893338761244215	0.23874273612448602	0.07248492886633384	2.0855984120153452E-4	0.008259773193175873	0.32101956314868546	1.8369969376004293E-4	2.633711263975877E-5	8.864365317909382E-5	5.237075409623019E-5
15	file:/C:/Users/apovzner/Documents/Hakluyt/Cambridge_MacLehose_FineReader_OCR/01_16_NNE-_1246_Libellus_historicus_Johannis_de_Plano_Carpini_pp.055-094.txt	2.4569502354733476E-5	1.4933352451651234E-4	4.0401256473534835E-5	1.6956773414371102E-5	3.3052996741497175E-5	2.810556438257654E-5	1.493554111583918E-5	2.1413156475776636E-6	0.0267178137211195	0.9729726898042338
16	file:/C:/Users/apovzner/Documents/Hakluyt/Cambridge_MacLehose_FineReader_OCR/01_17_NNE-_1246_The_long_and_wonderfull_voyage_of_Frier_John_de_Plano_Carpini_Anno_1246_pp.094-179.txt	0.06093083685545067	0.024928455634873843	0.0274906433003762	0.0011694637286665413	0.02467864265970344	0.16268458111279335	6.960559120655718E-5	1.2282218045172428E-6	0.034307951747738805	0.663738591147386
17	file:/C:/Users/apovzner/Documents/Hakluyt/Cambridge_MacLehose_FineReader_OCR/01_18_NNE-_1253_The_journall_of_Frier_William_de_Rubricis_Anno_1253_pp.179-293.txt	0.0220535831567766	0.02962166111929981	0.026523624572588594	0.023280000396935802	0.011627745710274036	0.22208227614058837	6.3920124448154215E-6	9.164258704412781E-7	0.023275827794627734	0.6415279726705938
18	file:/C:/Users/apovzner/Documents/Hakluyt/Cambridge_MacLehose_FineReader_OCR/01_19_NNE-_1278_Part_of_the_great_Charter_graunted_by_King_Edward_the_first_to_the_Barons_of_the_Cinque_Ports_pp.293-296.txt	0.2654965459938119	0.017190151924844372	0.6478413776292742	0.049649990255265015	0.0023959067901584007	0.016935714997430677	2.5657293269748527E-4	3.6784983635267956E-5	1.2380838310426122E-4	7.31461097784983E-5
19	file:/C:/Users/apovzner/Documents/Hakluyt/Cambridge_MacLehose_FineReader_OCR/01_20_NNE-_1345_The_rolle_of_the_huge_Fleete_of_Edward_the_thirde_before_Caleis_pp.297-299.txt	0.892964647535579	0.006807875513802139	0.0010754503196801534	4.513762437357629E-4	0.07169814898278726	0.003580880616610832	0.023059429773429514	5.700017273551955E-5	1.918472845610351E-4	1.1334355707877176E-4
20	file:/C:/Users/apovzner/Documents/Hakluyt/Cambridge_MacLehose_FineReader_OCR/01_21_NNE-_1345_The_summe_of_expences_layde_out_in_the_siege_of_Caleis_pp.299-300.txt	0.6518719334579915	0.0014505978587744648	0.05891620089025381	5.731433667173207E-4	0.0011171999159028056	0.004546889653365508	5.048251875337406E-4	7.237702772020321E-5	0.24483377013200136	0.03611306250973922
21	file:/C:/Users/apovzner/Documents/Hakluyt/Cambridge_MacLehose_FineReader_OCR/01_22_NNE-_1360_A_note_of_Thomas_Walsingham_touching_King_Edward_the_thirde_his_huge_Fleete_of_1100_ships_wherewith__pp.300-301.txt	0.2940902720169485	0.0042012633901838065	0.10592199989495577	4.770520992663113E-4	0.003923761812439056	7.907057647187345E-4	0.012395659251807871	6.024254142612848E-5	0.4492829354088655	0.12885610781938833
22	file:/C:/Users/apovzner/Documents/Hakluyt/Cambridge_MacLehose_FineReader_OCR/01_23_NNE-_1360_The_voyage_of_Nicolaus_de_Linna_a_Franciscan_Frier_and_an_excellent_Mathematician_of_Oxford_to_all_t_pp.301-303.txt	0.230600777833345	0.12217850381733948	0.023806000923455212	0.002425322325845526	0.07177708226281905	5.525095308788916E-4	0.03585726550802787	4.2094771263166716E-5	0.39970982760055174	0.113050615426474
23	file:/C:/Users/apovzner/Documents/Hakluyt/Cambridge_MacLehose_FineReader_OCR/01_24_NNE-_1360_A_Testimonie_of_the_learned_Mathematician_Master_John_Dee_touching_the_foresaid_voyage_of_Nicholas_D_pp.303-304.txt	0.19820593333432568	0.12664969569007317	0.0858253013553801	4.994828854354596E-4	9.73617195989651E-4	0.010231799080705812	0.03492096542046049	6.307512002099008E-5	0.33875322198530844	0.20387690793230015
24	file:/C:/Users/apovzner/Documents/Hakluyt/Cambridge_MacLehose_FineReader_OCR/01_25_NNE-_1390_The_voyage_of_Henry_Earle_of_Derby_afterward_King_of_England_into_Prussia_and_Letto_Anno_1390_pp.304-305.txt	0.3306160122700659	0.054043580620221986	0.08904638363281954	5.590669554557567E-4	0.0010897614661346362	0.011452365892172993	4.924266719657745E-4	7.059944663448911E-5	0.29144925786164866	0.22118054518288022
25	file:/C:/Users/apovzner/Documents/Hakluyt/Cambridge_MacLehose_FineReader_OCR/01_26_NNE-_1402_The_voyage_of_Thomas_of_Woodstock_duke_of_Glocester_into_Prussia_Anno_1391_pp.306-307.txt	0.41934929106473184	0.10764637378872377	0.08763535556666188	5.293506982087954E-4	0.0010318370408945805	8.773898055900237E-4	4.6625256613354744E-4	6.684685260758348E-5	0.3125006643548814	0.06989663826156657
26	file:/C:/Users/apovzner/Documents/Hakluyt/Cambridge_MacLehose_FineReader_OCR/01_27_NNE-_1402_Certaine_verses_of_Geffrey_Chaucer_concerning_the_long_Voyages_and_valiant_exploits_of_the_English_k_pp.307-308.txt	0.6785924734013636	0.16074335065885226	0.008812998289808183	5.901243810448525E-4	0.004853783296403459	9.781211542950472E-4	5.197820800674674E-4	7.452140453073882E-5	0.14468666120255794	1.481841310764415E-4
27	file:/C:/Users/apovzner/Documents/Hakluyt/Cambridge_MacLehose_FineReader_OCR/01_28_NNE-_0604_A_testimonie_out_of_Cornelius_Tacitus_proving_London_to_have_bene_a_famous_Mart-towne_in_the_raigne__pp.308-309.txt	0.43045910354728906	0.0681562723550931	0.04584782961131184	0.004293607513195219	0.0011503001642530924	0.026902503079347613	0.004223265212217834	7.452140453073882E-5	0.3891165479244821	0.02977604918827937
28	file:/C:/Users/apovzner/Documents/Hakluyt/Cambridge_MacLehose_FineReader_OCR/01_29_NNE-_0604_A_testimony_out_of_venerable_Beda_prooving_London_to_have_bene_a_Citie_of_great_traffique_in_his_tim_pp.309-309.txt	0.18146845220928948	0.0031503036906957997	0.14357298838694915	0.001244711380584023	0.002426254111037435	0.06455523712475414	0.01671938017167055	1.5718320289069082E-4	0.5473353412710863	0.039370148451042516
29	file:/C:/Users/apovzner/Documents/Hakluyt/Cambridge_MacLehose_FineReader_OCR/01_30_NNE-_0795_The_league_betweene_Carolus_Magnus_and_Offa_King_of_Mercia_concerning_the_safe_trade_of_English_Merc_pp.310-312.txt	0.30268968066897445	0.14280120324303208	0.16303657104863445	0.010464857588258021	6.299988055148157E-4	0.008649025068435656	2.8467533931296696E-4	4.08140390644351E-5	0.34292537671899037	0.028477797479782747
30	file:/C:/Users/apovzner/Documents/Hakluyt/Cambridge_MacLehose_FineReader_OCR/01_31_NNE-_0795_An_ancient_testimony_translated_out_of_the_olde_Saxon_Lawes_conteyning_the_advancement_of_Merchants__pp.312-312.txt	0.5720124569742856	0.2325892544513469	0.18797502593379933	0.001180178477363714	0.0023004633259784994	0.0019561258128486477	0.0010395022532857245	1.4903393344700355E-4	5.016082244508842E-4	2.963506131938102E-4
31	file:/C:/Users/apovzner/Documents/Hakluyt/Cambridge_MacLehose_FineReader_OCR/01_32_NNE-_1027_A_testimony_of_certaine_Privileges_obteined_for_the_English_and_Danish_Merchants_by_Canutus_the_King_pp.313-314.txt	0.07304938782700608	0.02956859764075389	0.15841856536914883	5.010535069098691E-4	0.02613263934826274	8.304876908737875E-4	0.0035858234520755464	6.327345942539141E-5	0.3869858559825973	0.3208643157229465
32	file:/C:/Users/apovzner/Documents/Hakluyt/Cambridge_MacLehose_FineReader_OCR/01_33_NNE-_1140_The_flourishing_state_of_Merchandise_in_the_City_of_London_in_the_dayes_of_Wilhelmus_Malmesburiensis_pp.314-315.txt	7.988483139829067E-4	0.06713567455960016	0.22275456479023817	0.13203190282725605	0.004534694190937136	0.03551397008187434	4.856114571043349E-4	6.962234603189173E-5	0.45349630682671255	0.08317880460626247
33	file:/C:/Users/apovzner/Documents/Hakluyt/Cambridge_MacLehose_FineReader_OCR/01_34_NNE-_1140_A_testimony_of_the_said_Wil_of_Malmesbury_concerning_traffique_to_Bristow_in_his_time_pp.315-315.txt	0.02375366202216853	0.1279502353797332	0.1718888762969512	0.17026915469272383	0.0022835501542753725	0.09751867852400475	0.0010318597580122428	1.479382252574764E-4	0.4048618731246861	2.9417182218737593E-4
34	file:/C:/Users/apovzner/Documents/Hakluyt/Cambridge_MacLehose_FineReader_OCR/01_35_NNE-_1157_The_league_betweene_Henry_the_second_and_Frederick_Barbarossa_Emperour_of_Germany_partly_touching_tr_pp.316-318.txt	0.08653583700506318	0.10738025161847621	0.15855963426006875	0.008522963151404333	6.364534986133441E-4	0.008737639208541226	2.8759199872866717E-4	4.123220191485036E-5	0.4980731882148674	0.13122520884232206
35	file:/C:/Users/apovzner/Documents/Hakluyt/Cambridge_MacLehose_FineReader_OCR/01_36_NNE-_1199_A_generall_safe_conduct_granted_by_King_John_to_all_forreine_Merchants_pp.319-320.txt	6.932998799571525E-4	0.0012110211930377185	0.1753058024927336	4.784846189763882E-4	9.326863174617494E-4	7.930801418456207E-4	4.214496782720346E-4	6.0423441223259196E-5	0.8079721696092664	0.012131582627226042
36	file:/C:/Users/apovzner/Documents/Hakluyt/Cambridge_MacLehose_FineReader_OCR/01_37_NNE-_1229_The_letters_of_King_Henry_the_third_unto_Haquinus_king_of_Norwey_pp.320-322.txt	0.017511911502675653	8.580334756261456E-4	0.28164919608928224	3.3901621459169227E-4	6.608274795201954E-4	0.006944673969718734	2.986057835554425E-4	4.281125349428169E-5	0.6703339272099941	0.021360997021541483
37	file:/C:/Users/apovzner/Documents/Hakluyt/Cambridge_MacLehose_FineReader_OCR/01_38_NNE-_1229_A_mandate_for_the_king_of_Norway_his_ship_called_The_Cog_pp.322-323.txt	0.01589855425546711	0.007304474379187135	0.299011680736708	4.8430177682556137E-4	9.440254145137003E-4	0.006881452226178984	4.2657343608317675E-4	6.115803682246126E-5	0.623275691533395	0.04571208820481887
38	file:/C:/Users/apovzner/Documents/Hakluyt/Cambridge_MacLehose_FineReader_OCR/01_39_NNE-_1236_A_Charter_granted_for_the_behalfe_of_the_Merchants_of_Colen_in_the_20_yeere_of_Henry_the_thirde_pp.323-324.txt	6.189545725057917E-4	0.0010811585671678464	0.19135810750402285	4.271748075413346E-4	8.326706488716197E-4	7.0803499950011E-4	3.7625595069148466E-4	0.002734793566721619	0.7669045385335547	0.03495831084942268
39	file:/C:/Users/apovzner/Documents/Hakluyt/Cambridge_MacLehose_FineReader_OCR/01_40_NNE-_1257_The_Charter_of_Lubeck_granted_for_seven_yeeres_in_the_time_of_Henry_the_third_pp.324-325.txt	0.009337369531770574	0.0011655225113547652	0.3334517027321844	4.605077086678352E-4	8.976448185084637E-4	7.632837178603457E-4	4.056155996718221E-4	5.815330182833278E-5	0.6475644853627982	0.005895714715355227
40	file:/C:/Users/apovzner/Documents/Hakluyt/Cambridge_MacLehose_FineReader_OCR/01_41_NNE-_1260_A_Charter_of_the_Merchants_of_Almaine_or_the_Stilyard-merchants_pp.326-327.txt	8.425783194718549E-4	0.0014717732271027992	0.2750920715496945	5.815099321453398E-4	0.0011335084466044935	0.004613263709121836	0.0041616153236039705	7.343356465855234E-5	0.6753900163636098	0.036640229563986736
41	file:/C:/Users/apovzner/Documents/Hakluyt/Cambridge_MacLehose_FineReader_OCR/01_42_NNE-_1303_A_mandate_of_King_Edward_the_first_concerning_outlandish_Merchants_pp.327-327.txt	0.008790990315080814	0.010022345469212398	0.23125666075265164	0.008280070883889419	0.0022183133573560497	0.0018862722001731541	0.0010023814365676118	1.4371190426353724E-4	0.736113485802533	2.8576787827246124E-4
42	file:/C:/Users/apovzner/Documents/Hakluyt/Cambridge_MacLehose_FineReader_OCR/01_43_NNE-_1303_King_Edw_the_first_his_great_Charter_granted_to_forreine_Merchants_Anno_Dom_1303_pp.327-339.txt	9.803755083455353E-5	0.010362260254627564	0.28466032855247303	0.05144735276726938	1.3188850150457244E-4	1.1214719195807476E-4	5.959599222828996E-5	8.544305807308135E-6	0.5121271719116897	0.14099267297160764
43	file:/C:/Users/apovzner/Documents/Hakluyt/Cambridge_MacLehose_FineReader_OCR/01_44_NNE-_1313_The_letters_of_Edward_the_second_unto_Haquinus_King_of_Norway_concerning_certain_English_Merchants_a_pp.339-343.txt	0.02298921628156747	0.001594618055459867	0.24019975988040632	0.0013174112359724116	0.012852719161533653	0.004845489229509237	0.001295828048085078	2.2865465776162792E-5	0.5977933094171477	0.11708878322454197
44	file:/C:/Users/apovzner/Documents/Hakluyt/Cambridge_MacLehose_FineReader_OCR/01_45_NNE-_1313_Another_letter_of_Edw_the_second_unto_the_said_Haquinus_for_the_merchants_aforesaid_pp.343-344.txt	6.485100569495239E-4	0.0039416464806833525	0.338129814377477	4.475726831526729E-4	8.724312153213445E-4	7.418441324201962E-4	3.9422241768518284E-4	5.651985589728324E-5	0.6125221220185225	0.042245316761890896
45	file:/C:/Users/apovzner/Documents/Hakluyt/Cambridge_MacLehose_FineReader_OCR/01_46_NNE-_1313_A_third_letter_of_King_Edward_the_second_to_the_said_Haquinus_in_the_behalfe_of_our_English_merchant_pp.344-349.txt	0.008996818064593258	0.051074530429768755	0.37268387745369297	1.5530270476213834E-4	0.0022520110410819377	0.0022066987869052727	1.3679076058244172E-4	1.9611756534793252E-5	0.4561992097549264	0.10627514924715206
46	file:/C:/Users/apovzner/Documents/Hakluyt/Cambridge_MacLehose_FineReader_OCR/01_47_NNE-_1320_An_Ordinance_for_the_Staple_to_be_holden_at_one_certaine_place_pp.350-355.txt	0.0034297503781257166	0.01847451427764534	0.33479221612425064	1.6915111719197654E-4	0.0024528238842401926	2.803651082932258E-4	1.4898845457649208E-4	2.1360545735749934E-5	0.5308483957569737	0.10938243435296693
47	file:/C:/Users/apovzner/Documents/Hakluyt/Cambridge_MacLehose_FineReader_OCR/02_01_NNE-_1262_A_Catalogue_of_the_great_Masters_of_Prussia_pp.001-011.txt	0.6362802613557649	0.0725376810962618	0.1710652480587996	9.291054133578359E-5	0.04916023849247008	0.0707072719670029	8.183568750405089E-5	1.1732821517719353E-5	3.9489528546833505E-5	2.3330450796335528E-5
48	file:/C:/Users/apovzner/Documents/Hakluyt/Cambridge_MacLehose_FineReader_OCR/02_02_NNE-_1388_The_Oration_or_speach_of_the_Ambassadours_sent_from_Conradus_de_Zolner_Master_generall_of_the_land_o_pp.012-018.txt	0.07031564589265928	0.14847078186421844	0.7476482019814481	1.572956989510009E-4	0.009190969146470341	0.023952342815243367	1.3854619163786635E-4	1.9863433521791612E-5	6.68549865786582E-5	3.949798927108557E-5
49	file:/C:/Users/apovzner/Documents/Hakluyt/Cambridge_MacLehose_FineReader_OCR/02_03_NNE-_1390_An_agreement_made_by_the_Ambassadours_of_England_and_Prussia_confirmed_by_king_Richard_the_second_pp.018-024.txt	0.07217730780614838	0.0657964780213461	0.8517438828819737	1.489165212895033E-4	0.0096359295234897	2.4682660872169795E-4	1.3116580449569023E-4	1.8805303899962053E-5	6.329360623682115E-5	3.73939223984278E-5
50	file:/C:/Users/apovzner/Documents/Hakluyt/Cambridge_MacLehose_FineReader_OCR/02_04_NNE-_1398_The_letters_of_Conradus_de_Jungingen_Master_generall_of_Prussia_unto_Rich_the_second_pp.025-027.txt	0.0640132667470581	0.057601730747141186	0.8715774053249359	3.6130898498058697E-4	0.005239263699010329	5.98863515553551E-4	3.182412755557729E-4	4.562640334001469E-5	1.5356622910045597E-4	9.072707332420824E-5
51	file:/C:/Users/apovzner/Documents/Hakluyt/Cambridge_MacLehose_FineReader_OCR/02_05_NNE-_1407_A_briefe_relation_of_William_Esturmy_and_John_Kington_concerning_their_Ambassages_into_Prussia_and_t_pp.027-033.txt	0.0061387007828391914	0.036849947744933165	0.9304085612872941	0.004097810026707834	0.020995331944685534	2.6020123769442203E-4	0.001123479264818555	1.9824294371386068E-5	6.672325470198179E-5	3.942016195381429E-5
52	file:/C:/Users/apovzner/Documents/Hakluyt/Cambridge_MacLehose_FineReader_OCR/02_06_NNE-_1407_Certaine_Articles_of_complaint_exhibited_by_the_Livonians_pp.033-034.txt	7.670022420125128E-4	0.014628087383675043	0.9646649130999786	5.293506982087954E-4	0.010998082012864088	8.773898055900237E-4	4.6625256613354744E-4	6.684685260758348E-5	0.006869151881149842	1.329234577800235E-4
53	file:/C:/Users/apovzner/Documents/Hakluyt/Cambridge_MacLehose_FineReader_OCR/02_07_NNE-_1407_Other_complaints_exhibited_by_the_Cities_of_the_Hans_pp.034-036.txt	0.007729080670528548	0.0033570228426701544	0.9721627231426558	3.8118885812362557E-4	0.015096547320557114	6.31814068166679E-4	3.3575148551434196E-4	4.813685048657912E-5	1.6201572047896653E-4	9.571904081823922E-5
54	file:/C:/Users/apovzner/Documents/Hakluyt/Cambridge_MacLehose_FineReader_OCR/02_08_NNE-_1403_Compositions_and_Ordinances_concluded_betweene_the_Ambassadours_of_Prussia_and_the_Chanceller_and_Tr_pp.036-038.txt	0.030069082907061007	9.1653362005788E-4	0.9599186708309784	3.621301117550182E-4	0.005251170681345114	6.00224519257562E-4	0.0025916087394384146	4.573009592160243E-5	1.539152305025927E-4	9.093326368251414E-5
55	file:/C:/Users/apovzner/Documents/Hakluyt/Cambridge_MacLehose_FineReader_OCR/02_09_NNE-_1403_The_letters_of_the_Chanceller_and_Treasurer_of_England_unto_Conradus_de_Jungingen_master_generall_of_pp.038-041.txt	0.05061599039224487	0.054136821681343324	0.8774157890817557	2.582478438636771E-4	0.00860690621956357	0.008531557937898745	2.274649307299138E-4	3.261175552123721E-5	1.0976241722192168E-4	6.484773985705726E-5
56	file:/C:/Users/apovzner/Documents/Hakluyt/Cambridge_MacLehose_FineReader_OCR/02_10_NNE-_1404_The_letters_of_king_Henry_the_fourth_unto_Conradus_de_Jungingen_the_master_generall_of_Prussia_for_e_pp.041-043.txt	0.037310988562633596	0.14345053507391692	0.8146357503577816	3.662923729665537E-4	7.139955411468708E-4	0.002905888992988655	3.226306481293018E-4	4.62557097777157E-5	1.5568430568576577E-4	9.197843497310294E-5
57	file:/C:/Users/apovzner/Documents/Hakluyt/Cambridge_MacLehose_FineReader_OCR/02_11_NNE-_1404_The_letters_of_Conradus_de_Jungingen_unto_king_Henry_the_fourth_pp.044-046.txt	0.04567730519989137	0.33823717450466195	0.6113297403637058	3.784726517196416E-4	7.377379539336772E-4	0.0030025181902429577	3.3335904849613975E-4	4.779384565112073E-5	1.6086125825339875E-4	9.503698344401927E-5
58	file:/C:/Users/apovzner/Documents/Hakluyt/Cambridge_MacLehose_FineReader_OCR/02_12_NNE-_1405_An_agreement_made_betweene_king_Henry_the_fourth_and_Conradus_de_Jungingen_pp.047-055.txt	9.268562532330811E-4	0.022140763173171887	0.9641296291045136	1.19985800454676E-4	2.338823651493266E-4	0.010740915451683935	0.0016116894601402815	1.5151908073677462E-5	5.099725633010311E-5	3.0129227249358622E-5
59	file:/C:/Users/apovzner/Documents/Hakluyt/Cambridge_MacLehose_FineReader_OCR/02_13_NNE-_1405_An_agreement_betweene_king_Henry_the_fourth_and_the_Hans-townes_pp.055-067.txt	0.018280794987013706	1.8792474804786333E-4	0.8901981995872821	0.0038020885053564857	0.07423551061908934	0.012704521968228504	6.540003185696386E-5	9.37643373489022E-6	3.155855964247328E-5	4.846245597477344E-4
60	file:/C:/Users/apovzner/Documents/Hakluyt/Cambridge_MacLehose_FineReader_OCR/02_14_NNE-_1405_A_testimonie_out_of_Albertus_Krantzius_concerning_the_surprise_of_Bergen_in_Norway_wherein_21_houses_pp.068-071.txt	0.07534866840736228	0.08416002757326464	0.6156213827612143	0.06670914880360672	0.135108052674805	0.020892287017798897	0.0019426205817502343	3.4278409464681616E-5	1.1537192712352067E-4	6.816184360979265E-5
61	file:/C:/Users/apovzner/Documents/Hakluyt/Cambridge_MacLehose_FineReader_OCR/02_15_NNE-_1407_The_grievances_and_offences_whereat_the_merchants_of_the_Hans_found_themselves_agrieved_pp.072-083.txt	0.016212212593581205	0.045703025290125744	0.8981504206531509	0.017281788780091234	0.009600912453261407	0.01179363216389059	0.0011870939716176695	1.116017643448636E-5	3.75621588747234E-5	2.219175897204127E-5
62	file:/C:/Users/apovzner/Documents/Hakluyt/Cambridge_MacLehose_FineReader_OCR/02_16_NNE-_1407_A_letter_of_Henry_the_fourth_king_of_England_unto_Conradus_de_Jungingen_Master_generall_of_Prussia_pp.083-085.txt	0.016698871779315408	0.15104124871534086	0.8091608301287947	3.679841917666259E-4	0.02150174083252874	6.09927557603734E-4	3.2412080363421723E-4	4.646935408261573E-5	1.564033750813478E-4	9.240326185177487E-5
63	file:/C:/Users/apovzner/Documents/Hakluyt/Cambridge_MacLehose_FineReader_OCR/02_17_NNE-_1408_A_letter_of_Werneherus_de_Tettingen_commander_in_Elbing_unto_sir_William_Sturmy_Ambassadour_unto_kin_pp.085-090.txt	0.02782087740317847	0.049583822984968294	0.9142095211943412	1.9082635190843626E-4	0.007557458698492959	3.1629144226868696E-4	1.6808002060690104E-4	2.409771265595763E-5	8.110643381079959E-5	4.7917757768238425E-5
64	file:/C:/Users/apovzner/Documents/Hakluyt/Cambridge_MacLehose_FineReader_OCR/02_18_NNE-_1408_The_letters_of_Ulricus_de_Jungingen_master_generall_of_Prussia_signifying_unto_king_Henry_the_4_that_pp.091-095.txt	0.04307612043838363	0.04745176065840131	0.9025726032085193	2.1977867347882735E-4	0.004566242915665731	3.6427942430022404E-4	0.0015728610033822125	2.7753836241346592E-5	9.341196462262713E-5	5.518787700472534E-5
65	file:/C:/Users/apovzner/Documents/Hakluyt/Cambridge_MacLehose_FineReader_OCR/02_19_NNE-_1408_The_letters_of_king_Henry_the_fourth_unto_Ulricus_de_Jungingen_wherein_he_doth_absolutely_approve_th_pp.095-098.txt	0.014750255941580645	0.1172068185886893	0.8662468126658647	2.8555283258536616E-4	5.566139627112219E-4	4.732989776258543E-4	2.5151518909891947E-4	3.605985252518322E-5	1.2136778638772186E-4	7.170420293118331E-5
66	file:/C:/Users/apovzner/Documents/Hakluyt/Cambridge_MacLehose_FineReader_OCR/02_20_NNE-_1409_A_new_concord_betweene_king_Henry_the_fourth_and_Ulricus_de_Jungingen_pp.098-106.txt	0.01626794006309134	9.826846842262487E-4	0.9113200256737854	1.1158352809355149E-4	0.017724309890708168	8.852200319101347E-4	9.828287086027826E-5	1.4090862033701673E-5	0.052567843034146036	2.8019361145036115E-5
67	file:/C:/Users/apovzner/Documents/Hakluyt/Cambridge_MacLehose_FineReader_OCR/02_21_NNE-_1404_A_Charter_of_king_Henry_the_fourth_graunted_in_the_fifth_yeere_of_his_raigne_unto_the_English_mercha_pp.106-110.txt	0.001446365158949708	0.00987441920615316	0.4892735410493032	0.0013623045425891216	3.649749387402263E-4	3.103448295177401E-4	1.6491993892226494E-4	2.3644650238837786E-5	0.4430794361723845	0.05410004951320122
68	file:/C:/Users/apovzner/Documents/Hakluyt/Cambridge_MacLehose_FineReader_OCR/02_22_NNE-_1430_A_note_touching_the_mighty_ships_of_king_Henry_the_fift_taken_out_of_a_Chronicle_in_the_Trinitie_Chu_pp.111-111.txt	0.11245071187786178	0.0374426165533506	0.2653531240524461	9.317432130886076E-4	0.0018162007967877337	0.030781365245030265	8.206802513911595E-4	1.1766131875183294E-4	0.37462982979576653	0.1756560668955255
69	file:/C:/Users/apovzner/Documents/Hakluyt/Cambridge_MacLehose_FineReader_OCR/02_23_NNE-_1430_A_branch_of_a_Statute_made_in_the_eight_yeere_of_Henry_the_6_for_the_trade_to_Norway_Sweveland_Denma_pp.111-113.txt	0.10972503269272317	0.05336645244833348	0.6289276002280547	3.3474304532210775E-4	6.524980027682244E-4	5.54830921072915E-4	0.015000227535758004	4.227163407506162E-5	0.1198861288502608	0.07151021464163156
70	file:/C:/Users/apovzner/Documents/Hakluyt/Cambridge_MacLehose_FineReader_OCR/02_24_NNE-_1432_Another_branch_of_a_Statute_made_in_the_10_yeere_of_king_Henry_the_sixt_concerning_the_state_of_Engl_pp.113-114.txt	0.4805670346469758	0.03530254440965397	0.372673865103696	0.037643150919806974	9.615606173312871E-4	8.176324842650377E-4	0.01900942364286698	6.229404286967105E-5	2.0966503074170326E-4	0.05275282910179258
71	file:/C:/Users/apovzner/Documents/Hakluyt/Cambridge_MacLehose_FineReader_OCR/02_25_NNE-_1437_Libellus_de_politia_conservativa_Maris_Or_The_pollicy_of_keeping_the_Sea_pp.114-147.txt	0.539929092697742	0.10881644410053425	0.05801400469256262	0.13122527978339185	6.949177932789625E-4	0.10437918345047545	0.01367341092423588	4.2237425805128E-6	0.02436342010862262	0.018900022706575755
72	file:/C:/Users/apovzner/Documents/Hakluyt/Cambridge_MacLehose_FineReader_OCR/02_26_NNE-_1462_A_large_Charter_granted_by_king_Edward_the_fourth_in_the_second_yere_of_his_raigne_to_the_English_me_pp.147-158.txt	0.04036445400930731	0.11658586990632455	0.8174913026028131	0.012593333639906643	1.6889441324911304E-4	0.011562763732465009	6.200867583776009E-4	1.094170833305181E-5	3.682685387454565E-5	5.655263753490853E-4
73	file:/C:/Users/apovzner/Documents/Hakluyt/Cambridge_MacLehose_FineReader_OCR/02_27_NNE-_1527_A_perswasion_of_Robert_Thome_merchant_of_Bristol_and_dwelling_long_in_Sivil_in_Spaine_to_king_Henry__pp.159-163.txt	0.07922395379335351	0.5257072596333735	0.11207870606971253	0.026066563137213516	0.014027719683548472	0.14865539859714452	0.09406644472505889	2.7376241288351983E-5	9.214108134421864E-5	5.44370379624301E-5
74	file:/C:/Users/apovzner/Documents/Hakluyt/Cambridge_MacLehose_FineReader_OCR/02_28_NNE-_1527_The_discourse_of_the_foresaid_Robert_Thorne_written_to_Doctour_Leigh_the_Kings_Ambassadour_in_Spaine_pp.164-181.txt	0.05016192521598887	0.26897551364351746	0.07506718528975327	0.08364382455857129	0.004258483080883966	0.1299932296943602	0.37166203801302106	7.575999904809376E-6	0.014332641076303958	0.0018975834276952126
75	file:/C:/Users/apovzner/Documents/Hakluyt/Cambridge_MacLehose_FineReader_OCR/02_29_NNE-_1580_A_briefe_treatise_of_the_Emperour_of_Moscovia_his_genealogie_pp.182-194.txt	0.41354793030896747	0.17675352978137365	0.18704102183444413	0.0035111753852670393	0.0026044912506367744	0.21641031310819175	6.883198292159396E-5	9.868474194584025E-6	3.321463578323201E-5	1.9623238219718798E-5
76	file:/C:/Users/apovzner/Documents/Hakluyt/Cambridge_MacLehose_FineReader_OCR/02_30_NNE-_1553_The_excellent_orders_and_instructions_of_Sebastian_Cabot_given_to_sir_Hugh_Willoughby_and_his_Fleete_pp.195-205.txt	0.02503452236339856	0.4190395464305593	0.3630204192046837	9.915462226642921E-5	0.11655801195789595	0.07608144679734019	8.733547954533907E-5	1.2521329323703305E-5	4.214343421366555E-5	2.4898380773132024E-5
77	file:/C:/Users/apovzner/Documents/Hakluyt/Cambridge_MacLehose_FineReader_OCR/02_31_NNE-_1553_The_names_of_the_twelve_Counsellers_appointed_in_sir_Hugh_Willoughbies_voyage_pp.206-206.txt	0.0017357300533696381	0.0030318855386979597	0.2359087044932739	0.0011979233766545082	0.13765703707406812	0.0019855376825064137	0.0010551319763749925	1.512747742949366E-4	0.5869044164457349	0.03037235858502473
78	file:/C:/Users/apovzner/Documents/Hakluyt/Cambridge_MacLehose_FineReader_OCR/02_32_NNE-_1553_The_letters_of_king_Edward_the_sixt_written_at_that_time_to_all_the_Kings_Princes_and_other_Potentat_pp.206-211.txt	0.023449897594658688	0.10590884646722494	0.2830960958807081	1.6808055866043356E-4	3.2763109006362707E-4	0.012936603809913034	0.006477052072784747	2.12253547015112E-5	0.4715824280978964	0.09603213907338852
79	file:/C:/Users/apovzner/Documents/Hakluyt/Cambridge_MacLehose_FineReader_OCR/02_33_NNE-_1553_The_voyage_of_sir_Hugh_Willoughby_knight_wherein_he_unfortunately_perished_at_Arzina_Reca_in_Lapland_pp.212-212.txt	0.08137370629531412	0.017413112445982495	0.5823933768688316	0.0011545254127636618	0.3138083573023146	0.0019136062932968852	0.00101690701115336	1.4579444281431886E-4	4.907049683480444E-4	2.899089591810138E-4
80	file:/C:/Users/apovzner/Documents/Hakluyt/Cambridge_MacLehose_FineReader_OCR/02_34_NNE-_1553_The_names_of_the_Ships_Captains_Mariners_and_other_officers_of_that_first_worthy_enterprise_pp.212-214.txt	0.06504570053749567	0.0032332662173268963	0.5999308847784096	0.009583384713467718	0.3025477750804311	0.009824770626766456	0.009539622389305264	4.6362285805293346E-5	1.5604301199328773E-4	9.219035899868486E-5
81	file:/C:/Users/apovzner/Documents/Hakluyt/Cambridge_MacLehose_FineReader_OCR/02_35_NNE-_1553_The_othe_ministred_to_the_Captaine_of_the_Fleete_pp.215-215.txt	0.0018768278711969023	0.3365681081795979	0.5802465083811665	0.001295302790027046	0.05129898066892367	0.0021469424088183093	0.025527959467666658	1.6357192874236377E-4	5.505392151220397E-4	3.252590887385476E-4
82	file:/C:/Users/apovzner/Documents/Hakluyt/Cambridge_MacLehose_FineReader_OCR/02_36_NNE-_1553_The_othe_ministred_to_the_Masters_of_the_ships_pp.216-224.txt	1.7255398650567748E-4	0.04738604449484145	0.1011793903057073	1.1908905637071305E-4	0.3873724741037548	0.06970327919898361	0.3939716100229797	1.5038666474468788E-5	5.061611549727901E-5	2.990404888502006E-5
83	file:/C:/Users/apovzner/Documents/Hakluyt/Cambridge_MacLehose_FineReader_OCR/02_37_NNE-_1553_The_voyage_of_Richard_Chanceller_Pilote_major_the_first_discoverer_by_sea_of_the_kingdome_of_Moscovi_pp.224-238.txt	0.05306554159861015	0.08321452037246502	0.19675784886346076	0.24962088375803362	0.023927385446412108	0.39149812069408363	0.00185831222496336	9.031343062992692E-6	3.0397077051217403E-5	1.7958621857305345E-5
84	file:/C:/Users/apovzner/Documents/Hakluyt/Cambridge_MacLehose_FineReader_OCR/02_38_NNE-_1553_A_testimonie_of_Richard_Eden_concerning_Clement_Adams_his_discourse_of_Richard_Chancellers_voyage_pp.239-270.txt	0.04003195156741022	0.2678432544544059	0.1563966687155995	0.10211775860382385	0.09874713135397942	0.3345935193466421	2.4252352618220902E-4	4.279436145890195E-6	1.4403433615031347E-5	8.50956219584241E-6
85	file:/C:/Users/apovzner/Documents/Hakluyt/Cambridge_MacLehose_FineReader_OCR/02_39_NNE-_1554_The_letters_of_the_Emperour_of_Russia_sent_to_king_Edward_the_sixt_by_Richard_Chanceller_pp.271-272.txt	0.03577029650361948	0.029380479282588478	0.8124705811989716	5.571122857943998E-4	0.001085951325586743	0.11979783921839339	4.907049971882879E-4	7.035260930114588E-5	2.367880027106945E-4	1.3989457584566168E-4
86	file:/C:/Users/apovzner/Documents/Hakluyt/Cambridge_MacLehose_FineReader_OCR/02_40_NNE-_1554_The_coynes_waights_and_measures_used_in_Russia_pp.273-278.txt	2.5426863427541614E-4	0.062117060187417084	0.3880764435522275	0.46382366134206193	3.42063922127064E-4	0.08398982140058146	0.0012558693005247357	2.2160375794394356E-5	7.458587784870678E-5	4.40654071417188E-5
87	file:/C:/Users/apovzner/Documents/Hakluyt/Cambridge_MacLehose_FineReader_OCR/02_41_NNE-_1555_The_letters_of_King_Philip_and_Queene_Mary_to_Ivan_Vasilivich_the_Emperor_of_Russia_pp.278-281.txt	3.760162249916282E-4	0.06743030164484869	0.8019002543979736	0.10449130747073804	5.05849197918489E-4	0.02485946039873751	2.2857629379307063E-4	3.277109217324199E-5	1.102987016321462E-4	6.516457719358678E-5
88	file:/C:/Users/apovzner/Documents/Hakluyt/Cambridge_MacLehose_FineReader_OCR/02_42_NNE-_1555_The_Commission_given_to_the_merchants_Agents_resiant_in_Russia_pp.281-289.txt	1.7255398650567748E-4	0.286546099918679	0.6011733811761677	0.040477348409143306	0.05254839651038218	0.012902766035822178	0.0038417696128445976	1.5038666474468788E-5	0.0022927416350957564	2.990404888502006E-5
89	file:/C:/Users/apovzner/Documents/Hakluyt/Cambridge_MacLehose_FineReader_OCR/02_43_NNE-_1555_The_othe_ministred_to_the_servants_of_the_Moscovie_company_pp.290-290.txt	0.011087402850135116	0.3729485791479214	0.6069359580890126	0.0014353152404123373	0.0027977887540894374	0.0023790106710108697	0.001264226941264706	1.812528190591278E-4	6.100483469913706E-4	3.60417140103063E-4
90	file:/C:/Users/apovzner/Documents/Hakluyt/Cambridge_MacLehose_FineReader_OCR/02_44_NNE-_1555_The_letter_of_George_Killingworth_the_first_Agent_in_Russia_written_to_the_Company_pp.291-297.txt	2.2949932229430247E-4	0.05109589252229321	0.4904291897111387	0.2745078815252957	0.1523937862373063	0.031077145825610237	1.3951021533504583E-4	2.0001646058679E-5	6.732017288637644E-5	3.977282178144279E-5
91	file:/C:/Users/apovzner/Documents/Hakluyt/Cambridge_MacLehose_FineReader_OCR/02_45_NNE-_1555_The_first_Privileges_graunted_by_the_Emperour_of_Russia_to_the_English_merchants_pp.297-303.txt	0.0033654436357155883	0.12333469399211344	0.832673188908718	1.6597958686982107E-4	0.0378229076311874	0.0023584067872974078	1.461949678459011E-4	2.0960042211898937E-5	7.05458771378727E-5	4.1678570902600595E-5
92	file:/C:/Users/apovzner/Documents/Hakluyt/Cambridge_MacLehose_FineReader_OCR/02_46_NNE-_1555_The_Charter_of_the_merchants_of_the_Moscovie_company_granted_by_Queene_Mary_pp.304-316.txt	0.014822840592391242	0.06561979428195998	0.8987653136662108	8.080211617743405E-5	0.004721360861797313	1.3392813732762432E-4	0.011227266216324954	1.0203759376856952E-5	0.00459820042319595	2.028994523780011E-5
93	file:/C:/Users/apovzner/Documents/Hakluyt/Cambridge_MacLehose_FineReader_OCR/02_47_NNE-_1556_Instructions_given_to_the_Pursers_of_the_Moscovie_voyage_pp.317-322.txt	2.878745380525911E-4	0.17007550450253603	0.4580701810504412	0.05880099440869549	0.30212685929363536	0.006563594630625108	0.003915569270874721	2.5089244542734732E-5	8.44436640489692E-5	4.9889396547752354E-5
94	file:/C:/Users/apovzner/Documents/Hakluyt/Cambridge_MacLehose_FineReader_OCR/02_48_NNE-_1556_The_voyage_of_Stephen_Burrough_toward_the_River_of_Ob_intending_the_discovery_of_the_Northeast_passa_pp.322-344.txt	6.621134040742583E-5	0.016462008836215954	1.0887568281339535E-4	4.569611059029904E-5	0.4362786303152622	0.05399003161659444	0.49301187885902836	5.770543384009463E-6	1.9422100417144833E-5	1.1474595286856611E-5
95	file:/C:/Users/apovzner/Documents/Hakluyt/Cambridge_MacLehose_FineReader_OCR/02_49_NNE-_1556_The_landing_of_Richard_Johnson_among_the_Samoeds_Anno_1556_pp.345-349.txt	0.054702073011991204	5.223848846930631E-4	0.09375407206319487	0.08181091645320106	0.025013208955811772	0.6467016956913322	0.0973300315963798	2.606419487754351E-5	8.77250852331261E-5	5.1828063285397274E-5
96	file:/C:/Users/apovzner/Documents/Hakluyt/Cambridge_MacLehose_FineReader_OCR/02_50_NNE-_1557_A_discourse_of_the_honourable_receiving_into_England_of_the_first_Ambassadour_from_the_Emperour_of_R_pp.350-362.txt	0.0695028358069671	0.11683140295738494	0.5420132555833871	0.10440829927256731	0.10054575920440613	0.06656645571373956	6.90690990965325E-5	9.902469653586928E-6	3.332905537503525E-5	1.9690837422721095E-5
97	file:/C:/Users/apovzner/Documents/Hakluyt/Cambridge_MacLehose_FineReader_OCR/02_51_NNE-_1557_The_voyage_of_the_aforesaide_Stephen_Burrough_from_Colmogro_in_Russia_to_Wardhouse_in_search_of_cert_pp.363-375.txt	1.1827771861723749E-4	2.066015414837211E-4	0.05039899631631868	0.07026547805313729	0.19021902699859589	0.08466329252146114	0.6040628257238323	1.0308305230532456E-5	3.469498901485988E-5	2.04978323083955E-5
98	file:/C:/Users/apovzner/Documents/Hakluyt/Cambridge_MacLehose_FineReader_OCR/02_52_NNE-_1557_Instructions_given_to_the_Masters_and_Mariners_of_the_ships_of_the_Moscovie_Company_sayling_towards__pp.375-378.txt	4.4398628681511246E-4	0.21423047033006673	0.45840823032002054	3.064195096797072E-4	0.21405222586259942	0.023584094602889502	0.08872869751389176	3.869491410695762E-5	1.302366965129627E-4	7.694396341727411E-5
