0	file:/C:/Users/apovzner/Documents/Hakluyt/Cambridge_MacLehose_FineReader_OCR/01_01_NNE-_0517_The_voyage_of_Arthur_K_of_Britaine_to_Island_and_the_most_Northeastern_parts_of_Europe_Anno_517_pp.003-004.txt	0.5779548641835621	0.04255122251296782	6.950530518061932E-5	0.061198966948635934	0.0010589723995235022	0.008010089387735444	0.09450297256006834	0.15936914434168084	7.491226669993434E-4	0.05453513969364608
1	file:/C:/Users/apovzner/Documents/Hakluyt/Cambridge_MacLehose_FineReader_OCR/01_02_NNE-_0517_Two_testimonies_of_Galfridus_Monumetensis_in_his_history_of_the_Kings_of_Brittaine_concerning_the_co_pp.004-004.txt	0.6344476323068571	0.015144375792144915	1.2285002859897215E-4	0.008061074417523127	0.015219400981511358	0.04752695499397183	0.0268825885086811	0.18824985609276004	0.021345582437029123	0.04299968444092246
2	file:/C:/Users/apovzner/Documents/Hakluyt/Cambridge_MacLehose_FineReader_OCR/01_03_NNE-_0580_A_testimony_of_M_Lambard_in_his_touching_the_right_and_appendances_of_the_Crowne_of_the_kingdome_of__pp.005-007.txt	0.5531614891768204	0.03019310206165566	3.41617977699326E-5	0.06905193326306387	5.204840243842204E-4	0.002081109498739733	0.17635710846115685	3.84410304111618E-4	0.007791563355954481	0.16042463805634316
3	file:/C:/Users/apovzner/Documents/Hakluyt/Cambridge_MacLehose_FineReader_OCR/01_04_NNE-_0580_The_voyage_of_Malgo_king_of_Britaine_to_Island_Gotland_Orkney_Denmark_and_Norway_Anno_580_pp.007-008.txt	0.5522548155976345	0.04233116722802912	6.351013633175247E-5	0.1042229693231479	9.676309065981054E-4	4.187933720974402E-4	9.679580805326994E-5	0.06626833349322098	6.845072126033989E-4	0.23269147692228365
4	file:/C:/Users/apovzner/Documents/Hakluyt/Cambridge_MacLehose_FineReader_OCR/01_05_NNE-_0624_The_conquest_of_the_Isles_of_Anglesey_and_Man_by_Edwin_the_Saxon_king_of_Northumberland_Anno_624_pp.008-010.txt	0.6904438249829307	0.005135844196153687	4.1661578861810915E-5	4.7044719589818E-4	0.00516128715191901	0.004801258980880593	6.349641842427994E-5	0.13400166147085488	4.4902519292967124E-4	0.1594314928311473
5	file:/C:/Users/apovzner/Documents/Hakluyt/Cambridge_MacLehose_FineReader_OCR/01_06_NNE-_0624_The_voyage_of_Bertus_into_Ireland_Anno_684_pp.010-010.txt	0.7461044299784932	0.0018587235108249067	1.270909508047359E-4	0.0014351251936092046	0.015744791950622245	8.380528042415016E-4	1.936993366719063E-4	0.10499350803411811	0.0013697761886077339	0.12733480205200645
6	file:/C:/Users/apovzner/Documents/Hakluyt/Cambridge_MacLehose_FineReader_OCR/01_07_NNE-_0890_The_voyage_of_Octher_to_the_North_parts_beyond_Norway_about_the_yeere_890_pp.011-014.txt	9.324118652320884E-5	3.868932051503866E-4	2.645397500816693E-5	0.3969423036373062	0.056450511523960745	0.3881953364756101	4.0318507171213774E-5	2.976769737452449E-4	2.851188446601884E-4	0.15728214567086443
7	file:/C:/Users/apovzner/Documents/Hakluyt/Cambridge_MacLehose_FineReader_OCR/01_08_NNE-_0890_The_second_voyage_of_Octher_into_the_Sound_of_Denmarke_pp.014-015.txt	2.0222252983021903E-4	0.007072758061977296	0.17771667639912722	0.3216813468127392	0.04139292507828846	0.408683042106514	8.744323000556435E-5	0.0037624350275830723	6.183689442336829E-4	0.03878278180970125
8	file:/C:/Users/apovzner/Documents/Hakluyt/Cambridge_MacLehose_FineReader_OCR/01_09_NNE-_0890_Wolstans_Navigation_into_the_East_sea_or_the_Sound_of_Denmarke_pp.015-016.txt	0.01797084213804242	0.12159153953960493	0.19876044355517974	0.19233639625987686	9.95097127946517E-4	0.1281632648399245	9.954335887193524E-5	7.349420378984361E-4	0.029088955631532524	0.31025897551112225
9	file:/C:/Users/apovzner/Documents/Hakluyt/Cambridge_MacLehose_FineReader_OCR/01_10_NNE-_0973_The_voyage_of_King_Edgar_with_4000_shippes_round_about_his_large_Monarchie_Anno_973_pp.016-023.txt	0.27083660125399955	0.12213081606128445	1.3769575212679163E-5	0.02783272107194305	0.006942091220378157	0.0015868648874799976	0.07183218662490602	0.018855777470278706	0.025581540869338056	0.45438763096517926
10	file:/C:/Users/apovzner/Documents/Hakluyt/Cambridge_MacLehose_FineReader_OCR/01_11_NNE-_0973_The_voyage_of_Edmund_and_Edward_the_sonnes_of_King_Edmund_Ironside_into_Hungary_Anno_1017_pp.024-025.txt	0.19595175619824104	0.21212238026318483	0.1864859211263313	0.03793160208186584	0.013300002382751294	3.771533109246408E-4	0.08398009810398173	0.19639376116938403	6.16447581995405E-4	0.07284087778133991
11	file:/C:/Users/apovzner/Documents/Hakluyt/Cambridge_MacLehose_FineReader_OCR/01_12_NNE-_1249_A_Chronicle_of_the_Kings_of_Man_taken_out_of_M_Camdens_Chorographie_pp.025-041.txt	3.9369474850144647E-4	0.22636070294326371	0.18596982751041305	0.08621876490939472	0.05814781131292498	0.025554714097517264	1.0372219619965726E-5	0.3413168763987282	7.334882866689574E-5	0.07595388703096974
12	file:/C:/Users/apovzner/Documents/Hakluyt/Cambridge_MacLehose_FineReader_OCR/01_13_NNE-_1067_The_mariage_of_the_daughter_of_Harald_unto_Jeruslaus_duke_of_Russia_in_his_owne_Countrey_Anno_1067_pp.042-042.txt	0.3456592843981923	0.4437292289787432	1.270909508047359E-4	0.01524357848948165	0.0019363386547497977	8.380528042415016E-4	1.936993366719063E-4	0.049759694850628325	0.04279513607622507	0.09971789546026157
13	file:/C:/Users/apovzner/Documents/Hakluyt/Cambridge_MacLehose_FineReader_OCR/01_14_NNE-_1278_The_ancient_state_of_the_shipping_of_the_Cinque_Ports_pp.042-050.txt	0.03885149571724814	0.49073815181347913	1.3477214447233112E-5	0.06384930705624488	0.010455448217596816	8.887035063748147E-5	7.526914388430818E-4	0.12095653856537951	0.01625257426389042	0.2580414453622332
14	file:/C:/Users/apovzner/Documents/Hakluyt/Cambridge_MacLehose_FineReader_OCR/01_15_NNE-_1243_The_voyage_of_a_certaine_Englishman_into_Tartaria_and_from_thence_into_Poland_and_Hungary_Anno_1243_pp.050-054.txt	0.0013941172103222339	0.16923624843613705	2.4098935872504722E-5	0.2725808874678146	0.009531404872360908	1.5891124158964206E-4	3.672919168080554E-5	0.1848650953379879	0.001568913148451831	0.3606035941577824
15	file:/C:/Users/apovzner/Documents/Hakluyt/Cambridge_MacLehose_FineReader_OCR/01_16_NNE-_1246_Libellus_historicus_Johannis_de_Plano_Carpini_pp.055-094.txt	0.03576361024009546	1.3506832820756883E-4	1.9589250132095818E-6	2.2120399769198632E-5	2.9845887538144246E-5	1.2917383891016849E-5	0.9638377580327521	1.2846183873935576E-4	2.1113138436466757E-5	4.714582555751523E-5
16	file:/C:/Users/apovzner/Documents/Hakluyt/Cambridge_MacLehose_FineReader_OCR/01_17_NNE-_1246_The_long_and_wonderfull_voyage_of_Frier_John_de_Plano_Carpini_Anno_1246_pp.094-179.txt	0.035162702103904125	0.020342580372708228	1.1235966371225425E-6	0.11983319155535328	0.019671832253942853	7.409129498319708E-6	0.6863906910626868	0.04505978137054147	0.007214768948161917	0.0663159196065659
17	file:/C:/Users/apovzner/Documents/Hakluyt/Cambridge_MacLehose_FineReader_OCR/01_18_NNE-_1253_The_journall_of_Frier_William_de_Rubricis_Anno_1253_pp.179-293.txt	0.022365008232478126	0.016271432255518806	8.383585066090674E-7	0.1969412764032888	0.015224434620329658	5.065110997298668E-4	0.6546037057916078	0.01513000746623812	0.014810802206638206	0.06414598356566409
18	file:/C:/Users/apovzner/Documents/Hakluyt/Cambridge_MacLehose_FineReader_OCR/01_19_NNE-_1278_Part_of_the_great_Charter_graunted_by_King_Edward_the_first_to_the_Barons_of_the_Cinque_Ports_pp.293-296.txt	1.186470948706138E-4	0.7722005176243563	3.3662026402008215E-5	0.09730081416807983	0.033429333329923434	2.2197139484775349E-4	5.1304299352666545E-5	0.0022074789887998984	3.6280665093613813E-4	0.09407346442243138
19	file:/C:/Users/apovzner/Documents/Hakluyt/Cambridge_MacLehose_FineReader_OCR/01_20_NNE-_1345_The_rolle_of_the_huge_Fleete_of_Edward_the_thirde_before_Caleis_pp.297-299.txt	1.8388236798895624E-4	0.1056267446187325	0.8021181241650054	0.003423268027351715	0.07731705216063005	0.006012327696158256	7.951274376562233E-5	5.870533062600739E-4	0.0033964425421471804	0.0012555923719602719
20	file:/C:/Users/apovzner/Documents/Hakluyt/Cambridge_MacLehose_FineReader_OCR/01_21_NNE-_1345_The_summe_of_expences_layde_out_in_the_siege_of_Caleis_pp.299-300.txt	0.24857895056565874	0.26371122963884297	0.388780840612616	7.481382030952977E-4	0.04779914223732453	4.368812713038772E-4	0.039692277041048496	7.455228783078741E-4	0.007912489713966537	0.001594527837835799
21	file:/C:/Users/apovzner/Documents/Hakluyt/Cambridge_MacLehose_FineReader_OCR/01_22_NNE-_1360_A_note_of_Thomas_Walsingham_touching_King_Edward_the_thirde_his_huge_Fleete_of_1100_ships_wherewith__pp.300-301.txt	0.4974403029851669	0.23744757038376735	0.08093249364973785	6.226412937989888E-4	0.018812842393102863	3.635963500804453E-4	0.11391142544091043	0.0126022949238989	0.024557949562347813	0.013308883017188513
22	file:/C:/Users/apovzner/Documents/Hakluyt/Cambridge_MacLehose_FineReader_OCR/01_23_NNE-_1360_The_voyage_of_Nicolaus_de_Linna_a_Franciscan_Frier_and_an_excellent_Mathematician_of_Oxford_to_all_t_pp.301-303.txt	0.3998521576663434	0.1344997798670234	3.852282831507264E-5	4.350040745936621E-4	5.869280313385265E-4	0.044201898110515614	0.1172530433450551	0.07367994008258315	0.002507951893760869	0.22694477410047129
23	file:/C:/Users/apovzner/Documents/Hakluyt/Cambridge_MacLehose_FineReader_OCR/01_24_NNE-_1360_A_Testimonie_of_the_learned_Mathematician_Master_John_Dee_touching_the_foresaid_voyage_of_Nicholas_D_pp.303-304.txt	0.4330240696201427	0.16393617400617166	5.7733568761740014E-5	0.006924695907339732	0.016561525011565947	0.05056279806952554	0.13495237492644574	6.496548827615543E-4	6.222478254543978E-4	0.19270872618183102
24	file:/C:/Users/apovzner/Documents/Hakluyt/Cambridge_MacLehose_FineReader_OCR/01_25_NNE-_1390_The_voyage_of_Henry_Earle_of_Derby_afterward_King_of_England_into_Prussia_and_Letto_Anno_1390_pp.304-305.txt	0.39343261973875965	0.20105832658018086	6.462497976577118E-5	7.297524804959384E-4	0.015027646452987454	4.2614478193624984E-4	0.17563636943016794	0.11658219859089505	0.011228795376065132	0.08581352158874596
25	file:/C:/Users/apovzner/Documents/Hakluyt/Cambridge_MacLehose_FineReader_OCR/01_26_NNE-_1402_The_voyage_of_Thomas_of_Woodstock_duke_of_Glocester_into_Prussia_Anno_1391_pp.306-307.txt	0.39910036606747673	0.19036511455282956	6.118792434681496E-5	6.9094086729813E-4	9.322500332748241E-4	4.0348043082430294E-4	0.09316635310370402	0.12035393537931764	6.594785959967446E-4	0.19426689304493125
26	file:/C:/Users/apovzner/Documents/Hakluyt/Cambridge_MacLehose_FineReader_OCR/01_27_NNE-_1402_Certaine_verses_of_Geffrey_Chaucer_concerning_the_long_Voyages_and_valiant_exploits_of_the_English_k_pp.307-308.txt	0.35600838654455047	0.16035208075070376	6.821740104030642E-5	7.70318502266161E-4	0.02327484656085602	4.4983363392829036E-4	1.0397015088265728E-4	0.13788652057262474	0.011852989976087967	0.3092328359070597
27	file:/C:/Users/apovzner/Documents/Hakluyt/Cambridge_MacLehose_FineReader_OCR/01_28_NNE-_0604_A_testimonie_out_of_Cornelius_Tacitus_proving_London_to_have_bene_a_famous_Mart-towne_in_the_raigne__pp.308-309.txt	0.5857751834585356	0.06399826269000033	6.821740104030642E-5	0.008182150660781809	0.004745266164566904	4.4983363392829036E-4	1.0397015088265728E-4	0.10823919193856216	0.04520623468940838	0.18323168921229363
28	file:/C:/Users/apovzner/Documents/Hakluyt/Cambridge_MacLehose_FineReader_OCR/01_29_NNE-_0604_A_testimony_out_of_venerable_Beda_prooving_London_to_have_bene_a_Citie_of_great_traffique_in_his_tim_pp.309-309.txt	0.6497626047153233	0.0881517509994367	1.4399149997522528E-4	0.0016259680801154613	0.010016183296311102	0.040061249082871314	2.1945746612948166E-4	0.11113318980506014	0.048486031430570585	0.050399573624206585
29	file:/C:/Users/apovzner/Documents/Hakluyt/Cambridge_MacLehose_FineReader_OCR/01_30_NNE-_0795_The_league_betweene_Carolus_Magnus_and_Offa_King_of_Mercia_concerning_the_safe_trade_of_English_Merc_pp.310-312.txt	0.3613044990378505	0.2988182162082055	3.735035080683229E-5	0.008538008189909478	0.0025981253055015145	2.462926434562737E-4	0.018318474364908688	0.043030570209663374	0.01866410780865472	0.24844435588104316
30	file:/C:/Users/apovzner/Documents/Hakluyt/Cambridge_MacLehose_FineReader_OCR/01_31_NNE-_0795_An_ancient_testimony_translated_out_of_the_olde_Saxon_Lawes_conteyning_the_advancement_of_Merchants__pp.312-312.txt	4.811732963290958E-4	0.4469723032573893	1.3651634894756317E-4	0.0015415578408505594	0.016912467004360738	9.002049975697671E-4	2.0806458735713625E-4	0.1276126262797267	0.0014713623822937697	0.40376372400517546
31	file:/C:/Users/apovzner/Documents/Hakluyt/Cambridge_MacLehose_FineReader_OCR/01_32_NNE-_1027_A_testimony_of_certaine_Privileges_obteined_for_the_English_and_Danish_Merchants_by_Canutus_the_King_pp.313-314.txt	0.39663148502361656	0.22737693479172424	5.7915212935452064E-5	6.53985044966803E-4	8.823874933257831E-4	3.818997835917571E-4	0.2926894106503026	0.025821689574021322	6.242055719530638E-4	0.054880086853562486
32	file:/C:/Users/apovzner/Documents/Hakluyt/Cambridge_MacLehose_FineReader_OCR/01_33_NNE-_1140_The_flourishing_state_of_Merchandise_in_the_City_of_London_in_the_dayes_of_Wilhelmus_Malmesburiensis_pp.314-315.txt	0.3949084238905169	0.21904679087220102	6.373001722459064E-5	0.05265172507459597	9.709809788852945E-4	4.2024329278554076E-4	0.08665059528013581	0.05611134792465694	6.868770714283776E-4	0.18848928559756956
33	file:/C:/Users/apovzner/Documents/Hakluyt/Cambridge_MacLehose_FineReader_OCR/01_34_NNE-_1140_A_testimony_of_the_said_Wil_of_Malmesbury_concerning_traffique_to_Bristow_in_his_time_pp.315-315.txt	0.36119927253405965	0.25227852241509924	1.3551136116224632E-4	0.18557186322039568	0.002064630763360692	8.935779889088023E-4	2.0653288532684514E-4	0.00888652628742182	0.0014605307036459037	0.18730303184061928
34	file:/C:/Users/apovzner/Documents/Hakluyt/Cambridge_MacLehose_FineReader_OCR/01_35_NNE-_1157_The_league_betweene_Henry_the_second_and_Frederick_Barbarossa_Emperour_of_Germany_partly_touching_tr_pp.316-318.txt	0.46955033960725473	0.1809393036324456	3.773316527061525E-5	4.260871114079502E-4	5.748968436927632E-4	2.488169674372188E-4	0.14764724146508135	4.245976056195057E-4	0.006556257243726038	0.1935947263580643
35	file:/C:/Users/apovzner/Documents/Hakluyt/Cambridge_MacLehose_FineReader_OCR/01_36_NNE-_1199_A_generall_safe_conduct_granted_by_King_John_to_all_forreine_Merchants_pp.319-320.txt	0.7963761124114174	0.19008965489546642	5.530515618360512E-5	6.245119929705173E-4	8.426210603288587E-4	0.006373603331172357	8.42905966118659E-5	6.223288379217555E-4	5.960745872766821E-4	0.00433549713065067
36	file:/C:/Users/apovzner/Documents/Hakluyt/Cambridge_MacLehose_FineReader_OCR/01_37_NNE-_1229_The_letters_of_King_Henry_the_third_unto_Haquinus_king_of_Norwey_pp.320-322.txt	0.6684523956047472	0.2921623569361964	3.917876098233762E-5	4.4241093944236045E-4	5.96921723025433E-4	2.583493970267162E-4	5.971235533177842E-5	0.011082811883720501	0.01744938160199173	0.00945648079753558
37	file:/C:/Users/apovzner/Documents/Hakluyt/Cambridge_MacLehose_FineReader_OCR/01_38_NNE-_1229_A_mandate_for_the_king_of_Norway_his_ship_called_The_Cog_pp.322-323.txt	0.6661770795908308	0.31708305357082245	5.597788888803492E-5	6.321085657129418E-4	0.009975881355086197	3.691248390313302E-4	8.531590862488056E-5	6.298988547351945E-4	6.033252470128062E-4	0.00438823417925546
38	file:/C:/Users/apovzner/Documents/Hakluyt/Cambridge_MacLehose_FineReader_OCR/01_39_NNE-_1236_A_Charter_granted_for_the_behalfe_of_the_Merchants_of_Colen_in_the_20_yeere_of_Henry_the_thirde_pp.323-324.txt	0.743122417395482	0.24747749380793854	4.9371744307875545E-5	5.575112441917755E-4	7.522204873787149E-4	3.255631380953337E-4	7.524748270601572E-5	0.003237686492739911	5.321247446394685E-4	0.0038703634625204646
39	file:/C:/Users/apovzner/Documents/Hakluyt/Cambridge_MacLehose_FineReader_OCR/01_40_NNE-_1257_The_Charter_of_Lubeck_granted_for_seven_yeeres_in_the_time_of_Henry_the_third_pp.324-325.txt	0.5784916923056799	0.3737845783549548	5.322624831941048E-5	6.010367334637889E-4	8.109471320781511E-4	3.5098019474156183E-4	8.112213283260597E-5	5.989356427018463E-4	0.023705831804800202	0.02152164945042776
40	file:/C:/Users/apovzner/Documents/Hakluyt/Cambridge_MacLehose_FineReader_OCR/01_41_NNE-_1260_A_Charter_of_the_Merchants_of_Almaine_or_the_Stilyard-merchants_pp.326-327.txt	0.7050311018457316	0.27851864447448754	6.722094038496454E-5	7.59066357389862E-4	0.011979517970015202	4.432628541738086E-4	1.0245144505240564E-4	7.564128302052221E-4	7.245019643972421E-4	0.001617819318162233
41	file:/C:/Users/apovzner/Documents/Hakluyt/Cambridge_MacLehose_FineReader_OCR/01_42_NNE-_1303_A_mandate_of_King_Edward_the_first_concerning_outlandish_Merchants_pp.327-327.txt	0.7227240983371653	0.2665155275204423	1.3163514519089558E-4	0.0014864387435271288	0.002005573318499674	8.680177610242287E-4	2.006251439991305E-4	0.0014812424842332588	0.0014187531553166376	0.0031680883906014933
42	file:/C:/Users/apovzner/Documents/Hakluyt/Cambridge_MacLehose_FineReader_OCR/01_43_NNE-_1303_King_Edw_the_first_his_great_Charter_granted_to_forreine_Merchants_Anno_Dom_1303_pp.327-339.txt	0.48456177722307686	0.2888814347862588	7.816969249780467E-6	0.009430735427882852	9.684132012774177E-4	5.15460224269877E-5	0.137176291322926	9.372765469878017E-4	0.03702945451571578	0.040955253984197734
43	file:/C:/Users/apovzner/Documents/Hakluyt/Cambridge_MacLehose_FineReader_OCR/01_44_NNE-_1313_The_letters_of_Edward_the_second_unto_Haquinus_King_of_Norway_concerning_certain_English_Merchants_a_pp.339-343.txt	0.5353990677437638	0.26171750054385223	2.0921675996724135E-5	2.3624989918880141E-4	0.015094193142601298	1.379600131045161E-4	0.1261913584650656	2.354240220783712E-4	0.017274069426234294	0.04369325506811429
44	file:/C:/Users/apovzner/Documents/Hakluyt/Cambridge_MacLehose_FineReader_OCR/01_45_NNE-_1313_Another_letter_of_Edw_the_second_unto_the_said_Haquinus_for_the_merchants_aforesaid_pp.343-344.txt	0.5622345649386019	0.34641868852632857	5.1730451733721326E-5	5.841460315605882E-4	7.881573997630416E-4	3.4111673463465273E-4	0.05347380450912735	5.821039869363533E-4	0.011798591363074809	0.023727096058239076
45	file:/C:/Users/apovzner/Documents/Hakluyt/Cambridge_MacLehose_FineReader_OCR/01_46_NNE-_1313_A_third_letter_of_King_Edward_the_second_to_the_said_Haquinus_in_the_behalfe_of_our_English_merchant_pp.344-349.txt	0.42118203649134345	0.3697161874693847	1.7944049635231505E-5	2.026262101576407E-4	2.733928474957401E-4	1.1832519169172885E-4	0.11408035411908796	0.005075977941953501	0.029437759951684846	0.059895395727565165
46	file:/C:/Users/apovzner/Documents/Hakluyt/Cambridge_MacLehose_FineReader_OCR/01_47_NNE-_1320_An_Ordinance_for_the_Staple_to_be_holden_at_one_certaine_place_pp.350-355.txt	0.4852899179685388	0.3750845792490678	1.954442981365047E-5	2.2069788165635028E-4	2.977759997355024E-4	1.288782884140688E-4	0.09452578705498182	2.1992637094076368E-4	2.106483145270158E-4	0.04400224444232417
47	file:/C:/Users/apovzner/Documents/Hakluyt/Cambridge_MacLehose_FineReader_OCR/02_01_NNE-_1262_A_Catalogue_of_the_great_Masters_of_Prussia_pp.001-011.txt	3.783494758947433E-5	0.4462630592534216	1.073436316383777E-5	0.04910540928890656	0.043899436130820785	7.078366393703693E-5	1.6360244464810794E-5	0.33309669135899594	0.0041977104200920734	0.12330198032860788
48	file:/C:/Users/apovzner/Documents/Hakluyt/Cambridge_MacLehose_FineReader_OCR/02_02_NNE-_1388_The_Oration_or_speach_of_the_Ambassadours_sent_from_Conradus_de_Zolner_Master_generall_of_the_land_o_pp.012-018.txt	6.405840273152279E-5	0.6469629779028719	1.817436530047792E-5	0.010078466276150581	0.024960000191932057	1.1984392050678868E-4	2.7699552807219234E-5	0.004153805258850074	0.051536726310066346	0.26207824781878286
49	file:/C:/Users/apovzner/Documents/Hakluyt/Cambridge_MacLehose_FineReader_OCR/02_03_NNE-_1390_An_agreement_made_by_the_Ambassadours_of_England_and_Prussia_confirmed_by_king_Richard_the_second_pp.018-024.txt	6.0645431630122784E-5	0.8545859462706213	1.7206052309334694E-5	1.9429266202927728E-4	0.017087113267385882	1.1345874978871097E-4	2.622374683608126E-5	1.9361345808952744E-4	1.8544546723453677E-4	0.12753605489407513
50	file:/C:/Users/apovzner/Documents/Hakluyt/Cambridge_MacLehose_FineReader_OCR/02_04_NNE-_1398_The_letters_of_Conradus_de_Jungingen_Master_generall_of_Prussia_unto_Rich_the_second_pp.025-027.txt	1.4717587149799656E-4	0.8739457665295197	4.175608410392846E-5	4.7151435963432506E-4	0.007441397829542442	2.75344571394435E-4	6.364045387758541E-5	0.0027382688496876847	0.004986849361733343	0.10988828608900857
51	file:/C:/Users/apovzner/Documents/Hakluyt/Cambridge_MacLehose_FineReader_OCR/02_05_NNE-_1407_A_briefe_relation_of_William_Esturmy_and_John_Kington_concerning_their_Ambassages_into_Prussia_and_t_pp.027-033.txt	6.393215922991212E-5	0.9166669646246933	1.8138548055319624E-5	0.0021755788214324707	0.03969148246461114	1.1960773734382508E-4	2.7644963738645533E-5	2.0410649407407846E-4	1.9549583243158876E-4	0.0408370483543896
52	file:/C:/Users/apovzner/Documents/Hakluyt/Cambridge_MacLehose_FineReader_OCR/02_06_NNE-_1407_Certaine_Articles_of_complaint_exhibited_by_the_Livonians_pp.033-034.txt	0.0035397056055539266	0.9349498871870372	6.118792434681496E-5	0.0040149800308437004	0.007580328360365964	4.0348043082430294E-4	9.325652442807273E-5	0.023956799636496127	0.007307556923087884	0.01809281737701606
53	file:/C:/Users/apovzner/Documents/Hakluyt/Cambridge_MacLehose_FineReader_OCR/02_07_NNE-_1407_Other_complaints_exhibited_by_the_Cities_of_the_Hans_pp.034-036.txt	1.5527718935115888E-4	0.9220522419253703	4.4054553997031194E-5	4.974689380638467E-4	6.712085737188058E-4	2.905009544978938E-4	6.714355217715183E-5	0.007675532009313271	0.019620955454571425	0.04892561684893923
54	file:/C:/Users/apovzner/Documents/Hakluyt/Cambridge_MacLehose_FineReader_OCR/02_08_NNE-_1403_Compositions_and_Ordinances_concluded_betweene_the_Ambassadours_of_Prussia_and_the_Chanceller_and_Tr_pp.036-038.txt	1.4751048469441815E-4	0.9623280204823039	4.18510190727508E-5	4.725863758923573E-4	0.01200543659432004	2.7597058383936813E-4	6.378514427742443E-5	0.009565174917445709	0.014092427862144227	0.0010072365360097905
55	file:/C:/Users/apovzner/Documents/Hakluyt/Cambridge_MacLehose_FineReader_OCR/02_09_NNE-_1403_The_letters_of_the_Chanceller_and_Treasurer_of_England_unto_Conradus_de_Jungingen_master_generall_of_pp.038-041.txt	1.0518280492804267E-4	0.8369596781260299	2.9841997904678535E-5	0.0019581482285401406	0.005318175379769215	0.0034391197924232893	4.5482193362308616E-5	0.027895675173036528	0.003563972805337678	0.12068472349866814
56	file:/C:/Users/apovzner/Documents/Hakluyt/Cambridge_MacLehose_FineReader_OCR/02_10_NNE-_1404_The_letters_of_king_Henry_the_fourth_unto_Conradus_de_Jungingen_the_master_generall_of_Prussia_for_e_pp.041-043.txt	1.4920663600278273E-4	0.7434230910925858	4.233224358301996E-5	0.0027777231285585134	6.449677107068359E-4	0.0025788465471546745	6.451857862376599E-5	0.00967516021092889	0.00275595627592177	0.23788819757593402
57	file:/C:/Users/apovzner/Documents/Hakluyt/Cambridge_MacLehose_FineReader_OCR/02_11_NNE-_1404_The_letters_of_Conradus_de_Jungingen_unto_king_Henry_the_fourth_pp.044-046.txt	1.54170277268812E-4	0.5471672469154495	4.374050582095663E-5	4.939226710272259E-4	0.003042630459794117	2.884300835746714E-4	6.666491130615758E-5	0.007620816058084047	4.7143170282247754E-4	0.44065094641485203
58	file:/C:/Users/apovzner/Documents/Hakluyt/Cambridge_MacLehose_FineReader_OCR/02_12_NNE-_1405_An_agreement_made_betweene_king_Henry_the_fourth_and_Conradus_de_Jungingen_pp.047-055.txt	4.8861982318079186E-5	0.9340510325004527	1.3862904444810121E-5	9.096449194767343E-4	0.0017174200439356393	9.14136362293402E-5	2.1128454687787887E-5	0.0016622011413974013	1.4941328468476306E-4	0.061335021132372776
59	file:/C:/Users/apovzner/Documents/Hakluyt/Cambridge_MacLehose_FineReader_OCR/02_13_NNE-_1405_An_agreement_betweene_king_Henry_the_fourth_and_the_Hans-townes_pp.055-067.txt	3.023565247752346E-5	0.8916183278691205	8.578324931514393E-6	0.009417231945989424	0.06490723165176063	5.656649209899947E-5	1.307422628022778E-5	0.01873725786303526	0.015005039776100416	2.0645619820547562E-4
60	file:/C:/Users/apovzner/Documents/Hakluyt/Cambridge_MacLehose_FineReader_OCR/02_14_NNE-_1405_A_testimonie_out_of_Albertus_Krantzius_concerning_the_surprise_of_Bergen_in_Norway_wherein_21_houses_pp.068-071.txt	1.1055989327325237E-4	0.6940052455973172	3.136756151025831E-5	0.08044434126792269	0.09420041017354755	2.0684142119826039E-4	4.780730507624657E-5	0.05488242157518307	0.007154258814917722	0.06891674639005364
61	file:/C:/Users/apovzner/Documents/Hakluyt/Cambridge_MacLehose_FineReader_OCR/02_15_NNE-_1407_The_grievances_and_offences_whereat_the_merchants_of_the_Hans_found_themselves_agrieved_pp.072-083.txt	3.598815165751165E-5	0.8338345078593424	1.0210398430536521E-5	0.005107423780259188	0.011803860016749736	6.732857833663557E-5	5.702424277606917E-4	6.695746635544253E-4	0.05946088797292627	0.08843997615098258
62	file:/C:/Users/apovzner/Documents/Hakluyt/Cambridge_MacLehose_FineReader_OCR/02_16_NNE-_1407_A_letter_of_Henry_the_fourth_king_of_England_unto_Conradus_de_Jungingen_Master_generall_of_Prussia_pp.083-085.txt	1.4989606879457735E-4	0.7376168793206338	4.252784639036311E-5	0.007411215738050042	6.47947885726677E-4	2.8043366345220167E-4	6.481669689098819E-5	4.78550411024341E-4	0.06052691187806743	0.19278082049096962
63	file:/C:/Users/apovzner/Documents/Hakluyt/Cambridge_MacLehose_FineReader_OCR/02_17_NNE-_1408_A_letter_of_Werneherus_de_Tettingen_commander_in_Elbing_unto_sir_William_Sturmy_Ambassadour_unto_kin_pp.085-090.txt	7.771660296558068E-5	0.8388076877567023	2.2049409163828712E-5	0.0014468204050017352	0.0015337775062991147	1.4539641937218344E-4	3.360550772496008E-5	0.0038416220451310814	0.0026333188174820174	0.151458005530157
64	file:/C:/Users/apovzner/Documents/Hakluyt/Cambridge_MacLehose_FineReader_OCR/02_18_NNE-_1408_The_letters_of_Ulricus_de_Jungingen_master_generall_of_Prussia_signifying_unto_king_Henry_the_4_that_pp.091-095.txt	8.951070968262819E-5	0.8377989747400499	2.539558069993168E-5	2.86769730165946E-4	0.0017665403253007421	1.674614713805888E-4	3.870540825154742E-5	0.003045001384372915	2.737115547438038E-4	0.15650792909535183
65	file:/C:/Users/apovzner/Documents/Hakluyt/Cambridge_MacLehose_FineReader_OCR/02_19_NNE-_1408_The_letters_of_king_Henry_the_fourth_unto_Ulricus_de_Jungingen_wherein_he_doth_absolutely_approve_th_pp.095-098.txt	1.1630749782111407E-4	0.8358493592043216	3.2998246326008844E-5	3.726198785005311E-4	0.004088021372478658	0.0020102268719374245	5.029263204194945E-5	3.7131728226831454E-4	0.0021482850035629704	0.15496057201074137
66	file:/C:/Users/apovzner/Documents/Hakluyt/Cambridge_MacLehose_FineReader_OCR/02_20_NNE-_1409_A_new_concord_betweene_king_Henry_the_fourth_and_Ulricus_de_Jungingen_pp.098-106.txt	0.030160883995611686	0.9225615680819308	1.289200322627877E-5	0.010650965417735993	0.01490396309740131	8.501139843286784E-5	1.9648703998909884E-5	8.454281957265973E-4	1.3894898835041758E-4	0.020620690117585213
67	file:/C:/Users/apovzner/Documents/Hakluyt/Cambridge_MacLehose_FineReader_OCR/02_21_NNE-_1404_A_Charter_of_king_Henry_the_fourth_graunted_in_the_fifth_yeere_of_his_raigne_unto_the_English_mercha_pp.106-110.txt	0.3714744503858628	0.5386087325964922	2.163477064384968E-5	0.003770234476795305	3.2962411894058496E-4	1.4266224378993556E-4	0.052921957056667294	2.4344821717512817E-4	2.3317784221684015E-4	0.03225407829141604
68	file:/C:/Users/apovzner/Documents/Hakluyt/Cambridge_MacLehose_FineReader_OCR/02_22_NNE-_1430_A_note_touching_the_mighty_ships_of_king_Henry_the_fift_taken_out_of_a_Chronicle_in_the_Trinitie_Chu_pp.111-111.txt	0.37500190558123747	0.37034450069484365	1.0774894858918527E-4	0.01877712537363443	0.013348588295963842	7.105093474198416E-4	0.15235445948601656	0.0012124597883818432	0.0011613096226791705	0.06698139286123406
69	file:/C:/Users/apovzner/Documents/Hakluyt/Cambridge_MacLehose_FineReader_OCR/02_23_NNE-_1430_A_branch_of_a_Statute_made_in_the_eight_yeere_of_Henry_the_6_for_the_trade_to_Norway_Sweveland_Denma_pp.111-113.txt	0.12202636505358629	0.7171949937519617	3.868474376699945E-5	0.002538384417854385	5.893949508664862E-4	0.00866129969257487	0.05680086277334663	4.3530537286421084E-4	4.169411003608032E-4	0.09129776814281765
70	file:/C:/Users/apovzner/Documents/Hakluyt/Cambridge_MacLehose_FineReader_OCR/02_24_NNE-_1432_Another_branch_of_a_Statute_made_in_the_10_yeere_of_king_Henry_the_sixt_concerning_the_state_of_Engl_pp.113-114.txt	2.009697527724742E-4	0.7628240612631995	5.701824499967289E-5	0.07188683893374267	8.687214244583871E-4	0.03135119487531135	0.04654971622254671	6.416056042438847E-4	0.006809580083612845	0.07881029359511253
71	file:/C:/Users/apovzner/Documents/Hakluyt/Cambridge_MacLehose_FineReader_OCR/02_25_NNE-_1437_Libellus_de_politia_conservativa_Maris_Or_The_pollicy_of_keeping_the_Sea_pp.114-147.txt	0.031290916140003344	0.4622887761836991	3.864048158713165E-6	0.17406295514784362	0.02986676555327308	0.011150961366920778	0.02309651091813552	0.04013719662937747	4.164640460964761E-5	0.22806040760797872
72	file:/C:/Users/apovzner/Documents/Hakluyt/Cambridge_MacLehose_FineReader_OCR/02_26_NNE-_1462_A_large_Charter_granted_by_king_Edward_the_fourth_in_the_second_yere_of_his_raigne_to_the_English_me_pp.147-158.txt	3.5283591013189534E-5	0.7566020494222223	1.0010503616113541E-5	0.02023443357064565	1.5251853088403338E-4	6.601044822021291E-5	1.5257010022468544E-5	1.1264456177911069E-4	0.041982144474319597	0.1807896478872773
73	file:/C:/Users/apovzner/Documents/Hakluyt/Cambridge_MacLehose_FineReader_OCR/02_27_NNE-_1527_A_perswasion_of_Robert_Thome_merchant_of_Bristol_and_dwelling_long_in_Sivil_in_Spaine_to_king_Henry__pp.159-163.txt	8.829260976786478E-5	0.12420304093518099	2.5049986806244144E-5	0.017973821711118065	0.007185871095949653	0.10903259468118282	3.8178688547734785E-5	0.14725288473523546	2.699867711655557E-4	0.5939302787850456
74	file:/C:/Users/apovzner/Documents/Hakluyt/Cambridge_MacLehose_FineReader_OCR/02_28_NNE-_1527_The_discourse_of_the_foresaid_Robert_Thorne_written_to_Doctour_Leigh_the_Kings_Ambassadour_in_Spaine_pp.164-181.txt	0.018097815492937423	0.0520623520428694	6.9310315446427645E-6	0.07801974303962178	1.0560015651941972E-4	0.39728366682894795	1.0563586188855025E-5	0.09383368217561346	0.048646926941716864	0.3119327187040402
75	file:/C:/Users/apovzner/Documents/Hakluyt/Cambridge_MacLehose_FineReader_OCR/02_29_NNE-_1580_A_briefe_treatise_of_the_Emperour_of_Moscovia_his_genealogie_pp.182-194.txt	3.1822445309165235E-5	0.12078895771716493	9.028522740837008E-6	0.18599207510063842	0.0016089830013853784	5.9535149852971827E-5	1.3760372827128005E-5	0.13007753891952564	0.22375402783323114	0.3376642709373243
76	file:/C:/Users/apovzner/Documents/Hakluyt/Cambridge_MacLehose_FineReader_OCR/02_30_NNE-_1553_The_excellent_orders_and_instructions_of_Sebastian_Cabot_given_to_sir_Hugh_Willoughby_and_his_Fleete_pp.195-205.txt	4.037793715619009E-5	0.23043332788501816	1.1455848860796197E-5	0.05738463685449838	0.11468509185664032	7.554122620034178E-5	1.7459860920854395E-5	0.006352308086409955	0.04430960724483088	0.5466901931994641
77	file:/C:/Users/apovzner/Documents/Hakluyt/Cambridge_MacLehose_FineReader_OCR/02_31_NNE-_1553_The_names_of_the_twelve_Counsellers_appointed_in_sir_Hugh_Willoughbies_voyage_pp.206-206.txt	0.5123869954364217	0.2655038404750388	1.3857171732565695E-4	0.0015647672898543837	0.10750214152890593	9.137583404482642E-4	0.07549039977337878	0.0015592972113812162	0.016549355499423667	0.018390872727821656
78	file:/C:/Users/apovzner/Documents/Hakluyt/Cambridge_MacLehose_FineReader_OCR/02_32_NNE-_1553_The_letters_of_king_Edward_the_sixt_written_at_that_time_to_all_the_Kings_Princes_and_other_Potentat_pp.206-211.txt	0.43052138693214853	0.19862999120457903	1.9420709855006848E-5	2.1930082208226193E-4	0.030891810462630755	0.0032931575789822533	0.11502805493901792	2.1853419517626894E-4	0.0012643465755080023	0.21991399658001992
79	file:/C:/Users/apovzner/Documents/Hakluyt/Cambridge_MacLehose_FineReader_OCR/02_33_NNE-_1553_The_voyage_of_sir_Hugh_Willoughby_knight_wherein_he_unfortunately_perished_at_Arzina_Reca_in_Lapland_pp.212-212.txt	4.7070077523002064E-4	0.4952829560547194	1.3354513180889585E-4	0.0015080065254784972	0.3285029495387998	0.008135463016017119	2.0353615488240956E-4	0.0015027348700151575	0.0014393388396106816	0.16282076909343804
80	file:/C:/Users/apovzner/Documents/Hakluyt/Cambridge_MacLehose_FineReader_OCR/02_34_NNE-_1553_The_names_of_the_Ships_Captains_Mariners_and_other_officers_of_that_first_worthy_enterprise_pp.212-214.txt	1.4955055782616905E-4	0.593006450655484	4.242981955411038E-5	4.791222554936397E-4	0.2726368714575231	0.004889794332255905	6.466729417554724E-5	4.774473506354003E-4	0.10187746075674721	0.02637620552030509
81	file:/C:/Users/apovzner/Documents/Hakluyt/Cambridge_MacLehose_FineReader_OCR/02_35_NNE-_1553_The_othe_ministred_to_the_Captaine_of_the_Fleete_pp.215-215.txt	5.281786309052525E-4	0.34410308840076853	1.4985249354733892E-4	0.02611439921904303	0.0022831301042996388	9.881451169004012E-4	2.283902072882205E-4	0.11565672703613288	0.16443008592922162	0.3455180028618931
82	file:/C:/Users/apovzner/Documents/Hakluyt/Cambridge_MacLehose_FineReader_OCR/02_36_NNE-_1553_The_othe_ministred_to_the_Masters_of_the_ships_pp.216-224.txt	4.8496751605657653E-5	0.02262545755880495	1.3759282810434957E-5	0.009872535982572409	0.46289616541638445	0.3155248435938697	2.0970524939711912E-5	1.5482821264671095E-4	0.06443107783235151	0.12441186484401448
83	file:/C:/Users/apovzner/Documents/Hakluyt/Cambridge_MacLehose_FineReader_OCR/02_37_NNE-_1553_The_voyage_of_Richard_Chanceller_Pilote_major_the_first_discoverer_by_sea_of_the_kingdome_of_Moscovi_pp.224-238.txt	2.9122769674934877E-5	0.04231419917464882	8.262582769231106E-6	0.4947430913101647	0.031097607491091632	9.522154659002693E-4	1.2593003604605568E-5	0.005928227441221947	0.2725504165356995	0.15236426422522437
84	file:/C:/Users/apovzner/Documents/Hakluyt/Cambridge_MacLehose_FineReader_OCR/02_38_NNE-_1553_A_testimonie_of_Richard_Eden_concerning_Clement_Adams_his_discourse_of_Richard_Chancellers_voyage_pp.239-270.txt	1.3799034637560589E-5	0.028556745694101857	3.91500077434123E-6	0.3141766275355161	0.10852784988368003	2.5815979475873556E-5	5.966853251613547E-6	0.02450257011082255	0.15253572593922482	0.37165098396851526
85	file:/C:/Users/apovzner/Documents/Hakluyt/Cambridge_MacLehose_FineReader_OCR/02_39_NNE-_1554_The_letters_of_the_Emperour_of_Russia_sent_to_king_Edward_the_sixt_by_Richard_Chanceller_pp.271-272.txt	2.2698399746440439E-4	0.291315283999311	6.439889087729011E-5	0.06020127772013079	9.811718374843114E-4	4.2465392498853123E-4	9.815035898584798E-5	7.246573319504443E-4	0.5709455424018578	0.07501787953694965
86	file:/C:/Users/apovzner/Documents/Hakluyt/Cambridge_MacLehose_FineReader_OCR/02_40_NNE-_1554_The_coynes_waights_and_measures_used_in_Russia_pp.273-278.txt	7.146735262692913E-5	0.04766178162552908	2.0276399633996987E-5	0.20290811426994845	0.002511962431026672	1.3370498423054774E-4	3.0903263641752105E-5	2.281629615070712E-4	0.6280832983780398	0.11835032833381562
87	file:/C:/Users/apovzner/Documents/Hakluyt/Cambridge_MacLehose_FineReader_OCR/02_41_NNE-_1555_The_letters_of_King_Philip_and_Queene_Mary_to_Ivan_Vasilivich_the_Emperor_of_Russia_pp.278-281.txt	1.0569686237689292E-4	0.3653552205492396	2.9987843999218112E-5	0.0035968104010390208	4.5689029109166916E-4	1.9774340027807022E-4	4.570447741628432E-5	0.0019665344788551966	0.45809810376473753	0.17014730793096644
88	file:/C:/Users/apovzner/Documents/Hakluyt/Cambridge_MacLehose_FineReader_OCR/02_42_NNE-_1555_The_Commission_given_to_the_merchants_Agents_resiant_in_Russia_pp.281-289.txt	4.8496751605657653E-5	0.3074131285271143	1.3759282810434957E-5	1.5537135635713134E-4	0.057017673721392395	9.073034288140061E-5	2.0970524939711912E-5	1.5482821264671095E-4	0.26475416397278956	0.37033087730746267
89	file:/C:/Users/apovzner/Documents/Hakluyt/Cambridge_MacLehose_FineReader_OCR/02_43_NNE-_1555_The_othe_ministred_to_the_servants_of_the_Moscovie_company_pp.290-290.txt	5.85362060934126E-4	0.3633132998957236	1.6607632215004064E-4	0.0018753523556973833	0.0025303139222861205	0.0010951269670631037	2.5311694682965543E-4	0.0018687965409017794	0.24538693397562045	0.3829256210127937
90	file:/C:/Users/apovzner/Documents/Hakluyt/Cambridge_MacLehose_FineReader_OCR/02_44_NNE-_1555_The_letter_of_George_Killingworth_the_first_Agent_in_Russia_written_to_the_Company_pp.291-297.txt	6.450420857320689E-5	0.0927277949519557	1.83008473523925E-5	0.048922214117293326	0.1404603352080383	1.2067795815952522E-4	2.7892324121003782E-5	2.0593278912345078E-4	0.6096388289651611	0.10781351863022191
91	file:/C:/Users/apovzner/Documents/Hakluyt/Cambridge_MacLehose_FineReader_OCR/02_45_NNE-_1555_The_first_Privileges_graunted_by_the_Emperour_of_Russia_to_the_English_merchants_pp.297-303.txt	6.759555427705187E-5	0.6087159705599	1.9177910215280504E-5	2.1655910146593045E-4	0.011752449295329828	1.2646141470843932E-4	2.9229055758348955E-5	2.158020590055097E-4	0.1804452937446852	0.19841146130465434
92	file:/C:/Users/apovzner/Documents/Hakluyt/Cambridge_MacLehose_FineReader_OCR/02_46_NNE-_1555_The_Charter_of_the_merchants_of_the_Moscovie_company_granted_by_Queene_Mary_pp.304-316.txt	5.400445660358614E-4	0.8551759927062513	9.335297827780719E-6	6.125560682214769E-4	0.00876362554121966	5.686989049521904E-4	1.422792878191632E-5	0.004669314310346305	0.022921953070114368	0.1067242516062491
93	file:/C:/Users/apovzner/Documents/Hakluyt/Cambridge_MacLehose_FineReader_OCR/02_47_NNE-_1556_Instructions_given_to_the_Pursers_of_the_Moscovie_voyage_pp.317-322.txt	8.091506112543717E-5	0.09511788899141402	2.295686149665001E-5	2.5923144088093366E-4	0.29841465988586163	0.0026456471512810954	3.498855595786628E-5	0.005246858992592716	0.3519390578188624	0.2462377952405272
94	file:/C:/Users/apovzner/Documents/Hakluyt/Cambridge_MacLehose_FineReader_OCR/02_48_NNE-_1556_The_voyage_of_Stephen_Burrough_toward_the_River_of_Ob_intending_the_discovery_of_the_Northeast_passa_pp.322-344.txt	1.860735184936122E-5	7.720899169991156E-5	5.27919516198613E-6	0.022142652972316962	0.4750091831874768	0.4431295694896854	8.04602211694324E-6	5.940486596609447E-5	0.022426731181956504	0.03712331674177003
95	file:/C:/Users/apovzner/Documents/Hakluyt/Cambridge_MacLehose_FineReader_OCR/02_49_NNE-_1556_The_landing_of_Richard_Johnson_among_the_Samoeds_Anno_1556_pp.345-349.txt	8.406008543543843E-5	3.4879731899633133E-4	2.384915381508958E-5	0.6869411749470901	0.054778868621009634	0.10898827713381586	3.6348498810640516E-5	0.004155187759138175	0.11945291565266027	0.025190520829228527
96	file:/C:/Users/apovzner/Documents/Hakluyt/Cambridge_MacLehose_FineReader_OCR/02_50_NNE-_1557_A_discourse_of_the_honourable_receiving_into_England_of_the_first_Ambassadour_from_the_Emperour_of_R_pp.350-362.txt	3.193207857122213E-5	0.2713154269335355	9.05962740265719E-6	0.08967633680695529	0.10496918137101119	5.974025768243041E-5	1.3807779446748232E-5	1.0194469706915163E-4	0.36085460700369165	0.17296796344463414
97	file:/C:/Users/apovzner/Documents/Hakluyt/Cambridge_MacLehose_FineReader_OCR/02_51_NNE-_1557_The_voyage_of_the_aforesaide_Stephen_Burrough_from_Colmogro_in_Russia_to_Wardhouse_in_search_of_cert_pp.363-375.txt	3.324087838975069E-5	0.004748965561127526	9.4309542699041E-6	0.11128370860414573	0.26860847996551096	0.5375041089421769	1.437371877931874E-5	1.0612310345527083E-4	0.07131654302231286	0.006375025249831819
98	file:/C:/Users/apovzner/Documents/Hakluyt/Cambridge_MacLehose_FineReader_OCR/02_52_NNE-_1557_Instructions_given_to_the_Masters_and_Mariners_of_the_ships_of_the_Moscovie_Company_sayling_towards__pp.375-378.txt	1.2480952729117335E-4	0.2602137655725441	3.541040433800136E-5	0.0023235314454424227	0.2660064105303595	0.03485961817899118	5.396900242010987E-5	0.02732988535466413	0.16004652692579519	0.2490060730581541
