0	file:/C:/Users/apovzner/Documents/Hakluyt/Cambridge_MacLehose_FineReader_OCR/01_01_NNE-_0517_The_voyage_of_Arthur_K_of_Britaine_to_Island_and_the_most_Northeastern_parts_of_Europe_Anno_517_pp.003-004.txt	0.1455223880597015	0.11940298507462686	0.10820895522388059	0.1044776119402985	0.5223880597014925
1	file:/C:/Users/apovzner/Documents/Hakluyt/Cambridge_MacLehose_FineReader_OCR/01_02_NNE-_0517_Two_testimonies_of_Galfridus_Monumetensis_in_his_history_of_the_Kings_of_Brittaine_concerning_the_co_pp.004-004.txt	0.24183006535947713	0.09803921568627451	0.0784313725490196	0.1111111111111111	0.47058823529411764
2	file:/C:/Users/apovzner/Documents/Hakluyt/Cambridge_MacLehose_FineReader_OCR/01_03_NNE-_0580_A_testimony_of_M_Lambard_in_his_touching_the_right_and_appendances_of_the_Crowne_of_the_kingdome_of__pp.005-007.txt	0.07195571955719557	0.22140221402214022	0.03136531365313653	0.13284132841328414	0.5424354243542435
3	file:/C:/Users/apovzner/Documents/Hakluyt/Cambridge_MacLehose_FineReader_OCR/01_04_NNE-_0580_The_voyage_of_Malgo_king_of_Britaine_to_Island_Gotland_Orkney_Denmark_and_Norway_Anno_580_pp.007-008.txt	0.08873720136518772	0.26621160409556316	0.05460750853242321	0.20136518771331058	0.3890784982935154
4	file:/C:/Users/apovzner/Documents/Hakluyt/Cambridge_MacLehose_FineReader_OCR/01_05_NNE-_0624_The_conquest_of_the_Isles_of_Anglesey_and_Man_by_Edwin_the_Saxon_king_of_Northumberland_Anno_624_pp.008-010.txt	0.16179775280898875	0.1258426966292135	0.08314606741573034	0.1662921348314607	0.46292134831460674
5	file:/C:/Users/apovzner/Documents/Hakluyt/Cambridge_MacLehose_FineReader_OCR/01_06_NNE-_0624_The_voyage_of_Bertus_into_Ireland_Anno_684_pp.010-010.txt	0.3310810810810811	0.0472972972972973	0.05405405405405406	0.13513513513513514	0.43243243243243246
6	file:/C:/Users/apovzner/Documents/Hakluyt/Cambridge_MacLehose_FineReader_OCR/01_07_NNE-_0890_The_voyage_of_Octher_to_the_North_parts_beyond_Norway_about_the_yeere_890_pp.011-014.txt	0.2532188841201717	0.04291845493562232	0.4978540772532189	0.11874105865522175	0.08726752503576538
7	file:/C:/Users/apovzner/Documents/Hakluyt/Cambridge_MacLehose_FineReader_OCR/01_08_NNE-_0890_The_second_voyage_of_Octher_into_the_Sound_of_Denmarke_pp.014-015.txt	0.4567901234567901	0.07407407407407407	0.4166666666666667	0.027777777777777776	0.024691358024691357
8	file:/C:/Users/apovzner/Documents/Hakluyt/Cambridge_MacLehose_FineReader_OCR/01_09_NNE-_0890_Wolstans_Navigation_into_the_East_sea_or_the_Sound_of_Denmarke_pp.015-016.txt	0.39649122807017545	0.20350877192982456	0.18947368421052632	0.12280701754385964	0.08771929824561403
9	file:/C:/Users/apovzner/Documents/Hakluyt/Cambridge_MacLehose_FineReader_OCR/01_10_NNE-_0973_The_voyage_of_King_Edgar_with_4000_shippes_round_about_his_large_Monarchie_Anno_973_pp.016-023.txt	0.1865671641791045	0.25671641791044775	0.07686567164179105	0.18955223880597014	0.2902985074626866
10	file:/C:/Users/apovzner/Documents/Hakluyt/Cambridge_MacLehose_FineReader_OCR/01_11_NNE-_0973_The_voyage_of_Edmund_and_Edward_the_sonnes_of_King_Edmund_Ironside_into_Hungary_Anno_1017_pp.024-025.txt	0.08923076923076922	0.17846153846153845	0.1476923076923077	0.1476923076923077	0.4369230769230769
11	file:/C:/Users/apovzner/Documents/Hakluyt/Cambridge_MacLehose_FineReader_OCR/01_12_NNE-_1249_A_Chronicle_of_the_Kings_of_Man_taken_out_of_M_Camdens_Chorographie_pp.025-041.txt	0.18205317577548005	0.1451255539143279	0.20236336779911374	0.15472673559822747	0.3157311669128508
12	file:/C:/Users/apovzner/Documents/Hakluyt/Cambridge_MacLehose_FineReader_OCR/01_13_NNE-_1067_The_mariage_of_the_daughter_of_Harald_unto_Jeruslaus_duke_of_Russia_in_his_owne_Countrey_Anno_1067_pp.042-042.txt	0.11486486486486487	0.22297297297297297	0.05405405405405406	0.14189189189189189	0.46621621621621623
13	file:/C:/Users/apovzner/Documents/Hakluyt/Cambridge_MacLehose_FineReader_OCR/01_14_NNE-_1278_The_ancient_state_of_the_shipping_of_the_Cinque_Ports_pp.042-050.txt	0.2322863403944485	0.15412710007304603	0.08984660336011688	0.3338203067932798	0.18991964937910885
14	file:/C:/Users/apovzner/Documents/Hakluyt/Cambridge_MacLehose_FineReader_OCR/01_15_NNE-_1243_The_voyage_of_a_certaine_Englishman_into_Tartaria_and_from_thence_into_Poland_and_Hungary_Anno_1243_pp.050-054.txt	0.2333767926988266	0.2138200782268579	0.14471968709256844	0.2777053455019557	0.1303780964797914
15	file:/C:/Users/apovzner/Documents/Hakluyt/Cambridge_MacLehose_FineReader_OCR/01_16_NNE-_1246_Libellus_historicus_Johannis_de_Plano_Carpini_pp.055-094.txt	0.031914893617021274	0.16904255319148936	0.02776595744680851	0.05595744680851064	0.7153191489361702
16	file:/C:/Users/apovzner/Documents/Hakluyt/Cambridge_MacLehose_FineReader_OCR/01_17_NNE-_1246_The_long_and_wonderfull_voyage_of_Frier_John_de_Plano_Carpini_Anno_1246_pp.094-179.txt	0.0775051873550592	0.2172586354204809	0.06261442694983523	0.09544733308922251	0.5471744171854022
17	file:/C:/Users/apovzner/Documents/Hakluyt/Cambridge_MacLehose_FineReader_OCR/01_18_NNE-_1253_The_journall_of_Frier_William_de_Rubricis_Anno_1253_pp.179-293.txt	0.08242258652094718	0.19499089253187613	0.07941712204007285	0.12941712204007286	0.513752276867031
18	file:/C:/Users/apovzner/Documents/Hakluyt/Cambridge_MacLehose_FineReader_OCR/01_19_NNE-_1278_Part_of_the_great_Charter_graunted_by_King_Edward_the_first_to_the_Barons_of_the_Cinque_Ports_pp.293-296.txt	0.23636363636363636	0.11818181818181818	0.05272727272727273	0.2727272727272727	0.32
19	file:/C:/Users/apovzner/Documents/Hakluyt/Cambridge_MacLehose_FineReader_OCR/01_20_NNE-_1345_The_rolle_of_the_huge_Fleete_of_Edward_the_thirde_before_Caleis_pp.297-299.txt	0.08426966292134831	0.06460674157303371	0.75	0.05898876404494382	0.042134831460674156
20	file:/C:/Users/apovzner/Documents/Hakluyt/Cambridge_MacLehose_FineReader_OCR/01_21_NNE-_1345_The_summe_of_expences_layde_out_in_the_siege_of_Caleis_pp.299-300.txt	0.14590747330960854	0.12811387900355872	0.4412811387900356	0.046263345195729534	0.23843416370106763
21	file:/C:/Users/apovzner/Documents/Hakluyt/Cambridge_MacLehose_FineReader_OCR/01_22_NNE-_1360_A_note_of_Thomas_Walsingham_touching_King_Edward_the_thirde_his_huge_Fleete_of_1100_ships_wherewith__pp.300-301.txt	0.24629080118694363	0.19584569732937684	0.10385756676557864	0.04451038575667656	0.4094955489614243
22	file:/C:/Users/apovzner/Documents/Hakluyt/Cambridge_MacLehose_FineReader_OCR/01_23_NNE-_1360_The_voyage_of_Nicolaus_de_Linna_a_Franciscan_Frier_and_an_excellent_Mathematician_of_Oxford_to_all_t_pp.301-303.txt	0.20997920997921	0.18503118503118504	0.10810810810810811	0.1288981288981289	0.367983367983368
23	file:/C:/Users/apovzner/Documents/Hakluyt/Cambridge_MacLehose_FineReader_OCR/01_24_NNE-_1360_A_Testimonie_of_the_learned_Mathematician_Master_John_Dee_touching_the_foresaid_voyage_of_Nicholas_D_pp.303-304.txt	0.15838509316770186	0.2546583850931677	0.07142857142857142	0.14596273291925466	0.3695652173913043
24	file:/C:/Users/apovzner/Documents/Hakluyt/Cambridge_MacLehose_FineReader_OCR/01_25_NNE-_1390_The_voyage_of_Henry_Earle_of_Derby_afterward_King_of_England_into_Prussia_and_Letto_Anno_1390_pp.304-305.txt	0.1388888888888889	0.3159722222222222	0.03819444444444445	0.18055555555555555	0.3263888888888889
25	file:/C:/Users/apovzner/Documents/Hakluyt/Cambridge_MacLehose_FineReader_OCR/01_26_NNE-_1402_The_voyage_of_Thomas_of_Woodstock_duke_of_Glocester_into_Prussia_Anno_1391_pp.306-307.txt	0.3026315789473684	0.13486842105263158	0.06578947368421052	0.1513157894736842	0.34539473684210525
26	file:/C:/Users/apovzner/Documents/Hakluyt/Cambridge_MacLehose_FineReader_OCR/01_27_NNE-_1402_Certaine_verses_of_Geffrey_Chaucer_concerning_the_long_Voyages_and_valiant_exploits_of_the_English_k_pp.307-308.txt	0.358974358974359	0.17582417582417584	0.08424908424908426	0.23809523809523808	0.14285714285714285
27	file:/C:/Users/apovzner/Documents/Hakluyt/Cambridge_MacLehose_FineReader_OCR/01_28_NNE-_0604_A_testimonie_out_of_Cornelius_Tacitus_proving_London_to_have_bene_a_famous_Mart-towne_in_the_raigne__pp.308-309.txt	0.26373626373626374	0.21245421245421245	0.04395604395604396	0.18315018315018314	0.2967032967032967
28	file:/C:/Users/apovzner/Documents/Hakluyt/Cambridge_MacLehose_FineReader_OCR/01_29_NNE-_0604_A_testimony_out_of_venerable_Beda_prooving_London_to_have_bene_a_Citie_of_great_traffique_in_his_tim_pp.309-309.txt	0.22137404580152673	0.19083969465648856	0.022900763358778626	0.16030534351145037	0.40458015267175573
29	file:/C:/Users/apovzner/Documents/Hakluyt/Cambridge_MacLehose_FineReader_OCR/01_30_NNE-_0795_The_league_betweene_Carolus_Magnus_and_Offa_King_of_Mercia_concerning_the_safe_trade_of_English_Merc_pp.310-312.txt	0.24193548387096775	0.24193548387096775	0.04435483870967742	0.10887096774193548	0.3629032258064516
30	file:/C:/Users/apovzner/Documents/Hakluyt/Cambridge_MacLehose_FineReader_OCR/01_31_NNE-_0795_An_ancient_testimony_translated_out_of_the_olde_Saxon_Lawes_conteyning_the_advancement_of_Merchants__pp.312-312.txt	0.427536231884058	0.21014492753623187	0.09420289855072464	0.036231884057971016	0.2318840579710145
31	file:/C:/Users/apovzner/Documents/Hakluyt/Cambridge_MacLehose_FineReader_OCR/01_32_NNE-_1027_A_testimony_of_certaine_Privileges_obteined_for_the_English_and_Danish_Merchants_by_Canutus_the_King_pp.313-314.txt	0.11214953271028037	0.2087227414330218	0.06853582554517133	0.06542056074766354	0.5451713395638629
32	file:/C:/Users/apovzner/Documents/Hakluyt/Cambridge_MacLehose_FineReader_OCR/01_33_NNE-_1140_The_flourishing_state_of_Merchandise_in_the_City_of_London_in_the_dayes_of_Wilhelmus_Malmesburiensis_pp.314-315.txt	0.1815068493150685	0.2773972602739726	0.1232876712328767	0.07876712328767123	0.339041095890411
33	file:/C:/Users/apovzner/Documents/Hakluyt/Cambridge_MacLehose_FineReader_OCR/01_34_NNE-_1140_A_testimony_of_the_said_Wil_of_Malmesbury_concerning_traffique_to_Bristow_in_his_time_pp.315-315.txt	0.16546762589928057	0.41007194244604317	0.17266187050359713	0.007194244604316547	0.2446043165467626
34	file:/C:/Users/apovzner/Documents/Hakluyt/Cambridge_MacLehose_FineReader_OCR/01_35_NNE-_1157_The_league_betweene_Henry_the_second_and_Frederick_Barbarossa_Emperour_of_Germany_partly_touching_tr_pp.316-318.txt	0.1710794297352342	0.18533604887983707	0.05091649694501019	0.1079429735234216	0.4847250509164969
35	file:/C:/Users/apovzner/Documents/Hakluyt/Cambridge_MacLehose_FineReader_OCR/01_36_NNE-_1199_A_generall_safe_conduct_granted_by_King_John_to_all_forreine_Merchants_pp.319-320.txt	0.13988095238095238	0.23511904761904762	0.08928571428571429	0.07142857142857142	0.4642857142857143
36	file:/C:/Users/apovzner/Documents/Hakluyt/Cambridge_MacLehose_FineReader_OCR/01_37_NNE-_1229_The_letters_of_King_Henry_the_third_unto_Haquinus_king_of_Norwey_pp.320-322.txt	0.17124735729386892	0.19873150105708245	0.12050739957716702	0.04439746300211417	0.46511627906976744
37	file:/C:/Users/apovzner/Documents/Hakluyt/Cambridge_MacLehose_FineReader_OCR/01_38_NNE-_1229_A_mandate_for_the_king_of_Norway_his_ship_called_The_Cog_pp.322-323.txt	0.09337349397590361	0.1746987951807229	0.12951807228915663	0.06325301204819277	0.5391566265060241
38	file:/C:/Users/apovzner/Documents/Hakluyt/Cambridge_MacLehose_FineReader_OCR/01_39_NNE-_1236_A_Charter_granted_for_the_behalfe_of_the_Merchants_of_Colen_in_the_20_yeere_of_Henry_the_thirde_pp.323-324.txt	0.05585106382978723	0.11702127659574468	0.09840425531914894	0.08776595744680851	0.6409574468085106
39	file:/C:/Users/apovzner/Documents/Hakluyt/Cambridge_MacLehose_FineReader_OCR/01_40_NNE-_1257_The_Charter_of_Lubeck_granted_for_seven_yeeres_in_the_time_of_Henry_the_third_pp.324-325.txt	0.1174785100286533	0.14040114613180515	0.10888252148997135	0.10888252148997135	0.5243553008595988
40	file:/C:/Users/apovzner/Documents/Hakluyt/Cambridge_MacLehose_FineReader_OCR/01_41_NNE-_1260_A_Charter_of_the_Merchants_of_Almaine_or_the_Stilyard-merchants_pp.326-327.txt	0.20938628158844766	0.12274368231046931	0.02527075812274368	0.11191335740072202	0.5306859205776173
41	file:/C:/Users/apovzner/Documents/Hakluyt/Cambridge_MacLehose_FineReader_OCR/01_42_NNE-_1303_A_mandate_of_King_Edward_the_first_concerning_outlandish_Merchants_pp.327-327.txt	0.17482517482517482	0.17482517482517482	0.03496503496503497	0.09090909090909091	0.5244755244755245
42	file:/C:/Users/apovzner/Documents/Hakluyt/Cambridge_MacLehose_FineReader_OCR/01_43_NNE-_1303_King_Edw_the_first_his_great_Charter_granted_to_forreine_Merchants_Anno_Dom_1303_pp.327-339.txt	0.16030534351145037	0.1823579304495335	0.02883799830364716	0.10602205258693809	0.5224766751484309
43	file:/C:/Users/apovzner/Documents/Hakluyt/Cambridge_MacLehose_FineReader_OCR/01_44_NNE-_1313_The_letters_of_Edward_the_second_unto_Haquinus_King_of_Norway_concerning_certain_English_Merchants_a_pp.339-343.txt	0.10192525481313704	0.20045300113250283	0.03397508493771234	0.10758776896942242	0.5560588901472253
44	file:/C:/Users/apovzner/Documents/Hakluyt/Cambridge_MacLehose_FineReader_OCR/01_45_NNE-_1313_Another_letter_of_Edw_the_second_unto_the_said_Haquinus_for_the_merchants_aforesaid_pp.343-344.txt	0.09749303621169916	0.22562674094707522	0.019498607242339833	0.08913649025069638	0.5682451253481894
45	file:/C:/Users/apovzner/Documents/Hakluyt/Cambridge_MacLehose_FineReader_OCR/01_46_NNE-_1313_A_third_letter_of_King_Edward_the_second_to_the_said_Haquinus_in_the_behalfe_of_our_English_merchant_pp.344-349.txt	0.16132167152575316	0.2293488824101069	0.03304178814382896	0.10592808551992225	0.4703595724003887
46	file:/C:/Users/apovzner/Documents/Hakluyt/Cambridge_MacLehose_FineReader_OCR/01_47_NNE-_1320_An_Ordinance_for_the_Staple_to_be_holden_at_one_certaine_place_pp.350-355.txt	0.2306878306878307	0.19470899470899472	0.04126984126984127	0.09947089947089947	0.43386243386243384
47	file:/C:/Users/apovzner/Documents/Hakluyt/Cambridge_MacLehose_FineReader_OCR/02_01_NNE-_1262_A_Catalogue_of_the_great_Masters_of_Prussia_pp.001-011.txt	0.46973224679860304	0.20430733410942956	0.08731082654249127	0.12514551804423749	0.11350407450523865
48	file:/C:/Users/apovzner/Documents/Hakluyt/Cambridge_MacLehose_FineReader_OCR/02_02_NNE-_1388_The_Oration_or_speach_of_the_Ambassadours_sent_from_Conradus_de_Zolner_Master_generall_of_the_land_o_pp.012-018.txt	0.4714566929133858	0.1466535433070866	0.04232283464566929	0.1220472440944882	0.21751968503937008
49	file:/C:/Users/apovzner/Documents/Hakluyt/Cambridge_MacLehose_FineReader_OCR/02_03_NNE-_1390_An_agreement_made_by_the_Ambassadours_of_England_and_Prussia_confirmed_by_king_Richard_the_second_pp.018-024.txt	0.5125815470643057	0.11556383970177074	0.022367194780987885	0.08108108108108109	0.2684063373718546
50	file:/C:/Users/apovzner/Documents/Hakluyt/Cambridge_MacLehose_FineReader_OCR/02_04_NNE-_1398_The_letters_of_Conradus_de_Jungingen_Master_generall_of_Prussia_unto_Rich_the_second_pp.025-027.txt	0.6621621621621622	0.04504504504504504	0.024774774774774775	0.08108108108108109	0.18693693693693694
51	file:/C:/Users/apovzner/Documents/Hakluyt/Cambridge_MacLehose_FineReader_OCR/02_05_NNE-_1407_A_briefe_relation_of_William_Esturmy_and_John_Kington_concerning_their_Ambassages_into_Prussia_and_t_pp.027-033.txt	0.6866404715127702	0.022593320235756387	0.025540275049115914	0.05893909626719057	0.206286836935167
52	file:/C:/Users/apovzner/Documents/Hakluyt/Cambridge_MacLehose_FineReader_OCR/02_06_NNE-_1407_Certaine_Articles_of_complaint_exhibited_by_the_Livonians_pp.033-034.txt	0.6414473684210527	0.03618421052631579	0.05263157894736842	0.0756578947368421	0.19407894736842105
53	file:/C:/Users/apovzner/Documents/Hakluyt/Cambridge_MacLehose_FineReader_OCR/02_07_NNE-_1407_Other_complaints_exhibited_by_the_Cities_of_the_Hans_pp.034-036.txt	0.6104513064133017	0.023752969121140142	0.014251781472684086	0.09738717339667459	0.25415676959619954
54	file:/C:/Users/apovzner/Documents/Hakluyt/Cambridge_MacLehose_FineReader_OCR/02_08_NNE-_1403_Compositions_and_Ordinances_concluded_betweene_the_Ambassadours_of_Prussia_and_the_Chanceller_and_Tr_pp.036-038.txt	0.5530474040632054	0.06772009029345373	0.009029345372460496	0.060948081264108354	0.309255079006772
55	file:/C:/Users/apovzner/Documents/Hakluyt/Cambridge_MacLehose_FineReader_OCR/02_09_NNE-_1403_The_letters_of_the_Chanceller_and_Treasurer_of_England_unto_Conradus_de_Jungingen_master_generall_of_pp.038-041.txt	0.5241935483870968	0.07741935483870968	0.02258064516129032	0.11612903225806452	0.25967741935483873
56	file:/C:/Users/apovzner/Documents/Hakluyt/Cambridge_MacLehose_FineReader_OCR/02_10_NNE-_1404_The_letters_of_king_Henry_the_fourth_unto_Conradus_de_Jungingen_the_master_generall_of_Prussia_for_e_pp.041-043.txt	0.589041095890411	0.0547945205479452	0.00228310502283105	0.21232876712328766	0.1415525114155251
57	file:/C:/Users/apovzner/Documents/Hakluyt/Cambridge_MacLehose_FineReader_OCR/02_11_NNE-_1404_The_letters_of_Conradus_de_Jungingen_unto_king_Henry_the_fourth_pp.044-046.txt	0.5070754716981132	0.06132075471698113	0.03773584905660377	0.25	0.14386792452830188
58	file:/C:/Users/apovzner/Documents/Hakluyt/Cambridge_MacLehose_FineReader_OCR/02_12_NNE-_1405_An_agreement_made_betweene_king_Henry_the_fourth_and_Conradus_de_Jungingen_pp.047-055.txt	0.560480841472577	0.06611570247933884	0.007513148009015778	0.07663410969196092	0.2892561983471074
59	file:/C:/Users/apovzner/Documents/Hakluyt/Cambridge_MacLehose_FineReader_OCR/02_13_NNE-_1405_An_agreement_betweene_king_Henry_the_fourth_and_the_Hans-townes_pp.055-067.txt	0.47929269427640764	0.030711959050721264	0.048859934853420196	0.21731037691949745	0.22382503489995348
60	file:/C:/Users/apovzner/Documents/Hakluyt/Cambridge_MacLehose_FineReader_OCR/02_14_NNE-_1405_A_testimonie_out_of_Albertus_Krantzius_concerning_the_surprise_of_Bergen_in_Norway_wherein_21_houses_pp.068-071.txt	0.37966101694915255	0.13050847457627118	0.1440677966101695	0.21525423728813559	0.13050847457627118
61	file:/C:/Users/apovzner/Documents/Hakluyt/Cambridge_MacLehose_FineReader_OCR/02_15_NNE-_1407_The_grievances_and_offences_whereat_the_merchants_of_the_Hans_found_themselves_agrieved_pp.072-083.txt	0.49723145071982283	0.05758582502768549	0.03709856035437431	0.2469545957918051	0.1611295681063123
62	file:/C:/Users/apovzner/Documents/Hakluyt/Cambridge_MacLehose_FineReader_OCR/02_16_NNE-_1407_A_letter_of_Henry_the_fourth_king_of_England_unto_Conradus_de_Jungingen_Master_generall_of_Prussia_pp.083-085.txt	0.4793577981651376	0.027522935779816515	0.0389908256880734	0.24541284403669725	0.20871559633027523
63	file:/C:/Users/apovzner/Documents/Hakluyt/Cambridge_MacLehose_FineReader_OCR/02_17_NNE-_1408_A_letter_of_Werneherus_de_Tettingen_commander_in_Elbing_unto_sir_William_Sturmy_Ambassadour_unto_kin_pp.085-090.txt	0.5835322195704057	0.03699284009546539	0.01909307875894988	0.10620525059665871	0.2541766109785203
64	file:/C:/Users/apovzner/Documents/Hakluyt/Cambridge_MacLehose_FineReader_OCR/02_18_NNE-_1408_The_letters_of_Ulricus_de_Jungingen_master_generall_of_Prussia_signifying_unto_king_Henry_the_4_that_pp.091-095.txt	0.6085164835164835	0.03296703296703297	0.01098901098901099	0.1346153846153846	0.2129120879120879
65	file:/C:/Users/apovzner/Documents/Hakluyt/Cambridge_MacLehose_FineReader_OCR/02_19_NNE-_1408_The_letters_of_king_Henry_the_fourth_unto_Ulricus_de_Jungingen_wherein_he_doth_absolutely_approve_th_pp.095-098.txt	0.6060606060606061	0.0659536541889483	0.0142602495543672	0.1408199643493761	0.17290552584670232
66	file:/C:/Users/apovzner/Documents/Hakluyt/Cambridge_MacLehose_FineReader_OCR/02_20_NNE-_1409_A_new_concord_betweene_king_Henry_the_fourth_and_Ulricus_de_Jungingen_pp.098-106.txt	0.5290006988120196	0.07547169811320754	0.012578616352201259	0.12508735150244585	0.2578616352201258
67	file:/C:/Users/apovzner/Documents/Hakluyt/Cambridge_MacLehose_FineReader_OCR/02_21_NNE-_1404_A_Charter_of_king_Henry_the_fourth_graunted_in_the_fifth_yeere_of_his_raigne_unto_the_English_mercha_pp.106-110.txt	0.26346604215456676	0.1358313817330211	0.02927400468384075	0.10772833723653395	0.4637002341920375
68	file:/C:/Users/apovzner/Documents/Hakluyt/Cambridge_MacLehose_FineReader_OCR/02_22_NNE-_1430_A_note_touching_the_mighty_ships_of_king_Henry_the_fift_taken_out_of_a_Chronicle_in_the_Trinitie_Chu_pp.111-111.txt	0.1839080459770115	0.10919540229885058	0.034482758620689655	0.20114942528735633	0.47126436781609193
69	file:/C:/Users/apovzner/Documents/Hakluyt/Cambridge_MacLehose_FineReader_OCR/02_23_NNE-_1430_A_branch_of_a_Statute_made_in_the_eight_yeere_of_Henry_the_6_for_the_trade_to_Norway_Sweveland_Denma_pp.111-113.txt	0.27348643006263046	0.054279749478079335	0.029227557411273485	0.3277661795407098	0.31524008350730687
70	file:/C:/Users/apovzner/Documents/Hakluyt/Cambridge_MacLehose_FineReader_OCR/02_24_NNE-_1432_Another_branch_of_a_Statute_made_in_the_10_yeere_of_king_Henry_the_sixt_concerning_the_state_of_Engl_pp.113-114.txt	0.31901840490797545	0.06748466257668712	0.03987730061349693	0.3588957055214724	0.2147239263803681
71	file:/C:/Users/apovzner/Documents/Hakluyt/Cambridge_MacLehose_FineReader_OCR/02_25_NNE-_1437_Libellus_de_politia_conservativa_Maris_Or_The_pollicy_of_keeping_the_Sea_pp.114-147.txt	0.1948814768198028	0.21481015313614432	0.18837843507447033	0.26914201804069643	0.13278791692888608
72	file:/C:/Users/apovzner/Documents/Hakluyt/Cambridge_MacLehose_FineReader_OCR/02_26_NNE-_1462_A_large_Charter_granted_by_king_Edward_the_fourth_in_the_second_yere_of_his_raigne_to_the_English_me_pp.147-158.txt	0.36862106406080347	0.07057546145494029	0.04777415852334419	0.31758957654723124	0.19543973941368079
73	file:/C:/Users/apovzner/Documents/Hakluyt/Cambridge_MacLehose_FineReader_OCR/02_27_NNE-_1527_A_perswasion_of_Robert_Thome_merchant_of_Bristol_and_dwelling_long_in_Sivil_in_Spaine_to_king_Henry__pp.159-163.txt	0.4159891598915989	0.05420054200542006	0.12195121951219512	0.35501355013550134	0.052845528455284556
74	file:/C:/Users/apovzner/Documents/Hakluyt/Cambridge_MacLehose_FineReader_OCR/02_28_NNE-_1527_The_discourse_of_the_foresaid_Robert_Thorne_written_to_Doctour_Leigh_the_Kings_Ambassadour_in_Spaine_pp.164-181.txt	0.4091763820985333	0.0613012410680707	0.20571643474990597	0.25761564497931555	0.0661902971041745
75	file:/C:/Users/apovzner/Documents/Hakluyt/Cambridge_MacLehose_FineReader_OCR/02_29_NNE-_1580_A_briefe_treatise_of_the_Emperour_of_Moscovia_his_genealogie_pp.182-194.txt	0.2962781586679726	0.24289911851126347	0.06807051909892263	0.222820763956905	0.16993143976493633
76	file:/C:/Users/apovzner/Documents/Hakluyt/Cambridge_MacLehose_FineReader_OCR/02_30_NNE-_1553_The_excellent_orders_and_instructions_of_Sebastian_Cabot_given_to_sir_Hugh_Willoughby_and_his_Fleete_pp.195-205.txt	0.3236024844720497	0.14720496894409937	0.09751552795031056	0.3590062111801242	0.07267080745341616
77	file:/C:/Users/apovzner/Documents/Hakluyt/Cambridge_MacLehose_FineReader_OCR/02_31_NNE-_1553_The_names_of_the_twelve_Counsellers_appointed_in_sir_Hugh_Willoughbies_voyage_pp.206-206.txt	0.1323529411764706	0.11029411764705882	0.051470588235294115	0.14705882352941177	0.5588235294117647
78	file:/C:/Users/apovzner/Documents/Hakluyt/Cambridge_MacLehose_FineReader_OCR/02_32_NNE-_1553_The_letters_of_king_Edward_the_sixt_written_at_that_time_to_all_the_Kings_Princes_and_other_Potentat_pp.206-211.txt	0.1619348054679285	0.1440588853838065	0.030494216614090432	0.11882229232386961	0.544689800210305
79	file:/C:/Users/apovzner/Documents/Hakluyt/Cambridge_MacLehose_FineReader_OCR/02_33_NNE-_1553_The_voyage_of_sir_Hugh_Willoughby_knight_wherein_he_unfortunately_perished_at_Arzina_Reca_in_Lapland_pp.212-212.txt	0.3617021276595745	0.07801418439716312	0.2198581560283688	0.19148936170212766	0.14893617021276595
80	file:/C:/Users/apovzner/Documents/Hakluyt/Cambridge_MacLehose_FineReader_OCR/02_34_NNE-_1553_The_names_of_the_Ships_Captains_Mariners_and_other_officers_of_that_first_worthy_enterprise_pp.212-214.txt	0.39816933638443935	0.08237986270022883	0.1945080091533181	0.21052631578947367	0.11441647597254005
81	file:/C:/Users/apovzner/Documents/Hakluyt/Cambridge_MacLehose_FineReader_OCR/02_35_NNE-_1553_The_othe_ministred_to_the_Captaine_of_the_Fleete_pp.215-215.txt	0.2777777777777778	0.14285714285714285	0.023809523809523808	0.48412698412698413	0.07142857142857142
82	file:/C:/Users/apovzner/Documents/Hakluyt/Cambridge_MacLehose_FineReader_OCR/02_36_NNE-_1553_The_othe_ministred_to_the_Masters_of_the_ships_pp.216-224.txt	0.10514541387024609	0.0686055182699478	0.6666666666666666	0.12900820283370618	0.030574198359433258
83	file:/C:/Users/apovzner/Documents/Hakluyt/Cambridge_MacLehose_FineReader_OCR/02_37_NNE-_1553_The_voyage_of_Richard_Chanceller_Pilote_major_the_first_discoverer_by_sea_of_the_kingdome_of_Moscovi_pp.224-238.txt	0.23621694307485433	0.15912147019273867	0.11295383236216944	0.4105782160466159	0.0811295383236217
84	file:/C:/Users/apovzner/Documents/Hakluyt/Cambridge_MacLehose_FineReader_OCR/02_38_NNE-_1553_A_testimonie_of_Richard_Eden_concerning_Clement_Adams_his_discourse_of_Richard_Chancellers_voyage_pp.239-270.txt	0.277577045696068	0.14622741764080766	0.17938363443145589	0.3339001062699256	0.06291179596174283
85	file:/C:/Users/apovzner/Documents/Hakluyt/Cambridge_MacLehose_FineReader_OCR/02_39_NNE-_1554_The_letters_of_the_Emperour_of_Russia_sent_to_king_Edward_the_sixt_by_Richard_Chanceller_pp.271-272.txt	0.44982698961937717	0.09342560553633218	0.02768166089965398	0.3633217993079585	0.0657439446366782
86	file:/C:/Users/apovzner/Documents/Hakluyt/Cambridge_MacLehose_FineReader_OCR/02_40_NNE-_1554_The_coynes_waights_and_measures_used_in_Russia_pp.273-278.txt	0.27771679473106475	0.07683863885839737	0.04500548847420417	0.566410537870472	0.03402854006586169
87	file:/C:/Users/apovzner/Documents/Hakluyt/Cambridge_MacLehose_FineReader_OCR/02_41_NNE-_1555_The_letters_of_King_Philip_and_Queene_Mary_to_Ivan_Vasilivich_the_Emperor_of_Russia_pp.278-281.txt	0.29497568881685576	0.09076175040518639	0.022690437601296597	0.5251215559157212	0.06645056726094004
88	file:/C:/Users/apovzner/Documents/Hakluyt/Cambridge_MacLehose_FineReader_OCR/02_42_NNE-_1555_The_Commission_given_to_the_merchants_Agents_resiant_in_Russia_pp.281-289.txt	0.3035048471290082	0.0842654735272185	0.05070842654735272	0.5018642803877703	0.05965697240865026
89	file:/C:/Users/apovzner/Documents/Hakluyt/Cambridge_MacLehose_FineReader_OCR/02_43_NNE-_1555_The_othe_ministred_to_the_servants_of_the_Moscovie_company_pp.290-290.txt	0.20175438596491227	0.09649122807017543	0.05263157894736842	0.5526315789473685	0.09649122807017543
90	file:/C:/Users/apovzner/Documents/Hakluyt/Cambridge_MacLehose_FineReader_OCR/02_44_NNE-_1555_The_letter_of_George_Killingworth_the_first_Agent_in_Russia_written_to_the_Company_pp.291-297.txt	0.22101090188305253	0.08721506442021804	0.09415262636273539	0.5649157581764123	0.03270564915758176
91	file:/C:/Users/apovzner/Documents/Hakluyt/Cambridge_MacLehose_FineReader_OCR/02_45_NNE-_1555_The_first_Privileges_graunted_by_the_Emperour_of_Russia_to_the_English_merchants_pp.297-303.txt	0.26687435098650053	0.04984423676012461	0.04257528556593977	0.5295950155763239	0.1111111111111111
92	file:/C:/Users/apovzner/Documents/Hakluyt/Cambridge_MacLehose_FineReader_OCR/02_46_NNE-_1555_The_Charter_of_the_merchants_of_the_Moscovie_company_granted_by_Queene_Mary_pp.304-316.txt	0.3169620253164557	0.042531645569620254	0.010632911392405063	0.5215189873417722	0.10835443037974683
93	file:/C:/Users/apovzner/Documents/Hakluyt/Cambridge_MacLehose_FineReader_OCR/02_47_NNE-_1556_Instructions_given_to_the_Pursers_of_the_Moscovie_voyage_pp.317-322.txt	0.2360248447204969	0.05093167701863354	0.18757763975155278	0.5043478260869565	0.02111801242236025
94	file:/C:/Users/apovzner/Documents/Hakluyt/Cambridge_MacLehose_FineReader_OCR/02_48_NNE-_1556_The_voyage_of_Stephen_Burrough_toward_the_River_of_Ob_intending_the_discovery_of_the_Northeast_passa_pp.322-344.txt	0.0833810888252149	0.0332378223495702	0.787106017191977	0.07765042979942693	0.01862464183381089
95	file:/C:/Users/apovzner/Documents/Hakluyt/Cambridge_MacLehose_FineReader_OCR/02_49_NNE-_1556_The_landing_of_Richard_Johnson_among_the_Samoeds_Anno_1556_pp.345-349.txt	0.10709677419354839	0.11225806451612903	0.30193548387096775	0.3961290322580645	0.08258064516129032
96	file:/C:/Users/apovzner/Documents/Hakluyt/Cambridge_MacLehose_FineReader_OCR/02_50_NNE-_1557_A_discourse_of_the_honourable_receiving_into_England_of_the_first_Ambassadour_from_the_Emperour_of_R_pp.350-362.txt	0.2673218673218673	0.16167076167076166	0.09582309582309582	0.39803439803439805	0.07714987714987714
97	file:/C:/Users/apovzner/Documents/Hakluyt/Cambridge_MacLehose_FineReader_OCR/02_51_NNE-_1557_The_voyage_of_the_aforesaide_Stephen_Burrough_from_Colmogro_in_Russia_to_Wardhouse_in_search_of_cert_pp.363-375.txt	0.044501278772378514	0.06342710997442455	0.6762148337595908	0.15601023017902813	0.059846547314578
98	file:/C:/Users/apovzner/Documents/Hakluyt/Cambridge_MacLehose_FineReader_OCR/02_52_NNE-_1557_Instructions_given_to_the_Masters_and_Mariners_of_the_ships_of_the_Moscovie_Company_sayling_towards__pp.375-378.txt	0.28107074569789675	0.07265774378585087	0.27533460803059273	0.3173996175908222	0.05353728489483748
99	file:/C:/Users/apovzner/Documents/Hakluyt/Cambridge_MacLehose_FineReader_OCR/02_53_NNE-_1557_A_letter_of_the_Company_of_the_Moscovie_merchants_unto_their_Agents_George_Killingworth_Richard_Gray_pp.379-392.txt	0.27011214041930764	0.10287664553876158	0.0726474890297416	0.5392491467576792	0.015114578254509995
100	file:/C:/Users/apovzner/Documents/Hakluyt/Cambridge_MacLehose_FineReader_OCR/02_54_NNE-_1557_A_letter_of_M_Thomas_Hawtree_to_the_Moscovie_Companies_Agent_M_Henry_Lane_at_Colmogro_pp.392-394.txt	0.21179039301310043	0.08951965065502183	0.16593886462882096	0.5283842794759825	0.004366812227074236
101	file:/C:/Users/apovzner/Documents/Hakluyt/Cambridge_MacLehose_FineReader_OCR/02_55_NNE-_1558_A_letter_of_M_Richard_Gray_one_of_the_first_Agents_of_the_Moscovie_Company_to_M_Henry_Lane_at_Mosco_pp.394-396.txt	0.15203426124197003	0.17130620985010706	0.23768736616702354	0.41113490364025695	0.027837259100642397
102	file:/C:/Users/apovzner/Documents/Hakluyt/Cambridge_MacLehose_FineReader_OCR/02_56_NNE-_1558_A_letter_of_Thomas_Alcock_to_M_Richard_Gray_and_Henry_Lane_Agents_in_Moscovia_from_Tirwill_in_Poland_pp.396-399.txt	0.2182468694096601	0.1449016100178891	0.23076923076923078	0.3631484794275492	0.04293381037567084
103	file:/C:/Users/apovzner/Documents/Hakluyt/Cambridge_MacLehose_FineReader_OCR/02_57_NNE-_1559_A_letter_of_M_Anthony_Jenkinson_upon_his_returne_from_Boghar_to_M_Henry_Lane_resident_in_Vologda_pp.400-401.txt	0.33774834437086093	0.11589403973509933	0.152317880794702	0.3576158940397351	0.03642384105960265
104	file:/C:/Users/apovzner/Documents/Hakluyt/Cambridge_MacLehose_FineReader_OCR/02_58_NNE-_1560_A_letter_of_the_Moscovie_Company_to_their_Agents_in_Russia_M_Henry_Lane_Christopher_Hudson_and_Thoma_pp.401-407.txt	0.20709491850431447	0.06327900287631831	0.15148609779482264	0.5532118887823586	0.024928092042186004
105	file:/C:/Users/apovzner/Documents/Hakluyt/Cambridge_MacLehose_FineReader_OCR/02_59_NNE-_1560_Another_letter_to_the_aforesaid_parties_pp.407-410.txt	0.3111111111111111	0.06324786324786325	0.08717948717948718	0.5213675213675214	0.017094017094017096
106	file:/C:/Users/apovzner/Documents/Hakluyt/Cambridge_MacLehose_FineReader_OCR/02_60_NNE-_1560_The_maner_of_Justice_by_lotts_in_Russia_written_by_M_Henry_Lane_pp.411-412.txt	0.5018450184501845	0.16236162361623616	0.09225092250922509	0.17712177121771217	0.06642066420664207
107	file:/C:/Users/apovzner/Documents/Hakluyt/Cambridge_MacLehose_FineReader_OCR/02_61_NNE-_1557_The_voyage_of_M_Anthony_Jenkinson_into_Russia_wherein_Osep_Napea_first_Ambassadour_from_the_Emperour_pp.413-425.txt	0.1295166588456124	0.16095729704364148	0.4650398873768184	0.21351478179258565	0.030971374941342094
108	file:/C:/Users/apovzner/Documents/Hakluyt/Cambridge_MacLehose_FineReader_OCR/02_62_NNE-_1558_The_description_of_Russia_with_the_customes_and_maners_of_the_inhabitants_pp.425-449.txt	0.25059665871121717	0.21400159108989658	0.16706443914081145	0.3251127022010077	0.04322460885706709
109	file:/C:/Users/apovzner/Documents/Hakluyt/Cambridge_MacLehose_FineReader_OCR/02_63_NNE-_1558_The_voyage_of_M_Anthony_Jenkinson_from_the_Citie_of_Mosco_in_Russia_to_Boghar_in_Bactria_Anno_1558_pp.449-479.txt	0.16966315354412068	0.1690431907418888	0.2975821450712957	0.32692705104360403	0.03678445959909072
110	file:/C:/Users/apovzner/Documents/Hakluyt/Cambridge_MacLehose_FineReader_OCR/02_64_NNE-_1559_Notes_and_observations_gathered_by_Richard_Johnson_of_the_severall_wayes_from_Russia_to_Cathay_over-_pp.480-484.txt	0.1217008797653959	0.2565982404692082	0.15102639296187684	0.4604105571847507	0.010263929618768328
111	file:/C:/Users/apovzner/Documents/Hakluyt/Cambridge_MacLehose_FineReader_OCR/02_65_NNE-_1559_A_letter_of_Sigismund_king_of_Polonia_1559_unto_the_Queenes_most_excellent_Majestie_pp.485-487.txt	0.49502487562189057	0.09701492537313433	0.017412935323383085	0.29850746268656714	0.09203980099502487
112	file:/C:/Users/apovzner/Documents/Hakluyt/Cambridge_MacLehose_FineReader_OCR/03_01_NNE-_1561_The_letters_of_the_Queenes_Majestie_written_to_the_Emperour_of_Russia_requesting_licence_and_safe-co_pp.001-005.txt	0.1289940828402367	0.25207100591715975	0.01775147928994083	0.13372781065088757	0.46745562130177515
113	file:/C:/Users/apovzner/Documents/Hakluyt/Cambridge_MacLehose_FineReader_OCR/03_02_NNE-_1561_The_Queenes_Majesties_letters_to_the_great_Sophie_of_Persia_pp.006-008.txt	0.1724770642201835	0.13394495412844037	0.03853211009174312	0.1963302752293578	0.45871559633027525
114	file:/C:/Users/apovzner/Documents/Hakluyt/Cambridge_MacLehose_FineReader_OCR/03_03_NNE-_1561_Instructions_given_by_the_Governours_and_Assistants_of_the_Moscovie_Company_pp.009-014.txt	0.233201581027668	0.04084321475625823	0.030303030303030304	0.6666666666666666	0.028985507246376812
115	file:/C:/Users/apovzner/Documents/Hakluyt/Cambridge_MacLehose_FineReader_OCR/03_04_NNE-_1562_The_voyage_of_M_Anthony_Jenkinson_through_Russia_and_over_the_Caspian_sea_into_Persia_Anno_1561_pp.015-038.txt	0.2559002916998144	0.2015380535666932	0.13789445770352693	0.37576239724211086	0.02890479978785468
116	file:/C:/Users/apovzner/Documents/Hakluyt/Cambridge_MacLehose_FineReader_OCR/03_05_NNE-_1563_The_privileges_given_by_Obdoloucan_K_of_Hircania_to_the_Company_of_English_merchants_trading_in_Russ_pp.039-040.txt	0.3	0.027586206896551724	0.03103448275862069	0.6206896551724138	0.020689655172413793
117	file:/C:/Users/apovzner/Documents/Hakluyt/Cambridge_MacLehose_FineReader_OCR/03_06_NNE-_1563_The_voyage_of_Thomas_Alcock_George_Wrenne_and_Richard_Cheyney_servants_unto_the_Company_of_Moscovy_M_pp.040-044.txt	0.28304405874499333	0.056074766355140186	0.10146862483311081	0.5500667556742324	0.009345794392523364
118	file:/C:/Users/apovzner/Documents/Hakluyt/Cambridge_MacLehose_FineReader_OCR/03_07_NNE-_1566_The_voyage_of_Richard_Johnson_Alexander_Kitchin_and_Arthur_Edwards_servants_to_the_foresaid_company__pp.044-053.txt	0.16285329744279947	0.12113055181695828	0.1648721399730821	0.5336473755047106	0.017496635262449527
119	file:/C:/Users/apovzner/Documents/Hakluyt/Cambridge_MacLehose_FineReader_OCR/03_08_NNE-_1566_Certaine_letters_of_Arthur_Edwards_written_out_of_Russia_Media_and_Persia_to_the_Company_of_the_Mosc_pp.054-067.txt	0.1761927255550307	0.2035899858290033	0.08644307982994803	0.5063769485120454	0.0273972602739726
120	file:/C:/Users/apovzner/Documents/Hakluyt/Cambridge_MacLehose_FineReader_OCR/03_09_NNE-_1567_The_distance_of_divers_places_in_Russia_pp.068-070.txt	0.12053571428571429	0.21875	0.25892857142857145	0.375	0.026785714285714284
121	file:/C:/Users/apovzner/Documents/Hakluyt/Cambridge_MacLehose_FineReader_OCR/03_10_NNE-_1567_The_way_and_distances_from_S_Nicolas_in_Russia_to_the_Caspian_sea_pp.070-072.txt	0.11578947368421053	0.1631578947368421	0.3684210526315789	0.3447368421052632	0.007894736842105263
122	file:/C:/Users/apovzner/Documents/Hakluyt/Cambridge_MacLehose_FineReader_OCR/03_11_NNE-_1566_The_voyage_of_Thomas_Southam_and_John_Sparke_by_land_and_river_from_Colmogro_to_Novogrod_in_Russia_A_pp.073-083.txt	0.051297898640296664	0.3009888751545117	0.48763906056860323	0.15389369592089	0.006180469715698393
123	file:/C:/Users/apovzner/Documents/Hakluyt/Cambridge_MacLehose_FineReader_OCR/03_12_NNE-_1566_An_Acte_for_the_corporation_of_merchants_Adventurers_for_the_discovering_of_newe_trades_made_in_the__pp.083-091.txt	0.3417910447761194	0.08134328358208955	0.023880597014925373	0.5044776119402985	0.048507462686567165
124	file:/C:/Users/apovzner/Documents/Hakluyt/Cambridge_MacLehose_FineReader_OCR/03_13_NNE-_1566_The_voyage_of_M_Anthony_Jenkinson_into_Russia_the_third_time_Anno_1566_pp.092-092.txt	0.375	0.0625	0.0859375	0.4140625	0.0625
125	file:/C:/Users/apovzner/Documents/Hakluyt/Cambridge_MacLehose_FineReader_OCR/03_14_NNE-_1567_The_privileges_granted_by_the_Emperour_of_Russia_to_the_English_merchants_pp.092-097.txt	0.25783132530120484	0.10843373493975904	0.04939759036144578	0.5650602409638554	0.01927710843373494
126	file:/C:/Users/apovzner/Documents/Hakluyt/Cambridge_MacLehose_FineReader_OCR/03_15_NNE-_1567_A_letter_of_M_Henry_Lane_to_M_Richard_Hakluyt_concerning_the_first_Ambassage_from_the_Russian_Empero_pp.098-100.txt	0.35964912280701755	0.13815789473684212	0.08114035087719298	0.3399122807017544	0.08114035087719298
127	file:/C:/Users/apovzner/Documents/Hakluyt/Cambridge_MacLehose_FineReader_OCR/03_16_NNE-_1568_A_letter_of_her_Majestie_sent_by_Stephen_Twerdico_and_Pheodata_Pogorella_Messengers_of_the_Emperour__pp.101-101.txt	0.09032258064516129	0.25161290322580643	0.012903225806451613	0.04516129032258064	0.6
128	file:/C:/Users/apovzner/Documents/Hakluyt/Cambridge_MacLehose_FineReader_OCR/03_17_NNE-_1569_The_Ambassage_of_M_Thomas_Randolfe_Esquier_from_the_Queenes_Majestie_to_the_Emperour_of_Russia_pp.102-108.txt	0.2346014492753623	0.19746376811594202	0.18840579710144928	0.35507246376811596	0.024456521739130436
129	file:/C:/Users/apovzner/Documents/Hakluyt/Cambridge_MacLehose_FineReader_OCR/03_18_NNE-_1569_The_privileges_graunted_to_the_English_merchants_at_M_Randolfe_his_sute_pp.108-119.txt	0.29953379953379955	0.08566433566433566	0.04195804195804196	0.5308857808857809	0.04195804195804196
130	file:/C:/Users/apovzner/Documents/Hakluyt/Cambridge_MacLehose_FineReader_OCR/03_19_NNE-_1588_A_Commission_granted_by_M_Randolfe_for_a_discovery_to_the_Northeast_by_sea_pp.119-122.txt	0.14862385321100918	0.14678899082568808	0.4	0.27339449541284405	0.031192660550458717
131	file:/C:/Users/apovzner/Documents/Hakluyt/Cambridge_MacLehose_FineReader_OCR/03_20_NNE-_1588_Instructions_given_to_the_discoverers_for_that_action_pp.122-124.txt	0.12878787878787878	0.16414141414141414	0.26515151515151514	0.3787878787878788	0.06313131313131314
132	file:/C:/Users/apovzner/Documents/Hakluyt/Cambridge_MacLehose_FineReader_OCR/03_21_NNE-_1568_Certaine_letters_in_verse_written_out_of_Moscovia_by_M_George_Turbervile_Secretary_to_M_Randolfe_tou_pp.124-135.txt	0.25925925925925924	0.20713305898491083	0.15706447187928668	0.252400548696845	0.12414266117969822
133	file:/C:/Users/apovzner/Documents/Hakluyt/Cambridge_MacLehose_FineReader_OCR/03_22_NNE-_1568_The_voyage_of_Arthur_Edwards_Agent_for_the_Moscovy_company_John_Sparke_Laurence_Chapman_Christopher__pp.136-142.txt	0.17159763313609466	0.22583826429980275	0.14497041420118342	0.4270216962524655	0.03057199211045365
134	file:/C:/Users/apovzner/Documents/Hakluyt/Cambridge_MacLehose_FineReader_OCR/03_23_NNE-_1568_Notes_concerning_the_fourth_English_voyage_into_Persia_pp.143-149.txt	0.28793774319066145	0.16536964980544747	0.08073929961089495	0.4348249027237354	0.0311284046692607
135	file:/C:/Users/apovzner/Documents/Hakluyt/Cambridge_MacLehose_FineReader_OCR/03_24_NNE-_1572_The_voyage_of_Thomas_Banister_and_Geffrey_Ducket_Agents_for_the_Moscovy_Company_into_Persia_the_fift_pp.150-157.txt	0.19572649572649573	0.14615384615384616	0.294017094017094	0.3418803418803419	0.022222222222222223
