0	file:/C:/Users/apovzner/Documents/Hakluyt/morphad_lem/01_01_NNE-_0517_The_voyage_of_Arthur_K_of_Britaine_to_Island_and_the_most_Northeastern_parts_of_Europe_Anno_517_pp.003-004.txt	0.02029520295202952	0.08302583025830258	0.005535055350553505	0.533210332103321	0.11254612546125461	0.13468634686346864	0.06826568265682657	0.0018450184501845018	0.0018450184501845018	0.03874538745387454
1	file:/C:/Users/apovzner/Documents/Hakluyt/morphad_lem/01_02_NNE-_0517_Two_testimonies_of_Galfridus_Monumetensis_in_his_history_of_the_Kings_of_Brittaine_concerning_the_co_pp.004-004.txt	0.04838709677419355	0.016129032258064516	0.016129032258064516	0.5580645161290323	0.11290322580645161	0.16451612903225807	0.035483870967741936	0.02258064516129032	0.0032258064516129032	0.02258064516129032
2	file:/C:/Users/apovzner/Documents/Hakluyt/morphad_lem/01_03_NNE-_0580_A_testimony_of_M_Lambard_in_his_touching_the_right_and_appendances_of_the_Crowne_of_the_kingdome_of__pp.005-007.txt	0.06759259259259259	0.09722222222222222	0.008333333333333333	0.4583333333333333	0.2490740740740741	0.08611111111111111	0.002777777777777778	0.028703703703703703	9.25925925925926E-4	9.25925925925926E-4
3	file:/C:/Users/apovzner/Documents/Hakluyt/morphad_lem/01_04_NNE-_0580_The_voyage_of_Malgo_king_of_Britaine_to_Island_Gotland_Orkney_Denmark_and_Norway_Anno_580_pp.007-008.txt	0.17128027681660898	0.15051903114186851	0.00865051903114187	0.43771626297577854	0.029411764705882353	0.17474048442906576	0.012110726643598616	0.00865051903114187	0.0017301038062283738	0.005190311418685121
4	file:/C:/Users/apovzner/Documents/Hakluyt/morphad_lem/01_05_NNE-_0624_The_conquest_of_the_Isles_of_Anglesey_and_Man_by_Edwin_the_Saxon_king_of_Northumberland_Anno_624_pp.008-010.txt	0.059684684684684686	0.2376126126126126	0.01463963963963964	0.5867117117117117	0.05518018018018018	0.012387387387387387	0.021396396396396396	0.0011261261261261261	0.0033783783783783786	0.007882882882882882
5	file:/C:/Users/apovzner/Documents/Hakluyt/morphad_lem/01_06_NNE-_0624_The_voyage_of_Bertus_into_Ireland_Anno_684_pp.010-010.txt	0.003355704697986577	0.21140939597315436	0.003355704697986577	0.62751677852349	0.02348993288590604	0.05704697986577181	0.030201342281879196	0.003355704697986577	0.003355704697986577	0.03691275167785235
6	file:/C:/Users/apovzner/Documents/Hakluyt/morphad_lem/01_07_NNE-_0890_The_voyage_of_Octher_to_the_North_parts_beyond_Norway_about_the_yeere_890_pp.011-014.txt	0.3949640287769784	0.17194244604316547	0.3834532374100719	7.194244604316547E-4	7.194244604316547E-4	0.0035971223021582736	0.016546762589928057	7.194244604316547E-4	0.026618705035971222	7.194244604316547E-4
7	file:/C:/Users/apovzner/Documents/Hakluyt/morphad_lem/01_08_NNE-_0890_The_second_voyage_of_Octher_into_the_Sound_of_Denmarke_pp.014-015.txt	0.20030581039755352	0.10550458715596331	0.3837920489296636	0.0015290519877675841	0.0015290519877675841	0.019877675840978593	0.0015290519877675841	0.0045871559633027525	0.25840978593272174	0.022935779816513763
8	file:/C:/Users/apovzner/Documents/Hakluyt/morphad_lem/01_09_NNE-_0890_Wolstans_Navigation_into_the_East_sea_or_the_Sound_of_Denmarke_pp.015-016.txt	0.050522648083623695	0.343205574912892	0.16550522648083624	0.050522648083623695	0.012195121951219513	0.09930313588850175	0.005226480836236934	0.02264808362369338	0.24912891986062718	0.0017421602787456446
9	file:/C:/Users/apovzner/Documents/Hakluyt/morphad_lem/01_10_NNE-_0973_The_voyage_of_King_Edgar_with_4000_shippes_round_about_his_large_Monarchie_Anno_973_pp.016-023.txt	0.02819548872180451	0.487593984962406	3.7593984962406017E-4	0.25	0.08082706766917293	0.10864661654135338	0.010150375939849625	0.015413533834586466	3.7593984962406017E-4	0.018421052631578946
10	file:/C:/Users/apovzner/Documents/Hakluyt/morphad_lem/01_11_NNE-_0973_The_voyage_of_Edmund_and_Edward_the_sonnes_of_King_Edmund_Ironside_into_Hungary_Anno_1017_pp.024-025.txt	0.06944444444444445	0.08796296296296297	0.013888888888888888	0.22993827160493827	0.12808641975308643	0.41512345679012347	0.0015432098765432098	0.0015432098765432098	0.0015432098765432098	0.05092592592592592
11	file:/C:/Users/apovzner/Documents/Hakluyt/morphad_lem/01_12_NNE-_1249_A_Chronicle_of_the_Kings_of_Man_taken_out_of_M_Camdens_Chorographie_pp.025-041.txt	0.20513300861745973	0.13994005245410265	0.05226676657924316	0.013300861745972274	5.620082427875609E-4	0.49587860621955787	5.620082427875609E-4	1.8733608092918696E-4	5.620082427875609E-4	0.09160734357437242
12	file:/C:/Users/apovzner/Documents/Hakluyt/morphad_lem/01_13_NNE-_1067_The_mariage_of_the_daughter_of_Harald_unto_Jeruslaus_duke_of_Russia_in_his_owne_Countrey_Anno_1067_pp.042-042.txt	0.08503401360544217	0.1054421768707483	0.003401360544217687	0.19387755102040816	0.18027210884353742	0.3979591836734694	0.003401360544217687	0.023809523809523808	0.003401360544217687	0.003401360544217687
13	file:/C:/Users/apovzner/Documents/Hakluyt/morphad_lem/01_14_NNE-_1278_The_ancient_state_of_the_shipping_of_the_Cinque_Ports_pp.042-050.txt	0.09504437869822485	0.2429733727810651	0.005547337278106509	0.032914201183431954	0.015162721893491124	0.46486686390532544	0.03217455621301775	0.011464497041420118	3.698224852071006E-4	0.09948224852071005
14	file:/C:/Users/apovzner/Documents/Hakluyt/morphad_lem/01_15_NNE-_1243_The_voyage_of_a_certaine_Englishman_into_Tartaria_and_from_thence_into_Poland_and_Hungary_Anno_1243_pp.050-054.txt	0.26443569553805774	0.4809711286089239	0.0032808398950131233	0.004593175853018373	6.561679790026247E-4	0.1646981627296588	0.0531496062992126	0.001968503937007874	0.007217847769028871	0.019028871391076115
15	file:/C:/Users/apovzner/Documents/Hakluyt/morphad_lem/01_16_NNE-_1246_Libellus_historicus_Johannis_de_Plano_Carpini_pp.055-094.txt	0.002074026802807913	0.0011167836630504148	5.318017443097213E-5	0.04940438204637311	0.9455966815571155	5.318017443097213E-5	5.318017443097213E-5	0.0010104233141884705	4.786215698787492E-4	1.595405232929164E-4
16	file:/C:/Users/apovzner/Documents/Hakluyt/morphad_lem/01_17_NNE-_1246_The_long_and_wonderfull_voyage_of_Frier_John_de_Plano_Carpini_Anno_1246_pp.094-179.txt	0.1746769230769231	0.07670769230769231	9.538461538461539E-4	0.051046153846153845	0.6242153846153846	0.022	0.004215384615384616	0.027230769230769232	9.23076923076923E-5	0.01886153846153846
17	file:/C:/Users/apovzner/Documents/Hakluyt/morphad_lem/01_18_NNE-_1253_The_journall_of_Frier_William_de_Rubricis_Anno_1253_pp.179-293.txt	0.23126698291346198	0.06652696541242574	0.0029705706258923224	0.033321051904389075	0.6028876709805185	0.022267765854557177	0.013977801317183255	0.025906139179293512	1.151383963524156E-4	7.59913415925943E-4
18	file:/C:/Users/apovzner/Documents/Hakluyt/morphad_lem/01_19_NNE-_1278_Part_of_the_great_Charter_graunted_by_King_Edward_the_first_to_the_Barons_of_the_Cinque_Ports_pp.293-296.txt	0.02509293680297398	0.11245353159851301	0.004646840148698885	0.012081784386617101	9.293680297397769E-4	0.6923791821561338	0.08643122676579926	0.013940520446096654	0.0027881040892193307	0.04925650557620818
19	file:/C:/Users/apovzner/Documents/Hakluyt/morphad_lem/01_20_NNE-_1345_The_rolle_of_the_huge_Fleete_of_Edward_the_thirde_before_Caleis_pp.297-299.txt	0.006527415143603133	0.009138381201044387	0.022193211488250653	0.006527415143603133	0.0013054830287206266	0.3537859007832898	0.0039164490861618795	0.0013054830287206266	0.006527415143603133	0.5887728459530026
20	file:/C:/Users/apovzner/Documents/Hakluyt/morphad_lem/01_21_NNE-_1345_The_summe_of_expences_layde_out_in_the_siege_of_Caleis_pp.299-300.txt	0.0017793594306049821	0.0017793594306049821	0.0017793594306049821	0.33629893238434166	0.05516014234875445	0.33274021352313166	0.012455516014234875	0.0017793594306049821	0.0017793594306049821	0.25444839857651247
21	file:/C:/Users/apovzner/Documents/Hakluyt/morphad_lem/01_22_NNE-_1360_A_note_of_Thomas_Walsingham_touching_King_Edward_the_thirde_his_huge_Fleete_of_1100_ships_wherewith__pp.300-301.txt	0.0014749262536873156	0.04277286135693215	0.0014749262536873156	0.5117994100294986	0.10766961651917405	0.1902654867256637	0.007374631268436578	0.016224188790560472	0.0014749262536873156	0.11946902654867257
22	file:/C:/Users/apovzner/Documents/Hakluyt/morphad_lem/01_23_NNE-_1360_The_voyage_of_Nicolaus_de_Linna_a_Franciscan_Frier_and_an_excellent_Mathematician_of_Oxford_to_all_t_pp.301-303.txt	0.05301455301455302	0.20686070686070687	0.061330561330561334	0.3503118503118503	0.13201663201663202	0.13825363825363826	0.0010395010395010396	0.0010395010395010396	0.0010395010395010396	0.0550935550935551
23	file:/C:/Users/apovzner/Documents/Hakluyt/morphad_lem/01_24_NNE-_1360_A_Testimonie_of_the_learned_Mathematician_Master_John_Dee_touching_the_foresaid_voyage_of_Nicholas_D_pp.303-304.txt	0.020186335403726708	0.2127329192546584	0.03571428571428571	0.28726708074534163	0.2406832298136646	0.17857142857142858	0.004658385093167702	0.0015527950310559005	0.0015527950310559005	0.017080745341614908
24	file:/C:/Users/apovzner/Documents/Hakluyt/morphad_lem/01_25_NNE-_1390_The_voyage_of_Henry_Earle_of_Derby_afterward_King_of_England_into_Prussia_and_Letto_Anno_1390_pp.304-305.txt	0.012152777777777778	0.109375	0.005208333333333333	0.24479166666666666	0.2621527777777778	0.24131944444444445	0.06076388888888889	0.012152777777777778	0.001736111111111111	0.050347222222222224
25	file:/C:/Users/apovzner/Documents/Hakluyt/morphad_lem/01_26_NNE-_1402_The_voyage_of_Thomas_of_Woodstock_duke_of_Glocester_into_Prussia_Anno_1391_pp.306-307.txt	0.011627906976744186	0.2840531561461794	0.0016611295681063123	0.39368770764119604	0.0946843853820598	0.12790697674418605	0.008305647840531562	0.0016611295681063123	0.0016611295681063123	0.07475083056478406
26	file:/C:/Users/apovzner/Documents/Hakluyt/morphad_lem/01_27_NNE-_1402_Certaine_verses_of_Geffrey_Chaucer_concerning_the_long_Voyages_and_valiant_exploits_of_the_English_k_pp.307-308.txt	0.005597014925373134	0.36380597014925375	0.03171641791044776	0.27052238805970147	0.009328358208955223	0.11380597014925373	0.15111940298507462	0.027985074626865673	0.005597014925373134	0.020522388059701493
27	file:/C:/Users/apovzner/Documents/Hakluyt/morphad_lem/01_28_NNE-_0604_A_testimonie_out_of_Cornelius_Tacitus_proving_London_to_have_bene_a_famous_Mart-towne_in_the_raigne__pp.308-309.txt	0.024074074074074074	0.21666666666666667	0.009259259259259259	0.4425925925925926	0.05	0.08703703703703704	0.14629629629629629	0.020370370370370372	0.001851851851851852	0.001851851851851852
28	file:/C:/Users/apovzner/Documents/Hakluyt/morphad_lem/01_29_NNE-_0604_A_testimony_out_of_venerable_Beda_prooving_London_to_have_bene_a_Citie_of_great_traffique_in_his_tim_pp.309-309.txt	0.0038461538461538464	0.1576923076923077	0.07307692307692308	0.4807692307692308	0.08076923076923077	0.11153846153846154	0.04230769230769231	0.03461538461538462	0.0038461538461538464	0.011538461538461539
29	file:/C:/Users/apovzner/Documents/Hakluyt/morphad_lem/01_30_NNE-_0795_The_league_betweene_Carolus_Magnus_and_Offa_King_of_Mercia_concerning_the_safe_trade_of_English_Merc_pp.310-312.txt	0.036458333333333336	0.221875	0.007291666666666667	0.33645833333333336	0.06770833333333333	0.27395833333333336	0.013541666666666667	0.03229166666666667	0.007291666666666667	0.003125
30	file:/C:/Users/apovzner/Documents/Hakluyt/morphad_lem/01_31_NNE-_0795_An_ancient_testimony_translated_out_of_the_olde_Saxon_Lawes_conteyning_the_advancement_of_Merchants__pp.312-312.txt	0.056818181818181816	0.4356060606060606	0.003787878787878788	0.041666666666666664	0.003787878787878788	0.4053030303030303	0.011363636363636364	0.011363636363636364	0.003787878787878788	0.026515151515151516
31	file:/C:/Users/apovzner/Documents/Hakluyt/morphad_lem/01_32_NNE-_1027_A_testimony_of_certaine_Privileges_obteined_for_the_English_and_Danish_Merchants_by_Canutus_the_King_pp.313-314.txt	0.0078125	0.0671875	0.0046875	0.3140625	0.3078125	0.2140625	0.0109375	0.0578125	0.0046875	0.0109375
32	file:/C:/Users/apovzner/Documents/Hakluyt/morphad_lem/01_33_NNE-_1140_The_flourishing_state_of_Merchandise_in_the_City_of_London_in_the_dayes_of_Wilhelmus_Malmesburiensis_pp.314-315.txt	0.06724137931034482	0.18448275862068966	0.015517241379310345	0.2982758620689655	0.10862068965517241	0.23275862068965517	0.022413793103448276	0.06379310344827586	0.0017241379310344827	0.005172413793103448
33	file:/C:/Users/apovzner/Documents/Hakluyt/morphad_lem/01_34_NNE-_1140_A_testimony_of_the_said_Wil_of_Malmesbury_concerning_traffique_to_Bristow_in_his_time_pp.315-315.txt	0.11151079136690648	0.1906474820143885	0.01079136690647482	0.3057553956834532	0.01079136690647482	0.19784172661870503	0.017985611510791366	0.11151079136690648	0.039568345323741004	0.0035971223021582736
34	file:/C:/Users/apovzner/Documents/Hakluyt/morphad_lem/01_35_NNE-_1157_The_league_betweene_Henry_the_second_and_Frederick_Barbarossa_Emperour_of_Germany_partly_touching_tr_pp.316-318.txt	0.0010309278350515464	0.19072164948453607	0.005154639175257732	0.40103092783505156	0.15360824742268042	0.17216494845360825	0.0010309278350515464	0.05670103092783505	0.0010309278350515464	0.01752577319587629
35	file:/C:/Users/apovzner/Documents/Hakluyt/morphad_lem/01_36_NNE-_1199_A_generall_safe_conduct_granted_by_King_John_to_all_forreine_Merchants_pp.319-320.txt	0.0014749262536873156	0.0014749262536873156	0.01032448377581121	0.6268436578171092	0.10176991150442478	0.21091445427728614	0.01032448377581121	0.030973451327433628	0.0014749262536873156	0.004424778761061947
36	file:/C:/Users/apovzner/Documents/Hakluyt/morphad_lem/01_37_NNE-_1229_The_letters_of_King_Henry_the_third_unto_Haquinus_king_of_Norwey_pp.320-322.txt	0.0031779661016949155	0.03283898305084746	0.005296610169491525	0.5773305084745762	0.037076271186440676	0.3061440677966102	0.0031779661016949155	0.005296610169491525	0.005296610169491525	0.024364406779661018
37	file:/C:/Users/apovzner/Documents/Hakluyt/morphad_lem/01_38_NNE-_1229_A_mandate_for_the_king_of_Norway_his_ship_called_The_Cog_pp.322-323.txt	0.0045045045045045045	0.0015015015015015015	0.0045045045045045045	0.5900900900900901	0.06456456456456457	0.2927927927927928	0.025525525525525526	0.0015015015015015015	0.0015015015015015015	0.013513513513513514
38	file:/C:/Users/apovzner/Documents/Hakluyt/morphad_lem/01_39_NNE-_1236_A_Charter_granted_for_the_behalfe_of_the_Merchants_of_Colen_in_the_20_yeere_of_Henry_the_thirde_pp.323-324.txt	0.003989361702127659	0.0013297872340425532	0.0013297872340425532	0.6981382978723404	0.08111702127659574	0.20611702127659576	0.0013297872340425532	0.003989361702127659	0.0013297872340425532	0.0013297872340425532
39	file:/C:/Users/apovzner/Documents/Hakluyt/morphad_lem/01_40_NNE-_1257_The_Charter_of_Lubeck_granted_for_seven_yeeres_in_the_time_of_Henry_the_third_pp.324-325.txt	0.007331378299120235	0.007331378299120235	0.001466275659824047	0.5586510263929618	0.03372434017595308	0.3093841642228739	0.001466275659824047	0.007331378299120235	0.001466275659824047	0.0718475073313783
40	file:/C:/Users/apovzner/Documents/Hakluyt/morphad_lem/01_41_NNE-_1260_A_Charter_of_the_Merchants_of_Almaine_or_the_Stilyard-merchants_pp.326-327.txt	0.0017857142857142857	0.005357142857142857	0.005357142857142857	0.6160714285714286	0.09107142857142857	0.21964285714285714	0.0375	0.019642857142857142	0.0017857142857142857	0.0017857142857142857
41	file:/C:/Users/apovzner/Documents/Hakluyt/morphad_lem/01_42_NNE-_1303_A_mandate_of_King_Edward_the_first_concerning_outlandish_Merchants_pp.327-327.txt	0.02413793103448276	0.017241379310344827	0.0034482758620689655	0.7068965517241379	0.02413793103448276	0.20344827586206896	0.010344827586206896	0.0034482758620689655	0.0034482758620689655	0.0034482758620689655
42	file:/C:/Users/apovzner/Documents/Hakluyt/morphad_lem/01_43_NNE-_1303_King_Edw_the_first_his_great_Charter_granted_to_forreine_Merchants_Anno_Dom_1303_pp.327-339.txt	0.01654490760636012	0.019982810485603783	6.446067898581865E-4	0.4647614954877525	0.16523420713364848	0.24473571121615814	0.057799742157284055	0.029007305543618394	6.446067898581865E-4	6.446067898581865E-4
43	file:/C:/Users/apovzner/Documents/Hakluyt/morphad_lem/01_44_NNE-_1313_The_letters_of_Edward_the_second_unto_Haquinus_King_of_Norway_concerning_certain_English_Merchants_a_pp.339-343.txt	0.0017201834862385322	0.053325688073394495	5.733944954128441E-4	0.5200688073394495	0.1301605504587156	0.26548165137614677	0.0017201834862385322	0.0028669724770642203	5.733944954128441E-4	0.023509174311926607
44	file:/C:/Users/apovzner/Documents/Hakluyt/morphad_lem/01_45_NNE-_1313_Another_letter_of_Edw_the_second_unto_the_said_Haquinus_for_the_merchants_aforesaid_pp.343-344.txt	0.0013966480446927375	0.034916201117318434	0.0013966480446927375	0.5460893854748603	0.05446927374301676	0.34497206703910616	0.0013966480446927375	0.004189944134078212	0.0013966480446927375	0.009776536312849162
45	file:/C:/Users/apovzner/Documents/Hakluyt/morphad_lem/01_46_NNE-_1313_A_third_letter_of_King_Edward_the_second_to_the_said_Haquinus_in_the_behalfe_of_our_English_merchant_pp.344-349.txt	4.935834155972359E-4	0.1031589338598223	0.004442250740375123	0.41016781836130306	0.12191510365251727	0.3390918065153011	0.0014807502467917078	0.010365251727541954	4.935834155972359E-4	0.00839091806515301
46	file:/C:/Users/apovzner/Documents/Hakluyt/morphad_lem/01_47_NNE-_1320_An_Ordinance_for_the_Staple_to_be_holden_at_one_certaine_place_pp.350-355.txt	0.0016042780748663102	0.02727272727272727	5.347593582887701E-4	0.43155080213903746	0.1588235294117647	0.3598930481283422	0.0058823529411764705	0.0058823529411764705	0.0037433155080213902	0.004812834224598931
47	file:/C:/Users/apovzner/Documents/Hakluyt/morphad_lem/02_01_NNE-_1262_A_Catalogue_of_the_great_Masters_of_Prussia_pp.001-011.txt	0.11863905325443787	0.25355029585798816	2.958579881656805E-4	0.0038461538461538464	8.875739644970414E-4	0.41745562130177516	0.05650887573964497	0.014497041420118343	8.875739644970414E-4	0.1334319526627219
48	file:/C:/Users/apovzner/Documents/Hakluyt/morphad_lem/02_02_NNE-_1388_The_Oration_or_speach_of_the_Ambassadours_sent_from_Conradus_de_Zolner_Master_generall_of_the_land_o_pp.012-018.txt	0.0435	0.2355	5.0E-4	5.0E-4	5.0E-4	0.6565	5.0E-4	0.0125	5.0E-4	0.0495
49	file:/C:/Users/apovzner/Documents/Hakluyt/morphad_lem/02_03_NNE-_1390_An_agreement_made_by_the_Ambassadours_of_England_and_Prussia_confirmed_by_king_Richard_the_second_pp.018-024.txt	0.00615530303030303	0.15577651515151514	0.00615530303030303	0.0014204545454545455	0.0014204545454545455	0.8233901515151515	4.734848484848485E-4	4.734848484848485E-4	4.734848484848485E-4	0.004261363636363636
50	file:/C:/Users/apovzner/Documents/Hakluyt/morphad_lem/02_04_NNE-_1398_The_letters_of_Conradus_de_Jungingen_Master_generall_of_Prussia_unto_Rich_the_second_pp.025-027.txt	0.0011494252873563218	0.1781609195402299	0.005747126436781609	0.0011494252873563218	0.0011494252873563218	0.8080459770114943	0.0011494252873563218	0.0011494252873563218	0.0011494252873563218	0.0011494252873563218
51	file:/C:/Users/apovzner/Documents/Hakluyt/morphad_lem/02_05_NNE-_1407_A_briefe_relation_of_William_Esturmy_and_John_Kington_concerning_their_Ambassages_into_Prussia_and_t_pp.027-033.txt	4.970178926441351E-4	0.07306163021868788	4.970178926441351E-4	4.970178926441351E-4	4.970178926441351E-4	0.8841948310139165	0.0014910536779324055	4.970178926441351E-4	4.970178926441351E-4	0.03827037773359841
52	file:/C:/Users/apovzner/Documents/Hakluyt/morphad_lem/02_06_NNE-_1407_Certaine_Articles_of_complaint_exhibited_by_the_Livonians_pp.033-034.txt	0.0016556291390728477	0.11754966887417219	0.0016556291390728477	0.0016556291390728477	0.0016556291390728477	0.8493377483443708	0.018211920529801324	0.0016556291390728477	0.0016556291390728477	0.004966887417218543
53	file:/C:/Users/apovzner/Documents/Hakluyt/morphad_lem/02_07_NNE-_1407_Other_complaints_exhibited_by_the_Cities_of_the_Hans_pp.034-036.txt	0.0012106537530266344	0.07384987893462469	0.006053268765133172	0.0012106537530266344	0.0012106537530266344	0.9067796610169492	0.0012106537530266344	0.006053268765133172	0.0012106537530266344	0.0012106537530266344
54	file:/C:/Users/apovzner/Documents/Hakluyt/morphad_lem/02_08_NNE-_1403_Compositions_and_Ordinances_concluded_betweene_the_Ambassadours_of_Prussia_and_the_Chanceller_and_Tr_pp.036-038.txt	0.010250569476082005	0.023917995444191344	0.0011389521640091116	0.0011389521640091116	0.0011389521640091116	0.9510250569476082	0.003416856492027335	0.0011389521640091116	0.0011389521640091116	0.0056947608200455585
55	file:/C:/Users/apovzner/Documents/Hakluyt/morphad_lem/02_09_NNE-_1403_The_letters_of_the_Chanceller_and_Treasurer_of_England_unto_Conradus_de_Jungingen_master_generall_of_pp.038-041.txt	0.03355155482815057	0.1988543371522095	0.0024549918166939444	8.183306055646482E-4	8.183306055646482E-4	0.7569558101472995	8.183306055646482E-4	0.004091653027823241	8.183306055646482E-4	8.183306055646482E-4
56	file:/C:/Users/apovzner/Documents/Hakluyt/morphad_lem/02_10_NNE-_1404_The_letters_of_king_Henry_the_fourth_unto_Conradus_de_Jungingen_the_master_generall_of_Prussia_for_e_pp.041-043.txt	0.01282051282051282	0.23193473193473194	0.01282051282051282	0.0011655011655011655	0.0011655011655011655	0.6934731934731935	0.015151515151515152	0.024475524475524476	0.0011655011655011655	0.005827505827505828
57	file:/C:/Users/apovzner/Documents/Hakluyt/morphad_lem/02_11_NNE-_1404_The_letters_of_Conradus_de_Jungingen_unto_king_Henry_the_fourth_pp.044-046.txt	0.010817307692307692	0.3786057692307692	0.001201923076923077	0.006009615384615385	0.001201923076923077	0.5757211538461539	0.001201923076923077	0.001201923076923077	0.003605769230769231	0.020432692307692308
58	file:/C:/Users/apovzner/Documents/Hakluyt/morphad_lem/02_12_NNE-_1405_An_agreement_made_betweene_king_Henry_the_fourth_and_Conradus_de_Jungingen_pp.047-055.txt	3.861003861003861E-4	0.0806949806949807	0.002702702702702703	0.0011583011583011582	3.861003861003861E-4	0.9084942084942085	0.0011583011583011582	3.861003861003861E-4	3.861003861003861E-4	0.0042471042471042475
59	file:/C:/Users/apovzner/Documents/Hakluyt/morphad_lem/02_13_NNE-_1405_An_agreement_betweene_king_Henry_the_fourth_and_the_Hans-townes_pp.055-067.txt	0.04828073480923222	0.02190296749882242	7.06547338671691E-4	0.002119642016015073	2.3551577955723034E-4	0.8386716910032972	0.030852567121997174	0.002119642016015073	2.3551577955723034E-4	0.054875176636834666
60	file:/C:/Users/apovzner/Documents/Hakluyt/morphad_lem/02_14_NNE-_1405_A_testimonie_out_of_Albertus_Krantzius_concerning_the_surprise_of_Bergen_in_Norway_wherein_21_houses_pp.068-071.txt	0.08133561643835617	0.1172945205479452	8.561643835616438E-4	0.01797945205479452	8.561643835616438E-4	0.574486301369863	0.07277397260273973	0.021404109589041095	8.561643835616438E-4	0.11215753424657535
61	file:/C:/Users/apovzner/Documents/Hakluyt/morphad_lem/02_15_NNE-_1407_The_grievances_and_offences_whereat_the_merchants_of_the_Hans_found_themselves_agrieved_pp.072-083.txt	0.01759776536312849	0.10083798882681565	2.7932960893854746E-4	2.7932960893854746E-4	2.7932960893854746E-4	0.8053072625698324	0.06005586592178771	0.0025139664804469273	0.0019553072625698325	0.010893854748603353
62	file:/C:/Users/apovzner/Documents/Hakluyt/morphad_lem/02_16_NNE-_1407_A_letter_of_Henry_the_fourth_king_of_England_unto_Conradus_de_Jungingen_Master_generall_of_Prussia_pp.083-085.txt	0.001152073732718894	0.18317972350230416	0.001152073732718894	0.001152073732718894	0.001152073732718894	0.7200460829493087	0.010368663594470046	0.021889400921658985	0.001152073732718894	0.0587557603686636
63	file:/C:/Users/apovzner/Documents/Hakluyt/morphad_lem/02_17_NNE-_1408_A_letter_of_Werneherus_de_Tettingen_commander_in_Elbing_unto_sir_William_Sturmy_Ambassadour_unto_kin_pp.085-090.txt	0.0030084235860409147	0.16064981949458484	0.005415162454873646	0.0018050541516245488	6.016847172081829E-4	0.8152827918170878	6.016847172081829E-4	0.006618531889290012	6.016847172081829E-4	0.005415162454873646
64	file:/C:/Users/apovzner/Documents/Hakluyt/morphad_lem/02_18_NNE-_1408_The_letters_of_Ulricus_de_Jungingen_master_generall_of_Prussia_signifying_unto_king_Henry_the_4_that_pp.091-095.txt	0.0048543689320388345	0.180998613037448	0.013176144244105409	6.934812760055479E-4	6.934812760055479E-4	0.7954230235783634	6.934812760055479E-4	6.934812760055479E-4	0.0020804438280166435	6.934812760055479E-4
65	file:/C:/Users/apovzner/Documents/Hakluyt/morphad_lem/02_19_NNE-_1408_The_letters_of_king_Henry_the_fourth_unto_Ulricus_de_Jungingen_wherein_he_doth_absolutely_approve_th_pp.095-098.txt	0.002702702702702703	0.16486486486486487	0.013513513513513514	9.009009009009009E-4	9.009009009009009E-4	0.80990990990991	0.002702702702702703	0.002702702702702703	9.009009009009009E-4	9.009009009009009E-4
66	file:/C:/Users/apovzner/Documents/Hakluyt/morphad_lem/02_20_NNE-_1409_A_new_concord_betweene_king_Henry_the_fourth_and_Ulricus_de_Jungingen_pp.098-106.txt	0.022935779816513763	0.02364149611856034	3.5285815102328866E-4	0.04199011997177135	0.0067043048694424845	0.8817925194071983	0.0038814396612561752	3.5285815102328866E-4	3.5285815102328866E-4	0.01799576570218772
67	file:/C:/Users/apovzner/Documents/Hakluyt/morphad_lem/02_21_NNE-_1404_A_Charter_of_king_Henry_the_fourth_graunted_in_the_fifth_yeere_of_his_raigne_unto_the_English_mercha_pp.106-110.txt	0.015919811320754717	0.04540094339622641	5.896226415094339E-4	0.3555424528301887	0.08195754716981132	0.49233490566037735	5.896226415094339E-4	0.001768867924528302	0.00294811320754717	0.00294811320754717
68	file:/C:/Users/apovzner/Documents/Hakluyt/morphad_lem/02_22_NNE-_1430_A_note_touching_the_mighty_ships_of_king_Henry_the_fift_taken_out_of_a_Chronicle_in_the_Trinitie_Chu_pp.111-111.txt	0.014450867052023121	0.02601156069364162	0.002890173410404624	0.3670520231213873	0.18786127167630057	0.36127167630057805	0.002890173410404624	0.008670520231213872	0.002890173410404624	0.02601156069364162
69	file:/C:/Users/apovzner/Documents/Hakluyt/morphad_lem/02_23_NNE-_1430_A_branch_of_a_Statute_made_in_the_eight_yeere_of_Henry_the_6_for_the_trade_to_Norway_Sweveland_Denma_pp.111-113.txt	0.0010570824524312897	0.08350951374207188	0.017970401691331923	0.13002114164904863	0.06659619450317125	0.6733615221987315	0.0010570824524312897	0.0010570824524312897	0.007399577167019027	0.017970401691331923
70	file:/C:/Users/apovzner/Documents/Hakluyt/morphad_lem/02_24_NNE-_1432_Another_branch_of_a_Statute_made_in_the_10_yeere_of_king_Henry_the_sixt_concerning_the_state_of_Engl_pp.113-114.txt	0.0046875	0.1359375	0.0859375	0.0203125	0.0734375	0.5984375	0.0078125	0.0171875	0.0109375	0.0453125
71	file:/C:/Users/apovzner/Documents/Hakluyt/morphad_lem/02_25_NNE-_1437_Libellus_de_politia_conservativa_Maris_Or_The_pollicy_of_keeping_the_Sea_pp.114-147.txt	0.16417746540742367	0.29771579178563584	0.012189764990116406	0.03327476389193938	0.023610806061937183	0.2845376674719965	0.06402372062376455	0.03920491983307709	9.88359323522952E-4	0.08027674061058643
72	file:/C:/Users/apovzner/Documents/Hakluyt/morphad_lem/02_26_NNE-_1462_A_large_Charter_granted_by_king_Edward_the_fourth_in_the_second_yere_of_his_raigne_to_the_English_me_pp.147-158.txt	0.02297220646625071	0.18406125921724334	2.836074872376631E-4	2.836074872376631E-4	2.836074872376631E-4	0.710436755530346	0.012762336925694838	0.06721497447532615	2.836074872376631E-4	0.0014180374361883153
73	file:/C:/Users/apovzner/Documents/Hakluyt/morphad_lem/02_27_NNE-_1527_A_perswasion_of_Robert_Thome_merchant_of_Bristol_and_dwelling_long_in_Sivil_in_Spaine_to_king_Henry__pp.159-163.txt	0.03952843273231623	0.628987517337032	0.13384188626907073	6.934812760055479E-4	0.0020804438280166435	0.1449375866851595	0.013176144244105409	0.0048543689320388345	0.0034674063800277394	0.028432732316227463
74	file:/C:/Users/apovzner/Documents/Hakluyt/morphad_lem/02_28_NNE-_1527_The_discourse_of_the_foresaid_Robert_Thorne_written_to_Doctour_Leigh_the_Kings_Ambassadour_in_Spaine_pp.164-181.txt	0.08029896512073591	0.4137600613261786	0.30835569183595246	0.01475661172863166	0.005940973553085474	0.07531621310847068	0.04963587581448831	0.02625527021847451	0.0013415101571483327	0.024338827136834038
75	file:/C:/Users/apovzner/Documents/Hakluyt/morphad_lem/02_29_NNE-_1580_A_briefe_treatise_of_the_Emperour_of_Moscovia_his_genealogie_pp.182-194.txt	0.15775	0.43775	7.5E-4	0.00475	0.00875	0.10675	0.05825	0.22075	0.00175	0.00275
76	file:/C:/Users/apovzner/Documents/Hakluyt/morphad_lem/02_30_NNE-_1553_The_excellent_orders_and_instructions_of_Sebastian_Cabot_given_to_sir_Hugh_Willoughby_and_his_Fleete_pp.195-205.txt	0.09140127388535031	0.5035031847133759	9.554140127388535E-4	3.184713375796178E-4	3.184713375796178E-4	0.22070063694267517	3.184713375796178E-4	0.05509554140127389	3.184713375796178E-4	0.12707006369426752
77	file:/C:/Users/apovzner/Documents/Hakluyt/morphad_lem/02_31_NNE-_1553_The_names_of_the_twelve_Counsellers_appointed_in_sir_Hugh_Willoughbies_voyage_pp.206-206.txt	0.0036496350364963502	0.0036496350364963502	0.01824817518248175	0.5	0.06934306569343066	0.17883211678832117	0.0036496350364963502	0.09124087591240876	0.0036496350364963502	0.12773722627737227
78	file:/C:/Users/apovzner/Documents/Hakluyt/morphad_lem/02_32_NNE-_1553_The_letters_of_king_Edward_the_sixt_written_at_that_time_to_all_the_Kings_Princes_and_other_Potentat_pp.206-211.txt	0.0015839493136219642	0.1726504751847941	0.004751847940865892	0.3954593453009504	0.1420274551214361	0.1853220696937698	5.279831045406547E-4	0.07022175290390707	0.0015839493136219642	0.02587117212249208
79	file:/C:/Users/apovzner/Documents/Hakluyt/morphad_lem/02_33_NNE-_1553_The_voyage_of_sir_Hugh_Willoughby_knight_wherein_he_unfortunately_perished_at_Arzina_Reca_in_Lapland_pp.212-212.txt	0.0035211267605633804	0.06690140845070422	0.02464788732394366	0.01056338028169014	0.0035211267605633804	0.38380281690140844	0.0035211267605633804	0.1443661971830986	0.0035211267605633804	0.35563380281690143
80	file:/C:/Users/apovzner/Documents/Hakluyt/morphad_lem/02_34_NNE-_1553_The_names_of_the_Ships_Captains_Mariners_and_other_officers_of_that_first_worthy_enterprise_pp.212-214.txt	0.012528473804100227	0.003416856492027335	0.0011389521640091116	0.0011389521640091116	0.0011389521640091116	0.4772209567198178	0.0011389521640091116	0.1947608200455581	0.0011389521640091116	0.30637813211845105
81	file:/C:/Users/apovzner/Documents/Hakluyt/morphad_lem/02_35_NNE-_1553_The_othe_ministred_to_the_Captaine_of_the_Fleete_pp.215-215.txt	0.004132231404958678	0.4090909090909091	0.012396694214876033	0.004132231404958678	0.004132231404958678	0.43388429752066116	0.02066115702479339	0.028925619834710745	0.004132231404958678	0.07851239669421488
82	file:/C:/Users/apovzner/Documents/Hakluyt/morphad_lem/02_36_NNE-_1553_The_othe_ministred_to_the_Masters_of_the_ships_pp.216-224.txt	0.07142857142857142	0.11375661375661375	0.5778533635676493	3.779289493575208E-4	3.779289493575208E-4	0.021541950113378686	3.779289493575208E-4	0.12207105064247921	3.779289493575208E-4	0.09183673469387756
83	file:/C:/Users/apovzner/Documents/Hakluyt/morphad_lem/02_37_NNE-_1553_The_voyage_of_Richard_Chanceller_Pilote_major_the_first_discoverer_by_sea_of_the_kingdome_of_Moscovi_pp.224-238.txt	0.4611672794117647	0.13350183823529413	0.002068014705882353	6.893382352941177E-4	2.2977941176470588E-4	0.05997242647058824	0.026424632352941176	0.26815257352941174	2.2977941176470588E-4	0.047564338235294115
84	file:/C:/Users/apovzner/Documents/Hakluyt/morphad_lem/02_38_NNE-_1553_A_testimonie_of_Richard_Eden_concerning_Clement_Adams_his_discourse_of_Richard_Chancellers_voyage_pp.239-270.txt	0.34085510688836107	0.3244439645864824	1.0796804145972792E-4	1.0796804145972792E-4	1.0796804145972792E-4	0.04091988771323688	0.01867847117253293	0.17112934571366875	3.239041243791838E-4	0.10332541567695962
85	file:/C:/Users/apovzner/Documents/Hakluyt/morphad_lem/02_39_NNE-_1554_The_letters_of_the_Emperour_of_Russia_sent_to_king_Edward_the_sixt_by_Richard_Chanceller_pp.271-272.txt	0.04251700680272109	0.07653061224489796	0.0017006802721088435	0.0017006802721088435	0.00510204081632653	0.28741496598639454	0.00510204081632653	0.5561224489795918	0.0017006802721088435	0.022108843537414966
86	file:/C:/Users/apovzner/Documents/Hakluyt/morphad_lem/02_40_NNE-_1554_The_coynes_waights_and_measures_used_in_Russia_pp.273-278.txt	0.16982182628062362	0.06737193763919821	0.0016703786191536749	5.567928730512249E-4	5.567928730512249E-4	0.04732739420935412	0.08296213808463251	0.6208240534521158	5.567928730512249E-4	0.008351893095768375
87	file:/C:/Users/apovzner/Documents/Hakluyt/morphad_lem/02_41_NNE-_1555_The_letters_of_King_Philip_and_Queene_Mary_to_Ivan_Vasilivich_the_Emperor_of_Russia_pp.278-281.txt	0.04076539101497504	0.08735440931780367	8.319467554076539E-4	8.319467554076539E-4	8.319467554076539E-4	0.35357737104825293	0.0024958402662229617	0.5049916805324459	8.319467554076539E-4	0.0074875207986688855
88	file:/C:/Users/apovzner/Documents/Hakluyt/morphad_lem/02_42_NNE-_1555_The_Commission_given_to_the_merchants_Agents_resiant_in_Russia_pp.281-289.txt	0.005755947812739831	0.2666922486569455	0.0034535686876438986	3.837298541826554E-4	3.837298541826554E-4	0.31120491174213355	3.837298541826554E-4	0.31657712970069074	3.837298541826554E-4	0.09478127398311588
89	file:/C:/Users/apovzner/Documents/Hakluyt/morphad_lem/02_43_NNE-_1555_The_othe_ministred_to_the_servants_of_the_Moscovie_company_pp.290-290.txt	0.0043859649122807015	0.20614035087719298	0.013157894736842105	0.0043859649122807015	0.0043859649122807015	0.4517543859649123	0.013157894736842105	0.29385964912280704	0.0043859649122807015	0.0043859649122807015
90	file:/C:/Users/apovzner/Documents/Hakluyt/morphad_lem/02_44_NNE-_1555_The_letter_of_George_Killingworth_the_first_Agent_in_Russia_written_to_the_Company_pp.291-297.txt	0.12306900102986612	0.06642636457260556	5.149330587023687E-4	5.149330587023687E-4	5.149330587023687E-4	0.04479917610710608	5.149330587023687E-4	0.6359423274974253	0.001544799176107106	0.12615859938208032
91	file:/C:/Users/apovzner/Documents/Hakluyt/morphad_lem/02_45_NNE-_1555_The_first_Privileges_graunted_by_the_Emperour_of_Russia_to_the_English_merchants_pp.297-303.txt	0.0015806111696522655	0.16280295047418336	0.005795574288724974	5.268703898840885E-4	5.268703898840885E-4	0.601159114857745	5.268703898840885E-4	0.1838777660695469	5.268703898840885E-4	0.04267650158061117
92	file:/C:/Users/apovzner/Documents/Hakluyt/morphad_lem/02_46_NNE-_1555_The_Charter_of_the_merchants_of_the_Moscovie_company_granted_by_Queene_Mary_pp.304-316.txt	0.009506680369989723	0.09840698869475847	0.005909558067831449	0.0028263103802672147	7.708119218910585E-4	0.8260534429599178	0.0033401849948612537	0.02800616649537513	2.5693730729701953E-4	0.024922918807810893
93	file:/C:/Users/apovzner/Documents/Hakluyt/morphad_lem/02_47_NNE-_1556_Instructions_given_to_the_Pursers_of_the_Moscovie_voyage_pp.317-322.txt	0.03900255754475703	0.16815856777493607	0.030051150895140665	6.393861892583121E-4	6.393861892583121E-4	0.053069053708439895	6.393861892583121E-4	0.3510230179028133	6.393861892583121E-4	0.3561381074168798
94	file:/C:/Users/apovzner/Documents/Hakluyt/morphad_lem/02_48_NNE-_1556_The_voyage_of_Stephen_Burrough_toward_the_River_of_Ob_intending_the_discovery_of_the_Northeast_passa_pp.322-344.txt	0.1067776803973123	0.02789950335962606	0.6784983932223196	4.3821209465381246E-4	1.4607069821793748E-4	7.303534910896875E-4	4.3821209465381246E-4	0.055945077417470054	7.303534910896875E-4	0.12839614373356706
95	file:/C:/Users/apovzner/Documents/Hakluyt/morphad_lem/02_49_NNE-_1556_The_landing_of_Richard_Johnson_among_the_Samoeds_Anno_1556_pp.345-349.txt	0.620345744680851	0.04321808510638298	0.06582446808510638	0.005984042553191489	0.0019946808510638296	6.648936170212766E-4	6.648936170212766E-4	0.2546542553191489	6.648936170212766E-4	0.005984042553191489
96	file:/C:/Users/apovzner/Documents/Hakluyt/morphad_lem/02_50_NNE-_1557_A_discourse_of_the_honourable_receiving_into_England_of_the_first_Ambassadour_from_the_Emperour_of_R_pp.350-362.txt	0.11036706349206349	0.16493055555555555	0.003224206349206349	2.48015873015873E-4	7.44047619047619E-4	0.3246527777777778	0.037450396825396824	0.2770337301587302	2.48015873015873E-4	0.08110119047619048
97	file:/C:/Users/apovzner/Documents/Hakluyt/morphad_lem/02_51_NNE-_1557_The_voyage_of_the_aforesaide_Stephen_Burrough_from_Colmogro_in_Russia_to_Wardhouse_in_search_of_cert_pp.363-375.txt	0.15056818181818182	0.006456611570247934	0.6164772727272727	0.0023243801652892563	2.5826446280991736E-4	0.016787190082644628	0.0038739669421487604	0.14075413223140495	2.5826446280991736E-4	0.062241735537190084
98	file:/C:/Users/apovzner/Documents/Hakluyt/morphad_lem/02_52_NNE-_1557_Instructions_given_to_the_Masters_and_Mariners_of_the_ships_of_the_Moscovie_Company_sayling_towards__pp.375-378.txt	0.02446183953033268	0.14774951076320939	0.06555772994129158	9.784735812133072E-4	9.784735812133072E-4	0.2690802348336595	9.784735812133072E-4	0.13992172211350293	0.0029354207436399216	0.3473581213307241
99	file:/C:/Users/apovzner/Documents/Hakluyt/morphad_lem/02_53_NNE-_1557_A_letter_of_the_Company_of_the_Moscovie_merchants_unto_their_Agents_George_Killingworth_Richard_Gray_pp.379-392.txt	0.08772365805168986	0.1349403578528827	0.0022365805168986083	7.455268389662028E-4	2.4850894632206757E-4	0.04696819085487078	0.001242544731610338	0.5653578528827038	7.455268389662028E-4	0.15979125248508946
100	file:/C:/Users/apovzner/Documents/Hakluyt/morphad_lem/02_54_NNE-_1557_A_letter_of_M_Thomas_Hawtree_to_the_Moscovie_Companies_Agent_M_Henry_Lane_at_Colmogro_pp.392-394.txt	0.03932584269662921	0.0011235955056179776	0.02359550561797753	0.0011235955056179776	0.0011235955056179776	0.016853932584269662	0.02359550561797753	0.6617977528089888	0.0011235955056179776	0.2303370786516854
101	file:/C:/Users/apovzner/Documents/Hakluyt/morphad_lem/02_55_NNE-_1558_A_letter_of_M_Richard_Gray_one_of_the_first_Agents_of_the_Moscovie_Company_to_M_Henry_Lane_at_Mosco_pp.394-396.txt	0.047149122807017545	0.03179824561403509	0.0010964912280701754	0.0010964912280701754	0.0010964912280701754	0.007675438596491228	0.0010964912280701754	0.6282894736842105	0.0010964912280701754	0.27960526315789475
102	file:/C:/Users/apovzner/Documents/Hakluyt/morphad_lem/02_56_NNE-_1558_A_letter_of_Thomas_Alcock_to_M_Richard_Gray_and_Henry_Lane_Agents_in_Moscovia_from_Tirwill_in_Poland_pp.396-399.txt	0.19034608378870674	0.06466302367941712	9.107468123861566E-4	9.107468123861566E-4	0.00273224043715847	0.00273224043715847	0.010018214936247723	0.465391621129326	0.00273224043715847	0.25956284153005466
103	file:/C:/Users/apovzner/Documents/Hakluyt/morphad_lem/02_57_NNE-_1559_A_letter_of_M_Anthony_Jenkinson_upon_his_returne_from_Boghar_to_M_Henry_Lane_resident_in_Vologda_pp.400-401.txt	0.02901023890784983	0.1757679180887372	0.008532423208191127	0.0017064846416382253	0.0017064846416382253	0.005119453924914676	0.0017064846416382253	0.5648464163822525	0.0017064846416382253	0.2098976109215017
104	file:/C:/Users/apovzner/Documents/Hakluyt/morphad_lem/02_58_NNE-_1560_A_letter_of_the_Moscovie_Company_to_their_Agents_in_Russia_M_Henry_Lane_Christopher_Hudson_and_Thoma_pp.401-407.txt	0.12041625371655104	0.13330029732408324	4.955401387512388E-4	4.955401387512388E-4	4.955401387512388E-4	0.0044598612487611496	0.0044598612487611496	0.5812685827552032	4.955401387512388E-4	0.15411298315163527
105	file:/C:/Users/apovzner/Documents/Hakluyt/morphad_lem/02_59_NNE-_1560_Another_letter_to_the_aforesaid_parties_pp.407-410.txt	0.04224137931034483	0.059482758620689656	8.620689655172414E-4	8.620689655172414E-4	8.620689655172414E-4	0.0353448275862069	0.011206896551724138	0.6025862068965517	8.620689655172414E-4	0.24568965517241378
106	file:/C:/Users/apovzner/Documents/Hakluyt/morphad_lem/02_60_NNE-_1560_The_maner_of_Justice_by_lotts_in_Russia_written_by_M_Henry_Lane_pp.411-412.txt	0.12969924812030076	0.33646616541353386	0.0018796992481203006	0.005639097744360902	0.005639097744360902	0.18233082706766918	0.009398496240601503	0.27631578947368424	0.0018796992481203006	0.05075187969924812
