0	file:/C:/Users/apovzner/Documents/Hakluyt/morphad_lem/01_01_NNE-_0517_The_voyage_of_Arthur_K_of_Britaine_to_Island_and_the_most_Northeastern_parts_of_Europe_Anno_517_pp.003-004.txt	0.6478498013036986	0.13600875551595715	0.21492741113065184	2.3085068090052417E-4	9.831813687918732E-4
1	file:/C:/Users/apovzner/Documents/Hakluyt/morphad_lem/01_02_NNE-_0517_Two_testimonies_of_Galfridus_Monumetensis_in_his_history_of_the_Kings_of_Brittaine_concerning_the_co_pp.004-004.txt	0.6819306395719821	0.008812243898817157	0.25417606425124456	4.0804244721126965E-4	0.054673009830744995
2	file:/C:/Users/apovzner/Documents/Hakluyt/morphad_lem/01_03_NNE-_0580_A_testimony_of_M_Lambard_in_his_touching_the_right_and_appendances_of_the_Crowne_of_the_kingdome_of__pp.005-007.txt	0.7126261013582753	0.18154570572762457	0.1052232961416679	1.1502236026297089E-4	4.898744121692685E-4
3	file:/C:/Users/apovzner/Documents/Hakluyt/morphad_lem/01_04_NNE-_0580_The_voyage_of_Malgo_king_of_Britaine_to_Island_Gotland_Orkney_Denmark_and_Norway_Anno_580_pp.007-008.txt	0.4561420374931935	0.2957678980075026	0.243445479802125	2.1627719522245112E-4	0.004428307501956499
4	file:/C:/Users/apovzner/Documents/Hakluyt/morphad_lem/01_05_NNE-_0624_The_conquest_of_the_Isles_of_Anglesey_and_Man_by_Edwin_the_Saxon_king_of_Northumberland_Anno_624_pp.008-010.txt	0.5885988523229138	0.23477652770431742	0.1758877841755888	1.4011083606401905E-4	5.967249611161238E-4
5	file:/C:/Users/apovzner/Documents/Hakluyt/morphad_lem/01_06_NNE-_0624_The_voyage_of_Bertus_into_Ireland_Anno_684_pp.010-010.txt	0.6274380307677122	0.29168534110889266	0.07864203718954987	4.2491204309065507E-4	0.0018096788907546733
6	file:/C:/Users/apovzner/Documents/Hakluyt/morphad_lem/01_07_NNE-_0890_The_voyage_of_Octher_to_the_North_parts_beyond_Norway_about_the_yeere_890_pp.011-014.txt	8.53304445060443E-5	0.5343896543505444	5.978341945930832E-4	0.2590860241879715	0.20584115682238485
7	file:/C:/Users/apovzner/Documents/Hakluyt/morphad_lem/01_08_NNE-_0890_The_second_voyage_of_Octher_into_the_Sound_of_Denmarke_pp.014-015.txt	1.8251044962504942E-4	0.2300380180649123	0.0446051397227032	0.5881926921415882	0.13698163962117132
8	file:/C:/Users/apovzner/Documents/Hakluyt/morphad_lem/01_09_NNE-_0890_Wolstans_Navigation_into_the_East_sea_or_the_Sound_of_Denmarke_pp.015-016.txt	2.082952957481383E-4	0.3367088369297063	0.27342091105912997	0.3781384309934011	0.011523525722014491
9	file:/C:/Users/apovzner/Documents/Hakluyt/morphad_lem/01_10_NNE-_0973_The_voyage_of_King_Edgar_with_4000_shippes_round_about_his_large_Monarchie_Anno_973_pp.016-023.txt	0.30242850091628565	0.2294889519191014	0.4625594747774307	0.004570950661378605	9.521217258037073E-4
10	file:/C:/Users/apovzner/Documents/Hakluyt/morphad_lem/01_11_NNE-_0973_The_voyage_of_Edmund_and_Edward_the_sonnes_of_King_Edmund_Ironside_into_Hungary_Anno_1017_pp.024-025.txt	0.3063115445969287	0.16347130015660902	0.47610039727547315	1.9263135273251487E-4	0.05392412661825663
11	file:/C:/Users/apovzner/Documents/Hakluyt/morphad_lem/01_12_NNE-_1249_A_Chronicle_of_the_Kings_of_Man_taken_out_of_M_Camdens_Chorographie_pp.025-041.txt	2.2128120800792857E-5	0.3130550221799023	0.557351485124108	2.313837444208304E-5	0.12954822620074682
12	file:/C:/Users/apovzner/Documents/Hakluyt/morphad_lem/01_13_NNE-_1067_The_mariage_of_the_daughter_of_Harald_unto_Jeruslaus_duke_of_Russia_in_his_owne_Countrey_Anno_1067_pp.042-042.txt	0.41262979370007474	0.19096007701795625	0.39414431332915634	4.308495444042159E-4	0.0018349664084085016
13	file:/C:/Users/apovzner/Documents/Hakluyt/morphad_lem/01_14_NNE-_1278_The_ancient_state_of_the_shipping_of_the_Cinque_Ports_pp.042-050.txt	0.03119805161896234	0.28137662937938107	0.6404533021173594	0.002271050078521923	0.04470096680577533
14	file:/C:/Users/apovzner/Documents/Hakluyt/morphad_lem/01_15_NNE-_1243_The_voyage_of_a_certaine_Englishman_into_Tartaria_and_from_thence_into_Poland_and_Hungary_Anno_1243_pp.050-054.txt	7.77893195164559E-5	0.694251650628099	0.3052427930545669	8.134077081240912E-5	3.464262270051154E-4
15	file:/C:/Users/apovzner/Documents/Hakluyt/morphad_lem/01_16_NNE-_1246_Libellus_historicus_Johannis_de_Plano_Carpini_pp.055-094.txt	0.9988221844898278	4.609193195204472E-4	4.396408323733239E-5	6.561597533424795E-6	6.663705098808882E-4
16	file:/C:/Users/apovzner/Documents/Hakluyt/morphad_lem/01_17_NNE-_1246_The_long_and_wonderfull_voyage_of_Frier_John_de_Plano_Carpini_Anno_1246_pp.094-179.txt	0.6827509184652536	0.2685767165952474	0.03997341216805663	6.534890773113841E-5	0.008633603863711203
17	file:/C:/Users/apovzner/Documents/Hakluyt/morphad_lem/01_18_NNE-_1253_The_journall_of_Frier_William_de_Rubricis_Anno_1253_pp.179-293.txt	0.6432805049930445	0.3233815610981964	0.029499718880710943	2.840590113976035E-6	0.0038353744379342573
18	file:/C:/Users/apovzner/Documents/Hakluyt/morphad_lem/01_19_NNE-_1278_Part_of_the_great_Charter_graunted_by_King_Edward_the_first_to_the_Barons_of_the_Cinque_Ports_pp.293-296.txt	1.1041221120082035E-4	0.14478129732515793	0.8432678712176017	1.1545305219281877E-4	0.011724966193846675
19	file:/C:/Users/apovzner/Documents/Hakluyt/morphad_lem/01_20_NNE-_1345_The_rolle_of_the_huge_Fleete_of_Edward_the_thirde_before_Caleis_pp.297-299.txt	1.5555232774839162E-4	0.0035127398764470464	0.48113847247533087	1.6265402910539732E-4	0.5150305812913684
20	file:/C:/Users/apovzner/Documents/Hakluyt/morphad_lem/01_21_NNE-_1345_The_summe_of_expences_layde_out_in_the_siege_of_Caleis_pp.299-300.txt	0.303321580110303	0.0011972034191582832	0.5391481666680932	2.2252057767235212E-4	0.15611052922477317
21	file:/C:/Users/apovzner/Documents/Hakluyt/morphad_lem/01_22_NNE-_1360_A_note_of_Thomas_Walsingham_touching_King_Edward_the_thirde_his_huge_Fleete_of_1100_ships_wherewith__pp.300-301.txt	0.5880106580580806	0.003973938122967299	0.3831762486600821	1.840093687124786E-4	0.02465514579015756
22	file:/C:/Users/apovzner/Documents/Hakluyt/morphad_lem/01_23_NNE-_1360_The_voyage_of_Nicolaus_de_Linna_a_Franciscan_Frier_and_an_excellent_Mathematician_of_Oxford_to_all_t_pp.301-303.txt	0.4905577932170662	0.13063946804177604	0.26075417642464044	0.044142570421927076	0.0739059918945902
23	file:/C:/Users/apovzner/Documents/Hakluyt/morphad_lem/01_24_NNE-_1360_A_Testimonie_of_the_learned_Mathematician_Master_John_Dee_touching_the_foresaid_voyage_of_Nicholas_D_pp.303-304.txt	0.5314176970914392	0.03562016069997535	0.31563743450788045	0.06620495883726203	0.05111974886344304
24	file:/C:/Users/apovzner/Documents/Hakluyt/morphad_lem/01_25_NNE-_1390_The_voyage_of_Henry_Earle_of_Derby_afterward_King_of_England_into_Prussia_and_Letto_Anno_1390_pp.304-305.txt	0.4859037471069937	0.11731244807308062	0.38860333576055617	2.1703839093696942E-4	0.007963430668432534
25	file:/C:/Users/apovzner/Documents/Hakluyt/morphad_lem/01_26_NNE-_1402_The_voyage_of_Thomas_of_Woodstock_duke_of_Glocester_into_Prussia_Anno_1391_pp.306-307.txt	0.4478166609233549	0.1189108763553329	0.3514078018290084	2.0754249406400915E-4	0.08165711839823976
26	file:/C:/Users/apovzner/Documents/Hakluyt/morphad_lem/01_27_NNE-_1402_Certaine_verses_of_Geffrey_Chaucer_concerning_the_long_Voyages_and_valiant_exploits_of_the_English_k_pp.307-308.txt	0.17438110770517726	0.16784187722370678	0.5505400807555654	2.334727104667236E-4	0.10700346160508391
27	file:/C:/Users/apovzner/Documents/Hakluyt/morphad_lem/01_28_NNE-_0604_A_testimonie_out_of_Cornelius_Tacitus_proving_London_to_have_bene_a_famous_Mart-towne_in_the_raigne__pp.308-309.txt	0.4398592808748175	0.21167156040043503	0.34725056484399835	2.3171812241976967E-4	9.868757583293517E-4
28	file:/C:/Users/apovzner/Documents/Hakluyt/morphad_lem/01_29_NNE-_0604_A_testimony_out_of_venerable_Beda_prooving_London_to_have_bene_a_Citie_of_great_traffique_in_his_tim_pp.309-309.txt	0.5316729757087391	0.2721974087712985	0.19355840505298194	4.889209368001227E-4	0.002082289530180277
29	file:/C:/Users/apovzner/Documents/Hakluyt/morphad_lem/01_30_NNE-_0795_The_league_betweene_Carolus_Magnus_and_Offa_King_of_Mercia_concerning_the_safe_trade_of_English_Merc_pp.310-312.txt	0.3592708046529072	0.14351549389190665	0.45662736189543496	0.031633634833282034	0.008952704726469108
30	file:/C:/Users/apovzner/Documents/Hakluyt/morphad_lem/01_31_NNE-_0795_An_ancient_testimony_translated_out_of_the_olde_Saxon_Lawes_conteyning_the_advancement_of_Merchants__pp.312-312.txt	0.008264956397484287	0.3694094333934496	0.6119898537360906	4.8128919294661033E-4	0.009854467280028882
31	file:/C:/Users/apovzner/Documents/Hakluyt/morphad_lem/01_32_NNE-_1027_A_testimony_of_certaine_Privileges_obteined_for_the_English_and_Danish_Merchants_by_Canutus_the_King_pp.313-314.txt	0.6518208472123477	0.007376053795099411	0.3397772423848429	1.950687351756096E-4	8.307878725343616E-4
32	file:/C:/Users/apovzner/Documents/Hakluyt/morphad_lem/01_33_NNE-_1140_The_flourishing_state_of_Merchandise_in_the_City_of_London_in_the_dayes_of_Wilhelmus_Malmesburiensis_pp.314-315.txt	0.40212380328620295	0.17241143219571597	0.42083641234926256	2.155213201692317E-4	0.004412830848649291
33	file:/C:/Users/apovzner/Documents/Hakluyt/morphad_lem/01_34_NNE-_1140_A_testimony_of_the_said_Wil_of_Malmesbury_concerning_traffique_to_Bristow_in_his_time_pp.315-315.txt	0.2742504121909698	0.36507380337752515	0.3508754474809767	0.007856734984089262	0.0019436019664391276
34	file:/C:/Users/apovzner/Documents/Hakluyt/morphad_lem/01_35_NNE-_1157_The_league_betweene_Henry_the_second_and_Frederick_Barbarossa_Emperour_of_Germany_partly_touching_tr_pp.316-318.txt	0.557146628509686	0.0879843994785843	0.35419492668381847	1.2817109972143828E-4	5.458742281898863E-4
35	file:/C:/Users/apovzner/Documents/Hakluyt/morphad_lem/01_36_NNE-_1199_A_generall_safe_conduct_granted_by_King_John_to_all_forreine_Merchants_pp.319-320.txt	0.7610787372564858	9.90005722994796E-4	0.2369635610614294	1.840093687124786E-4	7.83686590377531E-4
36	file:/C:/Users/apovzner/Documents/Hakluyt/morphad_lem/01_37_NNE-_1229_The_letters_of_King_Henry_the_third_unto_Haquinus_king_of_Norwey_pp.320-322.txt	0.6281590213776496	0.01352573587992703	0.3533501454398431	1.3173043276329917E-4	0.004833366869817038
37	file:/C:/Users/apovzner/Documents/Hakluyt/morphad_lem/01_38_NNE-_1229_A_mandate_for_the_king_of_Norway_his_ship_called_The_Cog_pp.322-323.txt	0.6443050198019805	0.00708471233909853	0.3415482719901991	1.8736385518082556E-4	0.006874632013541098
38	file:/C:/Users/apovzner/Documents/Hakluyt/morphad_lem/01_39_NNE-_1236_A_Charter_granted_for_the_behalfe_of_the_Merchants_of_Colen_in_the_20_yeere_of_Henry_the_thirde_pp.323-324.txt	0.7310893083059021	8.915713440410631E-4	0.2671476405526886	1.65713668485525E-4	7.057661288827986E-4
39	file:/C:/Users/apovzner/Documents/Hakluyt/morphad_lem/01_40_NNE-_1257_The_Charter_of_Lubeck_granted_for_seven_yeeres_in_the_time_of_Henry_the_third_pp.324-325.txt	0.5726573865982821	9.84132552973426E-4	0.41353160435448766	1.8291774036844827E-4	0.012643958753888258
40	file:/C:/Users/apovzner/Documents/Hakluyt/morphad_lem/01_41_NNE-_1260_A_Charter_of_the_Merchants_of_Almaine_or_the_Stilyard-merchants_pp.326-327.txt	0.6955426848847074	0.004823044875291639	0.29845980780704184	2.2332643722990163E-4	9.511359957293003E-4
41	file:/C:/Users/apovzner/Documents/Hakluyt/morphad_lem/01_42_NNE-_1303_A_mandate_of_King_Edward_the_first_concerning_outlandish_Merchants_pp.327-327.txt	0.6664787805103689	0.0023509035589607836	0.32178663565768345	0.007522709622377802	0.0018609706506091217
42	file:/C:/Users/apovzner/Documents/Hakluyt/morphad_lem/01_43_NNE-_1303_King_Edw_the_first_his_great_Charter_granted_to_forreine_Merchants_Anno_Dom_1303_pp.327-339.txt	0.628057871276699	0.031135508477886757	0.3406670230271894	2.6544696976642116E-5	1.1305252124816772E-4
43	file:/C:/Users/apovzner/Documents/Hakluyt/morphad_lem/01_44_NNE-_1313_The_letters_of_Edward_the_second_unto_Haquinus_King_of_Norway_concerning_certain_English_Merchants_a_pp.339-343.txt	0.6508934408358358	3.8217726080530713E-4	0.3460470098928026	7.103413128190424E-5	0.002606337879274354
44	file:/C:/Users/apovzner/Documents/Hakluyt/morphad_lem/01_45_NNE-_1313_Another_letter_of_Edw_the_second_unto_the_said_Haquinus_for_the_merchants_aforesaid_pp.343-344.txt	0.6101150731049202	9.368890639650374E-4	0.3823845898866435	1.7413673599009867E-4	0.006389311208481145
45	file:/C:/Users/apovzner/Documents/Hakluyt/morphad_lem/01_46_NNE-_1313_A_third_letter_of_King_Edward_the_second_to_the_said_Haquinus_in_the_behalfe_of_our_English_merchant_pp.344-349.txt	0.5123818322580551	0.002310686381647753	0.48003134097293565	6.110891845108327E-5	0.0052150314689103985
46	file:/C:/Users/apovzner/Documents/Hakluyt/morphad_lem/01_47_NNE-_1320_An_Ordinance_for_the_Staple_to_be_holden_at_one_certaine_place_pp.350-355.txt	0.5918185629870392	0.0025042510603896125	0.40318096454000724	6.622797236605527E-5	0.0024299934401979177
47	file:/C:/Users/apovzner/Documents/Hakluyt/morphad_lem/02_01_NNE-_1262_A_Catalogue_of_the_great_Masters_of_Prussia_pp.001-011.txt	3.4976153238720085E-5	0.4082321643076838	0.5850167023684953	3.657298048337587E-5	0.006679584190098844
48	file:/C:/Users/apovzner/Documents/Hakluyt/morphad_lem/02_02_NNE-_1388_The_Oration_or_speach_of_the_Ambassadours_sent_from_Conradus_de_Zolner_Master_generall_of_the_land_o_pp.012-018.txt	5.92035015610394E-5	0.11979559922155701	0.8667691059618846	6.190642213742319E-5	0.013314184892859883
49	file:/C:/Users/apovzner/Documents/Hakluyt/morphad_lem/02_03_NNE-_1390_An_agreement_made_by_the_Ambassadours_of_England_and_Prussia_confirmed_by_king_Richard_the_second_pp.018-024.txt	0.0010065068532823193	3.153407159653436E-4	0.9983699179130235	5.861142489014573E-5	2.496230928388165E-4
50	file:/C:/Users/apovzner/Documents/Hakluyt/morphad_lem/02_04_NNE-_1398_The_letters_of_Conradus_de_Jungingen_Master_generall_of_Prussia_unto_Rich_the_second_pp.025-027.txt	1.3679057572842608E-4	7.695595967946143E-4	0.9937024412543366	1.4303571414157464E-4	0.005248172858998756
51	file:/C:/Users/apovzner/Documents/Hakluyt/morphad_lem/02_05_NNE-_1407_A_briefe_relation_of_William_Esturmy_and_John_Kington_concerning_their_Ambassages_into_Prussia_and_t_pp.027-033.txt	5.884903494011296E-5	3.31074267061911E-4	0.9962928343316512	6.153577243444787E-5	0.003255706593912275
52	file:/C:/Users/apovzner/Documents/Hakluyt/morphad_lem/02_06_NNE-_1407_Certaine_Articles_of_complaint_exhibited_by_the_Livonians_pp.033-034.txt	1.978151430340826E-4	0.001112873024347853	0.9976015173849416	2.068463423099542E-4	8.809481053665429E-4
53	file:/C:/Users/apovzner/Documents/Hakluyt/morphad_lem/02_07_NNE-_1407_Other_complaints_exhibited_by_the_Cities_of_the_Hans_pp.034-036.txt	1.4414619776825143E-4	8.10941026041463E-4	0.9982522462938322	1.5072715520627721E-4	6.419393271517798E-4
54	file:/C:/Users/apovzner/Documents/Hakluyt/morphad_lem/02_08_NNE-_1403_Compositions_and_Ordinances_concluded_betweene_the_Ambassadours_of_Prussia_and_the_Chanceller_and_Tr_pp.036-038.txt	1.3553310204987302E-4	7.624852721790916E-4	0.996058505861009	1.4172083082692906E-4	0.0029017549339351253
55	file:/C:/Users/apovzner/Documents/Hakluyt/morphad_lem/02_09_NNE-_1403_The_letters_of_the_Chanceller_and_Treasurer_of_England_unto_Conradus_de_Jungingen_master_generall_of_pp.038-041.txt	9.713644679618425E-5	0.030194245300606336	0.9691744605239664	1.015711861923249E-4	4.3258654243872945E-4
56	file:/C:/Users/apovzner/Documents/Hakluyt/morphad_lem/02_10_NNE-_1404_The_letters_of_king_Henry_the_fourth_unto_Conradus_de_Jungingen_the_master_generall_of_Prussia_for_e_pp.041-043.txt	1.3872115428301268E-4	0.043120586545575386	0.9489211640688899	1.4505443276156154E-4	0.007674473798490117
57	file:/C:/Users/apovzner/Documents/Hakluyt/morphad_lem/02_11_NNE-_1404_The_letters_of_Conradus_de_Jungingen_unto_king_Henry_the_fourth_pp.044-046.txt	0.0049959553902849925	0.13183221675539106	0.8599585021822687	1.4962996887763337E-4	0.003063695703177669
58	file:/C:/Users/apovzner/Documents/Hakluyt/morphad_lem/02_12_NNE-_1405_An_agreement_made_betweene_king_Henry_the_fourth_and_Conradus_de_Jungingen_pp.047-055.txt	4.5676547010325675E-5	2.569681786413585E-4	0.999446177869703	4.776189796959422E-5	2.0341550667584283E-4
59	file:/C:/Users/apovzner/Documents/Hakluyt/morphad_lem/02_13_NNE-_1405_An_agreement_betweene_king_Henry_the_fourth_and_the_Hans-townes_pp.055-067.txt	2.78295001486479E-5	0.034132799355871095	0.9477544333862905	2.9100048791867972E-5	0.018055837708897907
60	file:/C:/Users/apovzner/Documents/Hakluyt/morphad_lem/02_14_NNE-_1405_A_testimonie_out_of_Albertus_Krantzius_concerning_the_surprise_of_Bergen_in_Norway_wherein_21_houses_pp.068-071.txt	1.0165731632655361E-4	0.09710228777999823	0.8108779254663807	1.0629845485373523E-4	0.0918118309824407
61	file:/C:/Users/apovzner/Documents/Hakluyt/morphad_lem/02_15_NNE-_1407_The_grievances_and_offences_whereat_the_merchants_of_the_Hans_found_themselves_agrieved_pp.072-083.txt	3.301794259382292E-5	0.030978614957137274	0.9688067999357114	3.4525368237130356E-5	1.4704179632050725E-4
62	file:/C:/Users/apovzner/Documents/Hakluyt/morphad_lem/02_16_NNE-_1407_A_letter_of_Henry_the_fourth_king_of_England_unto_Conradus_de_Jungingen_Master_generall_of_Prussia_pp.083-085.txt	1.3710859850499452E-4	7.713487367145557E-4	0.9890380240102606	1.4336825616588823E-4	0.00991015039835392
63	file:/C:/Users/apovzner/Documents/Hakluyt/morphad_lem/02_17_NNE-_1408_A_letter_of_Werneherus_de_Tettingen_commander_in_Elbing_unto_sir_William_Sturmy_Ambassadour_unto_kin_pp.085-090.txt	7.130004395266331E-5	4.0112144263932314E-4	0.9991354963363754	7.455522904839667E-5	3.1752694798409763E-4
64	file:/C:/Users/apovzner/Documents/Hakluyt/morphad_lem/02_18_NNE-_1408_The_letters_of_Ulricus_de_Jungingen_master_generall_of_Prussia_signifying_unto_king_Henry_the_4_that_pp.091-095.txt	8.223672786320935E-5	0.021379410421292187	0.978086129352721	8.599122443883454E-5	3.662322736847104E-4
65	file:/C:/Users/apovzner/Documents/Hakluyt/morphad_lem/02_19_NNE-_1408_The_letters_of_king_Henry_the_fourth_unto_Ulricus_de_Jungingen_wherein_he_doth_absolutely_approve_th_pp.095-098.txt	1.0700645647883124E-4	0.01511767740184693	0.9805579632832772	1.1189180861842302E-4	0.004105461049778531
66	file:/C:/Users/apovzner/Documents/Hakluyt/morphad_lem/02_20_NNE-_1409_A_new_concord_betweene_king_Henry_the_fourth_and_Ulricus_de_Jungingen_pp.098-106.txt	0.04745427385553373	2.3478327212892494E-4	0.9520814504376738	4.363845651114549E-5	1.8585397815257314E-4
67	file:/C:/Users/apovzner/Documents/Hakluyt/morphad_lem/02_21_NNE-_1404_A_Charter_of_king_Henry_the_fourth_graunted_in_the_fifth_yeere_of_his_raigne_unto_the_English_mercha_pp.106-110.txt	0.42891465900658854	3.9304320969053933E-4	0.5703081117967805	7.305375232892737E-5	3.111322346113739E-4
68	file:/C:/Users/apovzner/Documents/Hakluyt/morphad_lem/02_22_NNE-_1430_A_note_touching_the_mighty_ships_of_king_Henry_the_fift_taken_out_of_a_Chronicle_in_the_Trinitie_Chu_pp.111-111.txt	0.550227311332139	0.0019617000681104706	0.43406814883895983	3.646152570151672E-4	0.013378224503775606
69	file:/C:/Users/apovzner/Documents/Hakluyt/morphad_lem/02_23_NNE-_1430_A_branch_of_a_Statute_made_in_the_eight_yeere_of_Henry_the_6_for_the_trade_to_Norway_Sweveland_Denma_pp.111-113.txt	0.1727863900502212	7.072242640083514E-4	0.8258150987097911	1.3144963441691956E-4	5.598373415623953E-4
70	file:/C:/Users/apovzner/Documents/Hakluyt/morphad_lem/02_24_NNE-_1432_Another_branch_of_a_Statute_made_in_the_10_yeere_of_king_Henry_the_sixt_concerning_the_state_of_Engl_pp.113-114.txt	0.0666152906191492	0.05482515297833172	0.8300846006115769	0.044480894639525766	0.003994061151416516
71	file:/C:/Users/apovzner/Documents/Hakluyt/morphad_lem/02_25_NNE-_1437_Libellus_de_politia_conservativa_Maris_Or_The_pollicy_of_keeping_the_Sea_pp.114-147.txt	0.05189103539406798	0.378826819044048	0.5059020236320586	0.0024316014327252756	0.06094852049710005
72	file:/C:/Users/apovzner/Documents/Hakluyt/morphad_lem/02_26_NNE-_1462_A_large_Charter_granted_by_king_Edward_the_fourth_in_the_second_yere_of_his_raigne_to_the_English_me_pp.147-158.txt	3.352471886632645E-5	0.034296407535370735	0.9615064700662304	3.5055281249496486E-5	0.004128542398283186
73	file:/C:/Users/apovzner/Documents/Hakluyt/morphad_lem/02_27_NNE-_1527_A_perswasion_of_Robert_Thome_merchant_of_Bristol_and_dwelling_long_in_Sivil_in_Spaine_to_king_Henry__pp.159-163.txt	8.223672786320935E-5	0.6349377368541341	0.24460503911709636	0.1032753461245077	0.017099641176398582
74	file:/C:/Users/apovzner/Documents/Hakluyt/morphad_lem/02_28_NNE-_1527_The_discourse_of_the_foresaid_Robert_Thorne_written_to_Doctour_Leigh_the_Kings_Ambassadour_in_Spaine_pp.164-181.txt	0.014225393504550226	0.43734191789615195	0.15485348267986465	0.3581634308924745	0.03541577502695863
75	file:/C:/Users/apovzner/Documents/Hakluyt/morphad_lem/02_29_NNE-_1580_A_briefe_treatise_of_the_Emperour_of_Moscovia_his_genealogie_pp.182-194.txt	2.954433412446076E-5	0.5672640458380723	0.43254394419383835	3.0893173070046274E-5	1.3157246089484398E-4
76	file:/C:/Users/apovzner/Documents/Hakluyt/morphad_lem/02_30_NNE-_1553_The_excellent_orders_and_instructions_of_Sebastian_Cabot_given_to_sir_Hugh_Willoughby_and_his_Fleete_pp.195-205.txt	3.7656098784402045E-5	0.3124468148807125	0.5768449604728881	3.937527825093686E-5	0.11063119326936402
77	file:/C:/Users/apovzner/Documents/Hakluyt/morphad_lem/02_31_NNE-_1553_The_names_of_the_twelve_Counsellers_appointed_in_sir_Hugh_Willoughbies_voyage_pp.206-206.txt	0.5788326871502185	0.0024921750811409595	0.33361202401022216	4.632130428645297E-4	0.08459990071555396
78	file:/C:/Users/apovzner/Documents/Hakluyt/morphad_lem/02_32_NNE-_1553_The_letters_of_king_Edward_the_sixt_written_at_that_time_to_all_the_Kings_Princes_and_other_Potentat_pp.206-211.txt	0.5323337329870341	0.0024723879355311768	0.43622188861922123	6.538531318303696E-5	0.028906605145030448
79	file:/C:/Users/apovzner/Documents/Hakluyt/morphad_lem/02_33_NNE-_1553_The_voyage_of_sir_Hugh_Willoughby_knight_wherein_he_unfortunately_perished_at_Arzina_Reca_in_Lapland_pp.212-212.txt	4.2695310874425E-4	0.0024019627117276158	0.7703941176167307	4.4644554267716613E-4	0.2263305210201203
80	file:/C:/Users/apovzner/Documents/Hakluyt/morphad_lem/02_34_NNE-_1553_The_names_of_the_Ships_Captains_Mariners_and_other_officers_of_that_first_worthy_enterprise_pp.212-214.txt	1.3553310204987302E-4	0.0030606583587694243	0.6904014853444947	1.4172083082692906E-4	0.30626060236385905
81	file:/C:/Users/apovzner/Documents/Hakluyt/morphad_lem/02_35_NNE-_1553_The_othe_ministred_to_the_Captaine_of_the_Fleete_pp.215-215.txt	5.035018183422548E-4	0.0967467735208659	0.8402173881228117	0.01760179111865534	0.0449305454193248
82	file:/C:/Users/apovzner/Documents/Hakluyt/morphad_lem/02_36_NNE-_1553_The_othe_ministred_to_the_Masters_of_the_ships_pp.216-224.txt	4.47070102496923E-5	0.03284879946128588	0.0874920094859914	0.12588743252424278	0.7537270515182303
83	file:/C:/Users/apovzner/Documents/Hakluyt/morphad_lem/02_37_NNE-_1553_The_voyage_of_Richard_Chanceller_Pilote_major_the_first_discoverer_by_sea_of_the_kingdome_of_Moscovi_pp.224-238.txt	2.7150459434667623E-5	0.7165008738656702	0.24695281398660973	2.8390006649431183E-5	0.03649077168163592
84	file:/C:/Users/apovzner/Documents/Hakluyt/morphad_lem/02_38_NNE-_1553_A_testimonie_of_Richard_Eden_concerning_Clement_Adams_his_discourse_of_Richard_Chancellers_voyage_pp.239-270.txt	1.2745330698232798E-5	0.6797589387629109	0.2118837279187524	1.3327215480192046E-5	0.10833126077215822
85	file:/C:/Users/apovzner/Documents/Hakluyt/morphad_lem/02_39_NNE-_1554_The_letters_of_the_Emperour_of_Russia_sent_to_king_Edward_the_sixt_by_Richard_Chanceller_pp.271-272.txt	2.0326970053912588E-4	0.10799286329034635	0.8700055672719359	2.1254992622942757E-4	0.021585749810949174
86	file:/C:/Users/apovzner/Documents/Hakluyt/morphad_lem/02_40_NNE-_1554_The_coynes_waights_and_measures_used_in_Russia_pp.273-278.txt	6.595729471909966E-5	0.2777362004872023	0.6748620121215795	6.89685579781665E-5	0.04726686153852084
87	file:/C:/Users/apovzner/Documents/Hakluyt/morphad_lem/02_41_NNE-_1555_The_letters_of_King_Philip_and_Queene_Mary_to_Ivan_Vasilivich_the_Emperor_of_Russia_pp.278-281.txt	9.876317353634243E-5	0.012278399237221599	0.9686582307152861	1.0327218072175554E-4	0.018861334693234044
88	file:/C:/Users/apovzner/Documents/Hakluyt/morphad_lem/02_42_NNE-_1555_The_Commission_given_to_the_merchants_Agents_resiant_in_Russia_pp.281-289.txt	4.539527194747781E-5	0.03258475777440264	0.8862967862944879	4.7467781366382205E-5	0.08102559287779572
89	file:/C:/Users/apovzner/Documents/Hakluyt/morphad_lem/02_43_NNE-_1555_The_othe_ministred_to_the_servants_of_the_Moscovie_company_pp.290-290.txt	5.355055339468297E-4	0.012092982923378633	0.9844267423122064	5.59953900822224E-4	0.0023848153296458087
90	file:/C:/Users/apovzner/Documents/Hakluyt/morphad_lem/02_44_NNE-_1555_The_letter_of_George_Killingworth_the_first_Agent_in_Russia_written_to_the_Company_pp.291-297.txt	6.0978758949129906E-5	0.1513054561974948	0.6466703764267636	6.376272844316429E-5	0.20189942588834922
91	file:/C:/Users/apovzner/Documents/Hakluyt/morphad_lem/02_45_NNE-_1555_The_first_Privileges_graunted_by_the_Emperour_of_Russia_to_the_English_merchants_pp.297-303.txt	6.239817765499141E-5	0.035266937987594595	0.9188310617439679	6.524695034352301E-5	0.04577435514043894
92	file:/C:/Users/apovzner/Documents/Hakluyt/morphad_lem/02_46_NNE-_1555_The_Charter_of_the_merchants_of_the_Moscovie_company_granted_by_Queene_Mary_pp.304-316.txt	0.0051793563863451655	1.7083262835210724E-4	0.98058055348724	3.1752143819404936E-5	0.01403750535424332
93	file:/C:/Users/apovzner/Documents/Hakluyt/morphad_lem/02_47_NNE-_1556_Instructions_given_to_the_Pursers_of_the_Moscovie_voyage_pp.317-322.txt	7.578992363363506E-5	0.018418273772302825	0.5621350828133586	7.925009302683728E-5	0.41929160339767807
94	file:/C:/Users/apovzner/Documents/Hakluyt/morphad_lem/02_48_NNE-_1556_The_voyage_of_Stephen_Burrough_toward_the_River_of_Ob_intending_the_discovery_of_the_Northeast_passa_pp.322-344.txt	1.724833802147094E-5	0.03899584036872862	0.0015832047584073525	0.20796577892459012	0.7514379276102524
95	file:/C:/Users/apovzner/Documents/Hakluyt/morphad_lem/02_49_NNE-_1556_The_landing_of_Richard_Johnson_among_the_Samoeds_Anno_1556_pp.345-349.txt	7.88291054224958E-5	0.7503149222933706	0.09411913192484388	0.1551360598765419	3.510567998210441E-4
96	file:/C:/Users/apovzner/Documents/Hakluyt/morphad_lem/02_50_NNE-_1557_A_discourse_of_the_honourable_receiving_into_England_of_the_first_Ambassadour_from_the_Emperour_of_R_pp.350-362.txt	2.9309404094825662E-5	0.19697143148341506	0.6860463243593553	3.064751737057125E-5	0.11692228723576427
97	file:/C:/Users/apovzner/Documents/Hakluyt/morphad_lem/02_51_NNE-_1557_The_voyage_of_the_aforesaide_Stephen_Burrough_from_Colmogro_in_Russia_to_Wardhouse_in_search_of_cert_pp.363-375.txt	3.0522963466572674E-5	0.06900772755272669	0.03747845446395005	0.3871697814863096	0.5063135135335471
98	file:/C:/Users/apovzner/Documents/Hakluyt/morphad_lem/02_52_NNE-_1557_Instructions_given_to_the_Masters_and_Mariners_of_the_ships_of_the_Moscovie_Company_sayling_towards__pp.375-378.txt	1.1629066460539059E-4	0.030232548295197392	0.5766059935790486	0.015896702591186678	0.37714846486996195
99	file:/C:/Users/apovzner/Documents/Hakluyt/morphad_lem/02_53_NNE-_1557_A_letter_of_the_Company_of_the_Moscovie_merchants_unto_their_Agents_George_Killingworth_Richard_Gray_pp.379-392.txt	2.936778563356797E-5	0.16997509065408686	0.7023521482200412	3.07085643033897E-5	0.12761268477593507
100	file:/C:/Users/apovzner/Documents/Hakluyt/morphad_lem/02_54_NNE-_1557_A_letter_of_M_Thomas_Hawtree_to_the_Moscovie_Companies_Agent_M_Henry_Lane_at_Colmogro_pp.392-394.txt	1.3368965031205598E-4	0.06422572075921425	0.71954854520995	1.3979321677603366E-4	0.21595225116374767
101	file:/C:/Users/apovzner/Documents/Hakluyt/morphad_lem/02_55_NNE-_1558_A_letter_of_M_Richard_Gray_one_of_the_first_Agents_of_the_Moscovie_Company_to_M_Henry_Lane_at_Mosco_pp.394-396.txt	1.3043706390398693E-4	0.009580863416874136	0.5958778040147781	1.3639213437537922E-4	0.3942745033700684
102	file:/C:/Users/apovzner/Documents/Hakluyt/morphad_lem/02_56_NNE-_1558_A_letter_of_Thomas_Alcock_to_M_Richard_Gray_and_Henry_Lane_Agents_in_Moscovia_from_Tirwill_in_Poland_pp.396-399.txt	1.081842320866301E-4	0.22257474658932247	0.4667033617642723	1.1312335526747356E-4	0.31050058405905107
103	file:/C:/Users/apovzner/Documents/Hakluyt/morphad_lem/02_57_NNE-_1559_A_letter_of_M_Anthony_Jenkinson_upon_his_returne_from_Boghar_to_M_Henry_Lane_resident_in_Vologda_pp.400-401.txt	2.0397274394891372E-4	0.11528372113332741	0.7588784254375247	0.003671957992201282	0.12196192269299773
104	file:/C:/Users/apovzner/Documents/Hakluyt/morphad_lem/02_58_NNE-_1560_A_letter_of_the_Moscovie_Company_to_their_Agents_in_Russia_M_Henry_Lane_Christopher_Hudson_and_Thoma_pp.401-407.txt	5.867338859113174E-5	0.10877396038789826	0.6172477880840544	6.135210699675888E-5	0.2738582260324593
105	file:/C:/Users/apovzner/Documents/Hakluyt/morphad_lem/02_59_NNE-_1560_Another_letter_to_the_aforesaid_parties_pp.407-410.txt	1.0236311277995274E-4	0.019668848310456715	0.6446710249869371	1.0703647426196524E-4	0.3354507271155642
106	file:/C:/Users/apovzner/Documents/Hakluyt/morphad_lem/02_60_NNE-_1560_The_maner_of_Justice_by_lotts_in_Russia_written_by_M_Henry_Lane_pp.411-412.txt	2.249825526652332E-4	0.3560538936200007	0.6424839345613376	2.35254073012712E-4	0.00100193519298377
107	file:/C:/Users/apovzner/Documents/Hakluyt/morphad_lem/02_61_NNE-_1557_The_voyage_of_M_Anthony_Jenkinson_into_Russia_wherein_Osep_Napea_first_Ambassadour_from_the_Emperour_pp.413-425.txt	2.7855790006467792E-5	0.46163088399253854	0.10458184647545632	0.1294497244625663	0.30430968927943225
108	file:/C:/Users/apovzner/Documents/Hakluyt/morphad_lem/02_62_NNE-_1558_The_description_of_Russia_with_the_customes_and_maners_of_the_inhabitants_pp.425-449.txt	1.58997683014012E-5	0.7393467156615541	0.16888420683320962	1.6625668117601826E-5	0.0917365520688173
109	file:/C:/Users/apovzner/Documents/Hakluyt/morphad_lem/02_63_NNE-_1558_The_voyage_of_M_Anthony_Jenkinson_from_the_Citie_of_Mosco_in_Russia_to_Boghar_in_Bactria_Anno_1558_pp.449-479.txt	1.2420532180163782E-5	0.6009382302585354	0.2119599830036773	1.2987588369649279E-5	0.18707637861723744
110	file:/C:/Users/apovzner/Documents/Hakluyt/morphad_lem/02_64_NNE-_1559_Notes_and_observations_gathered_by_Richard_Johnson_of_the_severall_wayes_from_Russia_to_Cathay_over-_pp.480-484.txt	8.787333988712673E-5	0.6143859803112041	0.1466384140750054	0.23849639796502053	3.913343088827981E-4
111	file:/C:/Users/apovzner/Documents/Hakluyt/morphad_lem/02_65_NNE-_1559_A_letter_of_Sigismund_king_of_Polonia_1559_unto_the_Queenes_most_excellent_Majestie_pp.485-487.txt	1.5116639653498225E-4	0.19309491602938048	0.8059226467001571	1.5806785933496431E-4	6.732030145924452E-4
112	file:/C:/Users/apovzner/Documents/Hakluyt/morphad_lem/03_01_NNE-_1561_The_letters_of_the_Queenes_Majestie_written_to_the_Emperour_of_Russia_requesting_licence_and_safe-co_pp.001-005.txt	0.5912122747495234	3.9304320969053933E-4	0.4080104960538457	7.305375232892737E-5	3.111322346113739E-4
113	file:/C:/Users/apovzner/Documents/Hakluyt/morphad_lem/03_02_NNE-_1561_The_Queenes_Majesties_letters_to_the_great_Sophie_of_Persia_pp.006-008.txt	0.5761804600382915	0.04521557737864409	0.3705681414643668	0.007547767367032173	4.880537516654368E-4
114	file:/C:/Users/apovzner/Documents/Hakluyt/morphad_lem/03_03_NNE-_1561_Instructions_given_by_the_Governours_and_Assistants_of_the_Moscovie_Company_pp.009-014.txt	7.978896856226602E-5	0.1425081248619764	0.8569733230108041	8.343171331906115E-5	3.553314453381776E-4
115	file:/C:/Users/apovzner/Documents/Hakluyt/morphad_lem/03_04_NNE-_1562_The_voyage_of_M_Anthony_Jenkinson_through_Russia_and_over_the_Caspian_sea_into_Persia_Anno_1561_pp.015-038.txt	1.5912638688466477E-5	0.3951109313627589	0.49604683467003247	1.6639126098865207E-5	0.10880968220242132
116	file:/C:/Users/apovzner/Documents/Hakluyt/morphad_lem/03_05_NNE-_1563_The_privileges_given_by_Obdoloucan_K_of_Hircania_to_the_Company_of_English_merchants_trading_in_Russ_pp.039-040.txt	2.1052600942885483E-4	0.029742731419886134	0.9688890504919307	2.201375200278105E-4	9.375545587264485E-4
117	file:/C:/Users/apovzner/Documents/Hakluyt/morphad_lem/03_06_NNE-_1563_The_voyage_of_Thomas_Alcock_George_Wrenne_and_Richard_Cheyney_servants_unto_the_Company_of_Moscovy_M_pp.040-044.txt	8.121744433365798E-5	0.10925312499164447	0.7662739897764295	8.492540578293842E-5	0.12430674238180937
118	file:/C:/Users/apovzner/Documents/Hakluyt/morphad_lem/03_07_NNE-_1566_The_voyage_of_Richard_Johnson_Alexander_Kitchin_and_Arthur_Edwards_servants_to_the_foresaid_company__pp.044-053.txt	4.0279449651441954E-5	0.237227703457784	0.6532304732018507	4.211839752441614E-5	0.10945942549318954
119	file:/C:/Users/apovzner/Documents/Hakluyt/morphad_lem/03_08_NNE-_1566_Certaine_letters_of_Arthur_Edwards_written_out_of_Russia_Media_and_Persia_to_the_Company_of_the_Mosc_pp.054-067.txt	2.818865428235253E-5	0.27165245859805526	0.6526431587390356	2.9475600014806976E-5	0.07564671840861194
120	file:/C:/Users/apovzner/Documents/Hakluyt/morphad_lem/03_09_NNE-_1567_The_distance_of_divers_places_in_Russia_pp.068-070.txt	2.6790874607815214E-4	0.015135627030174644	0.31987345893124	0.5953878040594955	0.06933520123301178
121	file:/C:/Users/apovzner/Documents/Hakluyt/morphad_lem/03_10_NNE-_1567_The_way_and_distances_from_S_Nicolas_in_Russia_to_the_Caspian_sea_pp.070-072.txt	1.5721098538101235E-4	0.3154435408442607	0.20103306805243756	0.1894329992082962	0.29393318090962456
122	file:/C:/Users/apovzner/Documents/Hakluyt/morphad_lem/03_11_NNE-_1566_The_voyage_of_Thomas_Southam_and_John_Sparke_by_land_and_river_from_Colmogro_to_Novogrod_in_Russia_A_pp.073-083.txt	3.649108916580658E-5	0.05651270540659282	0.16855913665216943	3.81570804190304E-5	0.774853509771653
123	file:/C:/Users/apovzner/Documents/Hakluyt/morphad_lem/03_12_NNE-_1566_An_Acte_for_the_corporation_of_merchants_Adventurers_for_the_discovering_of_newe_trades_made_in_the__pp.083-091.txt	8.003564969337008E-4	0.007808599797057004	0.9896343717698185	4.660677128267081E-5	0.0017100651649082112
124	file:/C:/Users/apovzner/Documents/Hakluyt/morphad_lem/03_13_NNE-_1566_The_voyage_of_M_Anthony_Jenkinson_into_Russia_the_third_time_Anno_1566_pp.092-092.txt	4.8288816514585885E-4	0.002716643450673881	0.863135209283023	5.04934299635375E-4	0.13316032480152176
125	file:/C:/Users/apovzner/Documents/Hakluyt/morphad_lem/03_14_NNE-_1567_The_privileges_granted_by_the_Emperour_of_Russia_to_the_English_merchants_pp.092-097.txt	7.370603476932598E-5	0.0016644567858077643	0.9241183441635509	0.02007386569151072	0.05406962732436119
126	file:/C:/Users/apovzner/Documents/Hakluyt/morphad_lem/03_15_NNE-_1567_A_letter_of_M_Henry_Lane_to_M_Richard_Hakluyt_concerning_the_first_Ambassage_from_the_Russian_Empero_pp.098-100.txt	1.321913182218706E-4	0.21368694310077124	0.7854539395237434	1.3822647872116655E-4	5.88699578542368E-4
127	file:/C:/Users/apovzner/Documents/Hakluyt/morphad_lem/03_16_NNE-_1568_A_letter_of_her_Majestie_sent_by_Stephen_Twerdico_and_Pheodata_Pogorella_Messengers_of_the_Emperour__pp.101-101.txt	0.8827647565947707	0.0021526157749545693	0.11297852101905681	4.001001818774288E-4	0.0017040064293405107
128	file:/C:/Users/apovzner/Documents/Hakluyt/morphad_lem/03_17_NNE-_1569_The_Ambassage_of_M_Thomas_Randolfe_Esquier_from_the_Queenes_Majestie_to_the_Emperour_of_Russia_pp.102-108.txt	5.449842043728322E-5	0.42169843084064407	0.3718719897488136	0.0046775110093996795	0.20169756998070545
129	file:/C:/Users/apovzner/Documents/Hakluyt/morphad_lem/03_18_NNE-_1569_The_privileges_graunted_to_the_English_merchants_at_M_Randolfe_his_sute_pp.108-119.txt	3.5101058537613614E-5	0.040075380824578934	0.9198185873287087	3.670358830143764E-5	0.0400342271998734
130	file:/C:/Users/apovzner/Documents/Hakluyt/morphad_lem/03_19_NNE-_1588_A_Commission_granted_by_M_Randolfe_for_a_discovery_to_the_Northeast_by_sea_pp.119-122.txt	1.0938822280683343E-4	6.153988035289246E-4	0.3791550259082835	0.33955125086599364	0.28056893619938705
131	file:/C:/Users/apovzner/Documents/Hakluyt/morphad_lem/03_20_NNE-_1588_Instructions_given_to_the_discoverers_for_that_action_pp.122-124.txt	0.0027144261379500414	0.40071895508400024	0.30608699712422066	0.12063127570584273	0.1698483459479863
132	file:/C:/Users/apovzner/Documents/Hakluyt/morphad_lem/03_21_NNE-_1568_Certaine_letters_in_verse_written_out_of_Moscovia_by_M_George_Turbervile_Secretary_to_M_Randolfe_tou_pp.124-135.txt	4.155669520895805E-5	0.8401860727309075	0.08485010521345322	4.345395539805336E-5	0.07487881140503229
133	file:/C:/Users/apovzner/Documents/Hakluyt/morphad_lem/03_22_NNE-_1568_The_voyage_of_Arthur_Edwards_Agent_for_the_Moscovy_company_John_Sparke_Laurence_Chapman_Christopher__pp.136-142.txt	5.861507257680874E-5	0.27564257625494154	0.6514211180825397	0.0010552002196223692	0.07182249037031956
134	file:/C:/Users/apovzner/Documents/Hakluyt/morphad_lem/03_23_NNE-_1568_Notes_concerning_the_fourth_English_voyage_into_Persia_pp.143-149.txt	5.849878762314153E-5	0.506217126858993	0.4854671884654459	6.116953466666012E-5	0.008196016353271296
135	file:/C:/Users/apovzner/Documents/Hakluyt/morphad_lem/03_24_NNE-_1572_The_voyage_of_Thomas_Banister_and_Geffrey_Ducket_Agents_for_the_Moscovy_Company_into_Persia_the_fift_pp.150-157.txt	5.1187253057539045E-5	0.31535706502245353	0.42826237991263905	5.352419387843189E-5	0.2562758436179715
136	file:/C:/Users/apovzner/Documents/Hakluyt/morphad_lem/03_25_NNE-_1574_Observations_of_the_Sophy_of_Persia_and_of_the_Religion_of_the_Persians_pp.158-166.txt	4.477489583447492E-5	0.8445128947251741	0.14153001588628095	4.68190821421322E-5	0.013865495410568368
137	file:/C:/Users/apovzner/Documents/Hakluyt/morphad_lem/03_26_NNE-_1570_The_voyage_of_William_Burrough_Captaine_of_13_English_ships_to_the_Narve_in_Liefland_Anno_1570_pp.167-169.txt	1.4138165323720613E-4	0.03196086415886681	0.6195053657623821	1.4783639610852105E-4	0.3482445520294054
138	file:/C:/Users/apovzner/Documents/Hakluyt/morphad_lem/03_27_NNE-_1571_A_letter_of_Richard_Uscombe_to_M_Henry_Lane_touching_the_burning_of_the_Citie_of_Mosco_by_the_Crimme_pp.169-169.txt	4.238843347655859E-4	0.1461369706921356	0.7145435270396032	4.432366646149175E-4	0.13845238126888074
139	file:/C:/Users/apovzner/Documents/Hakluyt/morphad_lem/03_28_NNE-_1572_The_voyage_of_M_Anthony_Jenkinson_into_Russia_the_fourth_time_Anno_1571_pp.170-195.txt	1.6095037005873535E-5	0.09779455189398928	0.8636196597731405	1.6829851764355033E-5	0.03855286344409999
140	file:/C:/Users/apovzner/Documents/Hakluyt/morphad_lem/03_29_NNE-_1572_A_briefe_rehearsall_of_all_the_travailes_of_M_Anthony_Jenkinson_pp.195-196.txt	2.159215777903681E-4	0.3783269740997505	0.6129471740505047	0.003887063280644146	0.004622866991310369
141	file:/C:/Users/apovzner/Documents/Hakluyt/morphad_lem/03_30_NNE-_1575_A_letter_of_James_Alday_to_M_Michael_Locke_Agent_in_London_for_the_Moscovie_Company_touching_a_trade_pp.197-200.txt	9.909507905736471E-5	0.4004713012449907	0.5904831247125707	1.0361923930363625E-4	0.008842859724077492
142	file:/C:/Users/apovzner/Documents/Hakluyt/morphad_lem/03_31_NNE-_1575_A_note_of_all_the_necessary_instruments_and_appurtenances_belonging_to_the_killing_of_the_Whale_pp.200-203.txt	1.160618037460937E-4	0.29979002982702	0.33537435669247795	1.2136057542692241E-4	0.36459819110132907
143	file:/C:/Users/apovzner/Documents/Hakluyt/morphad_lem/03_32_NNE-_1576_The_deposition_of_William_Burrough_to_certeine_Interrogatories_mooved_unto_him_concerning_the_Narve__pp.203-206.txt	1.0398755670177015E-4	0.10638119405181988	0.7818569987354934	0.03361085825475133	0.07804696140123348
144	file:/C:/Users/apovzner/Documents/Hakluyt/morphad_lem/03_33_NNE-_1576_The_reasons_of_M_William_Burrough_to_disswade_the_use_of_a_trade_to_the_Narve_by_the_way_through_Swe_pp.207-208.txt	2.159215777903681E-4	0.09640811695871337	0.6751889996530713	2.25779421669638E-4	0.22796118238875535
