0	file:/C:/Users/apovzner/Documents/Hakluyt/morphad_lem/01_01_NNE-_0517_The_voyage_of_Arthur_K_of_Britaine_to_Island_and_the_most_Northeastern_parts_of_Europe_Anno_517_pp.003-004.txt	4.6943264961415624E-4	5.2029749470301744E-5	6.496769227816321E-4	0.1092953070816679	0.03472423330506864	0.0651009868933685	0.04867368674732799	3.185492660205834E-4	0.6539453699825531	0.08677072740212717
1	file:/C:/Users/apovzner/Documents/Hakluyt/morphad_lem/01_02_NNE-_0517_Two_testimonies_of_Galfridus_Monumetensis_in_his_history_of_the_Kings_of_Brittaine_concerning_the_co_pp.004-004.txt	8.283876487883686E-4	9.181466578044209E-5	0.08024891354732429	0.1599093805648539	0.008541393110240157	0.0028191039770608974	1.9803798875261096E-4	0.08625645816387033	0.6530071022451795	0.008099408088149584
2	file:/C:/Users/apovzner/Documents/Hakluyt/morphad_lem/01_03_NNE-_0580_A_testimony_of_M_Lambard_in_his_touching_the_right_and_appendances_of_the_Crowne_of_the_kingdome_of__pp.005-007.txt	2.3414866460596856E-4	2.59519578969798E-5	3.2405284127481947E-4	0.07128457110328026	5.510438383669385E-4	0.10886425776763554	0.27395099283353946	1.5888942814531017E-4	0.45847133287227	0.08613475869298473
3	file:/C:/Users/apovzner/Documents/Hakluyt/morphad_lem/01_04_NNE-_0580_The_voyage_of_Malgo_king_of_Britaine_to_Island_Gotland_Orkney_Denmark_and_Norway_Anno_580_pp.007-008.txt	4.3985711980751E-4	4.875173417341933E-5	6.087455150275879E-4	0.14441121406497284	0.0010351566857732923	0.2010054738191417	0.028106359299138413	0.017799233001426225	0.40973630132694255	0.1968089074335965
4	file:/C:/Users/apovzner/Documents/Hakluyt/morphad_lem/01_05_NNE-_0624_The_conquest_of_the_Isles_of_Anglesey_and_Man_by_Edwin_the_Saxon_king_of_Northumberland_Anno_624_pp.008-010.txt	0.004823368414097487	3.160518393179695E-5	3.946426582829795E-4	0.027816010375314656	0.007478401291514604	0.2346884430971592	6.81702319210824E-5	0.011539036352099685	0.6218771030855721	0.09128321931010648
5	file:/C:/Users/apovzner/Documents/Hakluyt/morphad_lem/01_06_NNE-_0624_The_voyage_of_Bertus_into_Ireland_Anno_684_pp.010-010.txt	8.625006071977599E-4	9.559558873326674E-5	0.0011936680178553818	0.001774657309762031	0.008893127214863825	0.3117847874001644	2.0619318237926438E-4	5.852787095038662E-4	0.6730345749820811	0.0015696169874591598
6	file:/C:/Users/apovzner/Documents/Hakluyt/morphad_lem/01_07_NNE-_0890_The_voyage_of_Octher_to_the_North_parts_beyond_Norway_about_the_yeere_890_pp.011-014.txt	0.4714829120276602	2.0136514920533893E-5	2.5143747917883276E-4	0.006156655853701063	4.275632118852755E-4	0.22036609131246881	4.3433092975424576E-5	1.2328469987751793E-4	9.032253385302181E-5	0.3010381632734793
7	file:/C:/Users/apovzner/Documents/Hakluyt/morphad_lem/01_08_NNE-_0890_The_second_voyage_of_Octher_into_the_Sound_of_Denmarke_pp.014-015.txt	0.6923827336054438	4.3028674194672416E-5	5.372837064711331E-4	0.05949475675531662	9.136376485425822E-4	0.155784225571788	9.280992337957697E-5	2.6344068003585997E-4	1.930055373005877E-4	0.0902950778975272
8	file:/C:/Users/apovzner/Documents/Hakluyt/morphad_lem/01_09_NNE-_0890_Wolstans_Navigation_into_the_East_sea_or_the_Sound_of_Denmarke_pp.015-016.txt	0.4269468411495858	4.9095416883125775E-5	6.130369584331107E-4	0.1101810079099634	0.001042454179098797	0.3046424311974935	0.003630720955606115	3.0058397690384985E-4	0.038993298260789476	0.11360052999524285
9	file:/C:/Users/apovzner/Documents/Hakluyt/morphad_lem/01_10_NNE-_0973_The_voyage_of_King_Edgar_with_4000_shippes_round_about_his_large_Monarchie_Anno_973_pp.016-023.txt	9.472214187138399E-5	1.0498565267902209E-5	0.027266047765777228	0.09290599706412042	0.028111623131528533	0.510610272141237	0.06333754185201994	0.0030792719886107833	0.26385916292037814	0.010724862429188577
10	file:/C:/Users/apovzner/Documents/Hakluyt/morphad_lem/01_11_NNE-_0973_The_voyage_of_Edmund_and_Edward_the_sonnes_of_King_Edmund_Ironside_into_Hungary_Anno_1017_pp.024-025.txt	0.009746331986458849	4.3431185020892106E-5	5.42309715583746E-4	0.39057622146279675	0.10070329285912455	0.14788702689596012	0.09675662707434834	2.659050303270488E-4	0.21846598608013654	0.03501286771024316
11	file:/C:/Users/apovzner/Documents/Hakluyt/morphad_lem/01_12_NNE-_1249_A_Chronicle_of_the_Kings_of_Man_taken_out_of_M_Camdens_Chorographie_pp.025-041.txt	0.03831098467623871	5.22506547255745E-6	6.524352879079876E-5	0.5320394316109457	0.11040084282964342	0.17834989268607876	1.127011080953483E-5	4.07125881505844E-4	2.3437082081570686E-5	0.1403865465284331
12	file:/C:/Users/apovzner/Documents/Hakluyt/morphad_lem/01_13_NNE-_1067_The_mariage_of_the_daughter_of_Harald_unto_Jeruslaus_duke_of_Russia_in_his_owne_Countrey_Anno_1067_pp.042-042.txt	8.745046248579431E-4	9.692605867823064E-5	0.06383989438787546	0.45412434114503486	0.0020580531004193345	0.18390603953938514	2.0906291555050437E-4	5.93424438221484E-4	0.29270629135698434	0.001591462432992699
13	file:/C:/Users/apovzner/Documents/Hakluyt/morphad_lem/01_14_NNE-_1278_The_ancient_state_of_the_shipping_of_the_Cinque_Ports_pp.042-050.txt	9.317703617858845E-5	1.0327312880222388E-5	0.011992211723382436	0.49919001867318225	0.08993517271319255	0.27539639349199047	2.2275311407318046E-5	6.322840243229562E-5	0.038601912578833567	0.08469528275652022
14	file:/C:/Users/apovzner/Documents/Hakluyt/morphad_lem/01_15_NNE-_1243_The_voyage_of_a_certaine_Englishman_into_Tartaria_and_from_thence_into_Poland_and_Hungary_Anno_1243_pp.050-054.txt	1.6563559321227465E-4	1.835828510284253E-5	2.2923335773451003E-4	0.17036804037018555	0.02806865756433333	0.5001010530554538	3.959757221583658E-5	0.010656722123817167	0.001400386833898541	0.2889523152440461
15	file:/C:/Users/apovzner/Documents/Hakluyt/morphad_lem/01_16_NNE-_1246_Libellus_historicus_Johannis_de_Plano_Carpini_pp.055-094.txt	1.1976845902117453E-4	1.4819564913699234E-6	1.8504662098344955E-5	4.5310204588674773E-4	3.1466720027020354E-5	4.550241950063382E-5	0.9567310521421092	9.073196726995318E-6	0.04256571564268021	2.433275545820384E-5
16	file:/C:/Users/apovzner/Documents/Hakluyt/morphad_lem/01_17_NNE-_1246_The_long_and_wonderfull_voyage_of_Frier_John_de_Plano_Carpini_Anno_1246_pp.094-179.txt	7.734988560312091E-6	8.573104518389934E-7	0.006535106009577227	0.014418838436118476	0.02069932387205124	0.09241430443497564	0.6595203167988541	0.003082796515001782	0.036565111902501876	0.1667556097319074
17	file:/C:/Users/apovzner/Documents/Hakluyt/morphad_lem/01_18_NNE-_1253_The_journall_of_Frier_William_de_Rubricis_Anno_1253_pp.179-293.txt	0.001111285086556848	6.415780110731991E-7	0.010233853966143827	0.01871322652447158	1.3622772171449355E-5	0.08320831232927793	0.6296737767128193	9.712374809547007E-4	0.027317854320403442	0.22875618922918983
18	file:/C:/Users/apovzner/Documents/Hakluyt/morphad_lem/01_19_NNE-_1278_Part_of_the_great_Charter_graunted_by_King_Edward_the_first_to_the_Barons_of_the_Cinque_Ports_pp.293-296.txt	2.3502447456890015E-4	2.604902863330881E-5	3.252649289345222E-4	0.7635254393255327	0.07349092976763305	0.06438663851174777	5.61859828781137E-5	1.594837383644538E-4	1.16843171713449E-4	0.0976781410699938
19	file:/C:/Users/apovzner/Documents/Hakluyt/morphad_lem/01_20_NNE-_1345_The_rolle_of_the_huge_Fleete_of_Edward_the_thirde_before_Caleis_pp.297-299.txt	0.018766475445125212	3.66826296008281E-5	4.580429112426821E-4	0.3957276375472198	0.5828142930618783	0.0011263140383698336	7.912193685567442E-5	2.2458737268605476E-4	1.6454029244951436E-4	6.023047645722097E-4
20	file:/C:/Users/apovzner/Documents/Hakluyt/morphad_lem/01_21_NNE-_1345_The_summe_of_expences_layde_out_in_the_siege_of_Caleis_pp.299-300.txt	4.525284620995115E-4	5.015616730231901E-5	6.262821705511155E-4	0.5266745535337584	0.15950820689172202	0.0015400094256643108	0.03971899083048032	3.07078362729365E-4	0.2702986627222159	8.235314334767769E-4
21	file:/C:/Users/apovzner/Documents/Hakluyt/morphad_lem/01_22_NNE-_1360_A_note_of_Thomas_Walsingham_touching_King_Edward_the_thirde_his_huge_Fleete_of_1100_ships_wherewith__pp.300-301.txt	3.7434408530802115E-4	4.1490571629976065E-5	5.180779683822953E-4	0.30461115642594133	0.04854229898987793	0.04595642618677524	0.14307345301198224	2.540237320774988E-4	0.43211682089087916	0.02451190813714629
22	file:/C:/Users/apovzner/Documents/Hakluyt/morphad_lem/01_23_NNE-_1360_The_voyage_of_Nicolaus_de_Linna_a_Franciscan_Frier_and_an_excellent_Mathematician_of_Oxford_to_all_t_pp.301-303.txt	0.08609063599579496	2.9157231375026725E-5	3.6407594788385127E-4	0.18056983867896664	0.07388653832921709	0.17673709889305522	0.13194427530384473	1.785135378944815E-4	0.3497211234299277	4.787426520403126E-4
23	file:/C:/Users/apovzner/Documents/Hakluyt/morphad_lem/01_24_NNE-_1360_A_Testimonie_of_the_learned_Mathematician_Master_John_Dee_touching_the_foresaid_voyage_of_Nicholas_D_pp.303-304.txt	0.0819752274896669	4.370373546935304E-5	5.457129558157583E-4	0.21731452416007488	0.004065698893054262	0.16764145037006387	0.2165974644900145	2.675737053868887E-4	0.31083105747373213	7.17586726721483E-4
24	file:/C:/Users/apovzner/Documents/Hakluyt/morphad_lem/01_25_NNE-_1390_The_voyage_of_Henry_Earle_of_Derby_afterward_King_of_England_into_Prussia_and_Letto_Anno_1390_pp.304-305.txt	4.4140209362827817E-4	4.8922971945011945E-5	0.03222288623618644	0.30297846315315047	0.04670057405757113	0.13146259991074818	0.23192687545471344	0.007324417644784929	0.24609057530427822	8.032831729939023E-4
25	file:/C:/Users/apovzner/Documents/Hakluyt/morphad_lem/01_26_NNE-_1402_The_voyage_of_Thomas_of_Woodstock_duke_of_Glocester_into_Prussia_Anno_1391_pp.306-307.txt	4.221270218176352E-4	4.678661189814659E-5	5.842077341294199E-4	0.22256677327112553	0.04466126130497691	0.2634435326755834	0.07735938490052416	2.864484459655434E-4	0.37642501695336666	0.014204461080612654
26	file:/C:/Users/apovzner/Documents/Hakluyt/morphad_lem/01_27_NNE-_1402_Certaine_verses_of_Geffrey_Chaucer_concerning_the_long_Voyages_and_valiant_exploits_of_the_English_k_pp.307-308.txt	4.7475296456109283E-4	5.261942863731269E-5	0.004434873378437166	0.19742417231877468	0.09178528053766645	0.4360664764689793	1.1349652833855547E-4	3.2215954413553343E-4	0.2684621922583923	8.639765720777375E-4
27	file:/C:/Users/apovzner/Documents/Hakluyt/morphad_lem/01_28_NNE-_0604_A_testimonie_out_of_Cornelius_Tacitus_proving_London_to_have_bene_a_famous_Mart-towne_in_the_raigne__pp.308-309.txt	0.02296821285727665	5.222483518996604E-5	6.52112888576595E-4	0.17344666706152292	0.0011089018314301732	0.2640687605320954	1.1264541711331443E-4	0.05281279049376183	0.483920186477049	8.57497605984192E-4
28	file:/C:/Users/apovzner/Documents/Hakluyt/morphad_lem/01_29_NNE-_0604_A_testimony_out_of_venerable_Beda_prooving_London_to_have_bene_a_Citie_of_great_traffique_in_his_tim_pp.309-309.txt	0.05623959108525148	1.0993092947659514E-4	0.009265204226427038	0.049395997227022995	0.002334188486837747	0.13754846163763648	2.371135372567839E-4	0.1111685489502011	0.60032582633341	0.03337513758647969
29	file:/C:/Users/apovzner/Documents/Hakluyt/morphad_lem/01_30_NNE-_0795_The_league_betweene_Carolus_Magnus_and_Offa_King_of_Mercia_concerning_the_safe_trade_of_English_Merc_pp.310-312.txt	0.014947846280616314	2.9218395859431227E-5	0.04861301260879468	0.29003145418919407	0.0027181475090570627	0.2379425013644299	0.010551755336272985	0.0043743813116191655	0.3735299628811269	0.017261720123029477
30	file:/C:/Users/apovzner/Documents/Hakluyt/morphad_lem/01_31_NNE-_0795_An_ancient_testimony_translated_out_of_the_olde_Saxon_Lawes_conteyning_the_advancement_of_Merchants__pp.312-312.txt	9.764266656079766E-4	1.0822262752593402E-4	0.001351337347232931	0.413813115801902	0.0022979157220729897	0.4850559353435057	2.3342884614980874E-4	6.625870567545773E-4	4.854336501102434E-4	0.09501559693913789
31	file:/C:/Users/apovzner/Documents/Hakluyt/morphad_lem/01_32_NNE-_1027_A_testimony_of_certaine_Privileges_obteined_for_the_English_and_Danish_Merchants_by_Canutus_the_King_pp.313-314.txt	3.968022253472438E-4	4.3979728276345114E-5	0.0037067017102758166	0.21237179880378437	0.0040913741273981424	0.07713138699795219	0.31900665688556157	2.6926345609661425E-4	0.3348967797564938	0.0480852563088139
32	file:/C:/Users/apovzner/Documents/Hakluyt/morphad_lem/01_33_NNE-_1140_The_flourishing_state_of_Merchandise_in_the_City_of_London_in_the_dayes_of_Wilhelmus_Malmesburiensis_pp.314-315.txt	4.383229235458781E-4	4.8581690936766346E-5	6.066222457854094E-4	0.272961381811187	0.0010315461189642076	0.16542495515056085	0.09427922996308909	2.974387181852405E-4	0.314132722182394	0.15077919919535154
33	file:/C:/Users/apovzner/Documents/Hakluyt/morphad_lem/01_34_NNE-_1140_A_testimony_of_the_said_Wil_of_Malmesbury_concerning_traffique_to_Bristow_in_his_time_pp.315-315.txt	0.03777150275982057	1.026401125018858E-4	0.0012816304733938395	0.26719262814756106	0.0021793809079058233	0.1652714439720535	2.2138774097182486E-4	0.007997497160497026	0.3173312091947842	0.2006506795305103
34	file:/C:/Users/apovzner/Documents/Hakluyt/morphad_lem/01_35_NNE-_1157_The_league_betweene_Henry_the_second_and_Frederick_Barbarossa_Emperour_of_Germany_partly_touching_tr_pp.316-318.txt	0.0023368557315720287	2.8915112952951293E-5	0.07717202886696235	0.17284248973852787	0.004765905842781123	0.17734546591475656	0.13084862464594943	1.770311812345438E-4	0.4340079157392159	4.747672260473122E-4
35	file:/C:/Users/apovzner/Documents/Hakluyt/morphad_lem/01_36_NNE-_1199_A_generall_safe_conduct_granted_by_King_John_to_all_forreine_Merchants_pp.319-320.txt	3.7434408530802115E-4	4.1490571629976065E-5	0.0034969104823658627	0.25694983620220424	8.809787661408445E-4	0.0012739384770217303	0.04477198005052449	2.540237320774988E-4	0.6912752496074496	6.812480252777461E-4
36	file:/C:/Users/apovzner/Documents/Hakluyt/morphad_lem/01_37_NNE-_1229_The_letters_of_King_Henry_the_third_unto_Haquinus_king_of_Norwey_pp.320-322.txt	2.681193102722616E-4	2.9717107561823902E-5	0.0046381706398619426	0.3525877315644086	6.309901195522642E-4	0.013713753794077988	6.409777962010761E-5	0.0023154932077798025	0.6252639910243483	4.879354525169406E-4
37	file:/C:/Users/apovzner/Documents/Hakluyt/morphad_lem/01_38_NNE-_1229_A_mandate_for_the_king_of_Norway_his_ship_called_The_Cog_pp.322-323.txt	3.811564934414982E-4	4.2245627523011174E-5	5.275060819924749E-4	0.37081538831805627	8.97011040049861E-4	0.0012971219309162165	0.0061572050645880665	2.586465200589812E-4	0.6007318210157662	0.018891897907607383
38	file:/C:/Users/apovzner/Documents/Hakluyt/morphad_lem/01_39_NNE-_1236_A_Charter_granted_for_the_behalfe_of_the_Merchants_of_Colen_in_the_20_yeere_of_Henry_the_thirde_pp.323-324.txt	3.3718106615808165E-4	3.737159401408024E-5	4.666457641194424E-4	0.2368073519655177	0.008842846083223757	0.001147468200408577	8.060798623093272E-5	2.288055192347142E-4	0.7514381047118703	6.136171092224715E-4
39	file:/C:/Users/apovzner/Documents/Hakluyt/morphad_lem/01_40_NNE-_1257_The_Charter_of_Lubeck_granted_for_seven_yeeres_in_the_time_of_Henry_the_third_pp.324-325.txt	0.00629450853987888	4.1244848637663655E-5	0.027165726296717124	0.32649665881185835	0.03937124078360307	0.0012663937274003602	8.896233299090977E-5	2.5251930663547015E-4	0.5894619597431133	0.009560785609164835
40	file:/C:/Users/apovzner/Documents/Hakluyt/morphad_lem/01_41_NNE-_1260_A_Charter_of_the_Merchants_of_Almaine_or_the_Stilyard-merchants_pp.326-327.txt	4.541638983450126E-4	5.033743151178125E-5	0.04038250625777262	0.25752822140455783	0.0010688261588545844	0.0015455750142274252	0.018178556554714745	3.0818814283532065E-4	0.6796571174640451	8.265076731355351E-4
41	file:/C:/Users/apovzner/Documents/Hakluyt/morphad_lem/01_42_NNE-_1303_A_mandate_of_King_Edward_the_first_concerning_outlandish_Merchants_pp.327-327.txt	8.868474949997435E-4	9.829408546918817E-5	0.05062681090374668	0.15708015990937288	0.0020871007251446264	0.045360433707558726	2.1201365628389416E-4	6.018001066533445E-4	0.7414326148734193	0.0016139245373516938
42	file:/C:/Users/apovzner/Documents/Hakluyt/morphad_lem/01_43_NNE-_1303_King_Edw_the_first_his_great_Charter_granted_to_forreine_Merchants_Anno_Dom_1303_pp.327-339.txt	5.408096848053216E-5	5.9940850800773096E-6	0.10809213960643675	0.22389212280699905	1.2727377499360812E-4	0.015676564315165564	0.12438343820267345	3.6698454675693505E-5	0.49966066291896	0.02807102486653537
43	file:/C:/Users/apovzner/Documents/Hakluyt/morphad_lem/01_44_NNE-_1313_The_letters_of_Edward_the_second_unto_Haquinus_King_of_Norway_concerning_certain_English_Merchants_a_pp.339-343.txt	1.4466186979164274E-4	1.6033654347116822E-5	2.002065226765118E-4	0.29153676898565434	0.025665586823868696	0.032724299056408966	0.10248628859922082	9.816516273669805E-5	0.5468647272169933	2.632621083019189E-4
44	file:/C:/Users/apovzner/Documents/Hakluyt/morphad_lem/01_45_NNE-_1313_Another_letter_of_Edw_the_second_unto_the_said_Haquinus_for_the_merchants_aforesaid_pp.343-344.txt	3.54291934938518E-4	3.92680837801778E-5	0.011767398924416302	0.3446796885079081	8.337881749593119E-4	0.020940575214980554	0.07056640089227852	2.4041667302953995E-4	0.5499334153640223	6.447562296866492E-4
45	file:/C:/Users/apovzner/Documents/Hakluyt/morphad_lem/01_46_NNE-_1313_A_third_letter_of_King_Edward_the_second_to_the_said_Haquinus_in_the_behalfe_of_our_English_merchant_pp.344-349.txt	1.2446053923889964E-4	1.3794632053951043E-5	0.026912811997089548	0.37066240847058357	2.929045672023619E-4	0.08658759181277509	0.08322261782965738	8.445687247289821E-5	0.43187245445095174	2.2649882797463563E-4
46	file:/C:/Users/apovzner/Documents/Hakluyt/morphad_lem/01_47_NNE-_1320_An_Ordinance_for_the_Staple_to_be_holden_at_one_certaine_place_pp.350-355.txt	1.3488009632335065E-4	1.4949487697547815E-5	1.8666892044230332E-4	0.4070599564624843	3.174258803585205E-4	0.015485277320629159	0.11165592000349937	9.152741233466445E-5	0.4648079336145891	2.454608016417508E-4
47	file:/C:/Users/apovzner/Documents/Hakluyt/morphad_lem/02_01_NNE-_1262_A_Catalogue_of_the_great_Masters_of_Prussia_pp.001-011.txt	7.45051911029534E-5	8.257811702083026E-6	1.0311234918749145E-4	0.4756374133111407	0.10570672678474301	0.2611176524004389	1.7811538135845983E-5	0.04866614067267001	3.704049484018151E-5	0.10863133944603884
48	file:/C:/Users/apovzner/Documents/Hakluyt/morphad_lem/02_02_NNE-_1388_The_Oration_or_speach_of_the_Ambassadours_sent_from_Conradus_de_Zolner_Master_generall_of_the_land_o_pp.012-018.txt	1.2608388004475376E-4	1.3974555660677015E-5	0.0322803808539003	0.6052547077518151	0.02939268371676685	0.3064383005504661	3.014216599524352E-5	8.555844481268141E-5	6.268300556097277E-5	0.026315485074977333
49	file:/C:/Users/apovzner/Documents/Hakluyt/morphad_lem/02_03_NNE-_1390_An_agreement_made_by_the_Ambassadours_of_England_and_Prussia_confirmed_by_king_Richard_the_second_pp.018-024.txt	1.193766662692217E-4	1.3231159025032848E-5	1.652127632312412E-4	0.8399894559859232	0.006930495429832125	0.14954627740590598	2.8538710018825987E-5	8.10070399902963E-5	5.934849270936098E-5	0.0030670563470946753
50	file:/C:/Users/apovzner/Documents/Hakluyt/morphad_lem/02_04_NNE-_1398_The_letters_of_Conradus_de_Jungingen_Master_generall_of_Prussia_unto_Rich_the_second_pp.025-027.txt	2.9109908505123766E-4	3.226407979653492E-5	0.002719282825278749	0.8090270139039134	0.009950721639088044	0.17472160331280978	6.95914254824918E-5	1.9753504567386355E-4	0.002461133613614246	5.297550692917681E-4
51	file:/C:/Users/apovzner/Documents/Hakluyt/morphad_lem/02_05_NNE-_1407_A_briefe_relation_of_William_Esturmy_and_John_Kington_concerning_their_Ambassages_into_Prussia_and_t_pp.027-033.txt	1.2532941531991264E-4	1.3890934270793015E-5	0.0011707564334036947	0.8918488053908322	0.026224886966607276	0.07921362932139338	2.9961800345283787E-5	8.504647747395007E-5	6.230792100197928E-5	0.0012253853393515391
52	file:/C:/Users/apovzner/Documents/Hakluyt/morphad_lem/02_06_NNE-_1407_Certaine_Articles_of_complaint_exhibited_by_the_Livonians_pp.033-034.txt	4.207138172281514E-4	4.662997882032049E-5	5.822519127571498E-4	0.8579071465589067	0.014381378368876117	0.11525756420242625	1.0057769249234914E-4	0.01032894451726519	2.0915922428410064E-4	7.656337269437804E-4
53	file:/C:/Users/apovzner/Documents/Hakluyt/morphad_lem/02_07_NNE-_1407_Other_complaints_exhibited_by_the_Cities_of_the_Hans_pp.034-036.txt	3.0673039766929513E-4	3.399658238253522E-5	0.002865301696933275	0.9037265646568096	7.218571840242618E-4	0.09135338534035427	7.332831571373939E-5	2.0814219702030952E-4	1.5249200148345074E-4	5.582016276093348E-4
54	file:/C:/Users/apovzner/Documents/Hakluyt/morphad_lem/02_08_NNE-_1403_Compositions_and_Ordinances_concluded_betweene_the_Ambassadours_of_Prussia_and_the_Chanceller_and_Tr_pp.036-038.txt	0.0025835733650764283	3.196787660621521E-5	0.007284611693807214	0.9852114102873976	6.787812117859339E-4	0.0032766976431996527	6.895253534904301E-5	1.9572155800901987E-4	1.4339222195940653E-4	5.248916068095958E-4
55	file:/C:/Users/apovzner/Documents/Hakluyt/morphad_lem/02_09_NNE-_1403_The_letters_of_the_Chanceller_and_Treasurer_of_England_unto_Conradus_de_Jungingen_master_generall_of_pp.038-041.txt	2.0679223746487824E-4	2.2919897703204624E-5	2.8619258716183516E-4	0.7573754560474	4.8666341304527444E-4	0.23437090259095433	4.943666030884915E-5	1.403258071575017E-4	1.0280742444137938E-4	0.006958503334362847
56	file:/C:/Users/apovzner/Documents/Hakluyt/morphad_lem/02_10_NNE-_1404_The_letters_of_king_Henry_the_fourth_unto_Conradus_de_Jungingen_the_master_generall_of_Prussia_for_e_pp.041-043.txt	2.952019423439482E-4	3.271882157307643E-5	4.085482542784632E-4	0.6536463964355205	6.947261974623208E-4	0.3369203512526088	7.057227256244984E-5	2.0031917707216823E-4	1.4676059292423088E-4	0.007584405053654256
57	file:/C:/Users/apovzner/Documents/Hakluyt/morphad_lem/02_11_NNE-_1404_The_letters_of_Conradus_de_Jungingen_unto_king_Henry_the_fourth_pp.044-046.txt	3.045007229465747E-4	3.374945552137897E-5	0.010113641114374553	0.5167374443464052	0.015254945435454595	0.45657076699107935	7.279527988406964E-5	2.0662917646886082E-4	1.513835115401381E-4	5.541439663252914E-4
58	file:/C:/Users/apovzner/Documents/Hakluyt/morphad_lem/02_12_NNE-_1405_An_agreement_made_betweene_king_Henry_the_fourth_and_Conradus_de_Jungingen_pp.047-055.txt	9.728873617378112E-5	1.0783034741117137E-5	9.088162861242684E-4	0.9253361698205813	2.28958634896704E-4	0.07310328890172023	2.325827246255959E-5	6.601853434289455E-5	4.836740738337455E-5	1.7705037157357716E-4
59	file:/C:/Users/apovzner/Documents/Hakluyt/morphad_lem/02_13_NNE-_1405_An_agreement_betweene_king_Henry_the_fourth_and_the_Hans-townes_pp.055-067.txt	5.928571784011431E-5	6.57095549047027E-6	8.204917736958377E-5	0.8903414634918009	0.04873125885505064	2.0175651241351918E-4	1.4173104029235108E-5	0.0038143457494877885	2.9474084869049647E-5	0.056719622351648714
60	file:/C:/Users/apovzner/Documents/Hakluyt/morphad_lem/02_14_NNE-_1405_A_testimonie_out_of_Albertus_Krantzius_concerning_the_surprise_of_Bergen_in_Norway_wherein_21_houses_pp.068-071.txt	2.1640713549658143E-4	2.398556864915011E-5	0.0071877139792087	0.663435941950536	0.16927055215431233	0.10578173458789726	5.173524005112919E-5	1.4685031863615416E-4	0.005273748556151388	0.04861133050906131
61	file:/C:/Users/apovzner/Documents/Hakluyt/morphad_lem/02_15_NNE-_1407_The_grievances_and_offences_whereat_the_merchants_of_the_Hans_found_themselves_agrieved_pp.072-083.txt	7.033520687729954E-5	7.795629885939196E-6	0.06054390741558764	0.846396646091756	0.007441501943563689	0.05732778286935101	1.681464339654552E-5	4.77283131980388E-5	3.496737380113156E-5	0.028112520512582524
62	file:/C:/Users/apovzner/Documents/Hakluyt/morphad_lem/02_16_NNE-_1407_A_letter_of_Henry_the_fourth_king_of_England_unto_Conradus_de_Jungingen_Master_generall_of_Prussia_pp.083-085.txt	2.9177495628575714E-4	3.2338990246490066E-5	4.038054359880629E-4	0.7203555567089538	0.0656968090310484	0.21227592628883588	6.975300222755283E-5	1.979936807642382E-4	1.450568558083782E-4	5.309850498415598E-4
63	file:/C:/Users/apovzner/Documents/Hakluyt/morphad_lem/02_17_NNE-_1408_A_letter_of_Werneherus_de_Tettingen_commander_in_Elbing_unto_sir_William_Sturmy_Ambassadour_unto_kin_pp.085-090.txt	0.0013599919643977798	1.6827877191722918E-5	0.011083602462967088	0.8520682328030135	3.573101527100428E-4	0.13462292607047702	3.6296586451601805E-5	1.0302774821484766E-4	7.548160708653491E-5	2.7630272748990504E-4
64	file:/C:/Users/apovzner/Documents/Hakluyt/morphad_lem/02_18_NNE-_1408_The_letters_of_Ulricus_de_Jungingen_master_generall_of_Prussia_signifying_unto_king_Henry_the_4_that_pp.091-095.txt	0.001568433794524449	1.9407034724129943E-5	0.0016356646942270012	0.7917751096799095	4.120739925733914E-4	0.20402293140343564	4.185965381183649E-5	1.1881849768537269E-4	8.705044332520084E-5	3.1865080578350656E-4
65	file:/C:/Users/apovzner/Documents/Hakluyt/morphad_lem/02_19_NNE-_1408_The_letters_of_king_Henry_the_fourth_unto_Ulricus_de_Jungingen_wherein_he_doth_absolutely_approve_th_pp.095-098.txt	2.277824922180126E-4	2.5246360715568684E-5	0.0021278150664012143	0.8360647238043896	5.360617325570748E-4	0.15484385660328348	5.445468277791379E-5	1.5456944839270729E-4	1.1324279694855423E-4	0.005852247012316018
66	file:/C:/Users/apovzner/Documents/Hakluyt/morphad_lem/02_20_NNE-_1409_A_new_concord_betweene_king_Henry_the_fourth_and_Ulricus_de_Jungingen_pp.098-106.txt	0.0015036182098407227	9.85247777182438E-6	8.303870359953682E-4	0.9133880981273202	0.024259530360483516	0.006668777262584694	2.125112437731635E-5	6.032125072003672E-5	0.03611968906581802	0.01713847508508811
67	file:/C:/Users/apovzner/Documents/Hakluyt/morphad_lem/02_21_NNE-_1404_A_Charter_of_king_Henry_the_fourth_graunted_in_the_fifth_yeere_of_his_raigne_unto_the_English_mercha_pp.106-110.txt	1.4877205885239283E-4	1.6489208743007635E-5	2.0589486792312736E-4	0.5034421329783831	3.501191283312785E-4	0.090478848956366	0.06159573841554896	1.0095426935206433E-4	0.34339030810323623	2.7074201326382106E-4
68	file:/C:/Users/apovzner/Documents/Hakluyt/morphad_lem/02_22_NNE-_1430_A_note_touching_the_mighty_ships_of_king_Henry_the_fift_taken_out_of_a_Chronicle_in_the_Trinitie_Chu_pp.111-111.txt	7.405219863915967E-4	8.20760410697328E-5	0.024595585636696147	0.39633342823647366	0.019420787832238294	0.026090817823501162	0.20052824923681942	0.01818055456711062	0.31268034377460213	0.0013476348650972518
69	file:/C:/Users/apovzner/Documents/Hakluyt/morphad_lem/02_23_NNE-_1430_A_branch_of_a_Statute_made_in_the_eight_yeere_of_Henry_the_6_for_the_trade_to_Norway_Sweveland_Denma_pp.111-113.txt	0.013041605521787687	2.9653839557313768E-5	3.7027691711743533E-4	0.6967366090140193	0.009145684762306398	0.09245790882901297	0.08522434158201074	1.8155399404846796E-4	0.10232546890683977	4.868966332998862E-4
70	file:/C:/Users/apovzner/Documents/Hakluyt/morphad_lem/02_24_NNE-_1432_Another_branch_of_a_Statute_made_in_the_10_yeere_of_king_Henry_the_sixt_concerning_the_state_of_Engl_pp.113-114.txt	0.028814685001871766	4.3979728276345114E-5	0.0226519568946255	0.6986333485354261	0.057769597149722234	0.13396715255100122	0.04430045671249124	2.6926345609661425E-4	1.9727149964943188E-4	0.013352288470839482
71	file:/C:/Users/apovzner/Documents/Hakluyt/morphad_lem/02_25_NNE-_1437_Libellus_de_politia_conservativa_Maris_Or_The_pollicy_of_keeping_the_Sea_pp.114-147.txt	9.067996242292065E-4	3.0614021438418807E-6	4.778158678746704E-4	0.35678349373335494	0.0831473681648429	0.3117627631641672	0.018689145566323267	2.385378811043793E-4	0.0272682642895795	0.20072275030638012
72	file:/C:/Users/apovzner/Documents/Hakluyt/morphad_lem/02_26_NNE-_1462_A_large_Charter_granted_by_king_Edward_the_fourth_in_the_second_yere_of_his_raigne_to_the_English_me_pp.147-158.txt	0.0017762485201884956	7.91524218860735E-6	0.05124385854277459	0.7326573357990883	0.004714290474020213	0.20482312682651282	1.707263899723871E-5	4.8460632911469694E-5	3.5503895950054424E-5	0.004676187427368063
73	file:/C:/Users/apovzner/Documents/Hakluyt/morphad_lem/02_27_NNE-_1527_A_perswasion_of_Robert_Thome_merchant_of_Bristol_and_dwelling_long_in_Sivil_in_Spaine_to_king_Henry__pp.159-163.txt	0.1144286476931648	1.9407034724129943E-5	2.4232872016971294E-4	0.10346713849560908	0.03385213736994831	0.7098038899862312	4.185965381183649E-5	0.022412194082601984	8.705044332520084E-5	0.01564534652041368
74	file:/C:/Users/apovzner/Documents/Hakluyt/morphad_lem/02_28_NNE-_1527_The_discourse_of_the_foresaid_Robert_Thorne_written_to_Doctour_Leigh_the_Kings_Ambassadour_in_Spaine_pp.164-181.txt	0.32280194419305985	5.345380047927362E-6	0.06415696058367282	0.057665293932760674	0.00510255830481179	0.3482469090835906	1.1529621164676345E-5	0.13205089366231737	0.019980211280893223	0.049978353957681174
75	file:/C:/Users/apovzner/Documents/Hakluyt/morphad_lem/02_29_NNE-_1580_A_briefe_treatise_of_the_Emperour_of_Moscovia_his_genealogie_pp.182-194.txt	6.29378118102278E-5	6.975736739629627E-6	0.20091827523782968	0.1223310100551202	0.001149769137654725	0.45746819940510736	0.009029911752305733	0.0035484896148601213	5.321155996976596E-4	0.20495231564887467
76	file:/C:/Users/apovzner/Documents/Hakluyt/morphad_lem/02_30_NNE-_1553_The_excellent_orders_and_instructions_of_Sebastian_Cabot_given_to_sir_Hugh_Willoughby_and_his_Fleete_pp.195-205.txt	8.021184303473442E-5	8.890310678387348E-6	0.06649249221125939	0.19930948788076025	0.1533768055463799	0.5300482602837753	1.917579540444975E-5	5.443043585884906E-5	3.987757516042067E-5	0.050570368117688315
77	file:/C:/Users/apovzner/Documents/Hakluyt/morphad_lem/02_31_NNE-_1553_The_names_of_the_twelve_Counsellers_appointed_in_sir_Hugh_Willoughbies_voyage_pp.206-206.txt	9.399116267321901E-4	0.007583495762514684	0.0013008019230105821	0.2562308260525749	0.12936042647243057	0.003198633645590998	2.2469940061937255E-4	6.378085526557349E-4	0.5988129035581647	0.0017104930057063154
78	file:/C:/Users/apovzner/Documents/Hakluyt/morphad_lem/02_32_NNE-_1553_The_letters_of_king_Edward_the_sixt_written_at_that_time_to_all_the_Kings_Princes_and_other_Potentat_pp.206-211.txt	1.3316497738256677E-4	1.4759391825703148E-5	1.8429526109720062E-4	0.2047877119490401	0.028924116554526265	0.22721967969554333	0.09116229885573675	9.036356086380112E-5	0.4472412702021162	2.4233955186812588E-4
79	file:/C:/Users/apovzner/Documents/Hakluyt/morphad_lem/02_33_NNE-_1553_The_voyage_of_sir_Hugh_Willoughby_knight_wherein_he_unfortunately_perished_at_Arzina_Reca_in_Lapland_pp.212-212.txt	0.05858364475886372	1.0042009864622277E-4	0.0661412274409828	0.6146888857329065	0.23284270502976545	0.02471243349911758	2.1659932209297416E-4	6.148165048484007E-4	4.504353308053349E-4	0.0016488322819710256
80	file:/C:/Users/apovzner/Documents/Hakluyt/morphad_lem/02_34_NNE-_1553_The_names_of_the_Ships_Captains_Mariners_and_other_officers_of_that_first_worthy_enterprise_pp.212-214.txt	0.011764160327036631	3.196787660621521E-5	0.04400695954164802	0.6340539589924198	0.29445756399451245	9.81550902709602E-4	6.895253534904301E-5	1.9572155800901987E-4	0.002438538962449457	0.012000625309259848
81	file:/C:/Users/apovzner/Documents/Hakluyt/morphad_lem/02_35_NNE-_1553_The_othe_ministred_to_the_Captaine_of_the_Fleete_pp.215-215.txt	0.0010676799520486357	1.1833672085913448E-4	0.0014776284230181513	0.43549451893156393	0.04499283628692794	0.5133954333895147	2.552442574976315E-4	7.245100342925278E-4	5.308005142913467E-4	0.0019430114899859656
82	file:/C:/Users/apovzner/Documents/Hakluyt/morphad_lem/02_36_NNE-_1553_The_othe_ministred_to_the_Masters_of_the_ships_pp.216-224.txt	0.5835602843992573	1.0554252049830947E-5	0.08499943224679524	0.025201576852805926	0.18814531491483358	0.11777481959559775	2.2764803759508695E-5	6.461782495779501E-5	4.73412003927294E-5	1.7329390955019445E-4
83	file:/C:/Users/apovzner/Documents/Hakluyt/morphad_lem/02_37_NNE-_1553_The_voyage_of_Richard_Chanceller_Pilote_major_the_first_discoverer_by_sea_of_the_kingdome_of_Moscovi_pp.224-238.txt	5.783952638755546E-5	6.4106663009037245E-6	0.28589927331691734	0.02221131629789418	0.014864324001555136	0.1677301652581952	1.3827371150389227E-5	4.995053521344255E-4	2.8755106147655595E-5	0.5086885831033172
84	file:/C:/Users/apovzner/Documents/Hakluyt/morphad_lem/02_38_NNE-_1553_A_testimonie_of_Richard_Eden_concerning_Clement_Adams_his_discourse_of_Richard_Chancellers_voyage_pp.239-270.txt	2.715560645983629E-5	3.009802155816608E-6	0.15972807271363096	0.012805183056320012	0.12366737263503463	0.3549121502564112	6.49193852000235E-6	1.8427347380363805E-5	1.3500496892460066E-5	0.34881863614719477
85	file:/C:/Users/apovzner/Documents/Hakluyt/morphad_lem/02_39_NNE-_1554_The_letters_of_the_Emperour_of_Russia_sent_to_king_Edward_the_sixt_by_Richard_Chanceller_pp.271-272.txt	4.322916896355249E-4	4.791321679119851E-5	0.6610684723228397	0.22792610162650837	0.004457301198137797	0.0496304264297189	1.0334554950825737E-4	2.9334602216820677E-4	2.1491520070422688E-4	0.05582588674398781
86	file:/C:/Users/apovzner/Documents/Hakluyt/morphad_lem/02_40_NNE-_1554_The_coynes_waights_and_measures_used_in_Russia_pp.273-278.txt	1.4045800229095257E-4	1.556771706506575E-5	0.6719264371377915	0.02376050501734238	0.015978221239050197	0.06642174087884775	3.3578506775897305E-5	9.531248747456337E-5	6.982914656149373E-5	0.22155834986680012
87	file:/C:/Users/apovzner/Documents/Hakluyt/morphad_lem/02_41_NNE-_1555_The_letters_of_King_Philip_and_Queene_Mary_to_Ivan_Vasilivich_the_Emperor_of_Russia_pp.278-281.txt	0.0018833265986142277	2.330336468379004E-5	0.5942324541486218	0.26310531666304693	4.948056548640837E-4	0.13121532990868856	5.0263772502120875E-5	1.4267356255613834E-4	1.0452746931866462E-4	0.008747998857103704
88	file:/C:/Users/apovzner/Documents/Hakluyt/morphad_lem/02_42_NNE-_1555_The_Commission_given_to_the_merchants_Agents_resiant_in_Russia_pp.281-289.txt	9.668989898191274E-5	1.0716662389104508E-5	0.40561138187423157	0.21024709772047515	0.07639885693831819	0.3073224993459501	2.3115111813989645E-5	6.561217328536629E-5	4.8069693551799253E-5	1.7596058100272433E-4
89	file:/C:/Users/apovzner/Documents/Hakluyt/morphad_lem/02_43_NNE-_1555_The_othe_ministred_to_the_servants_of_the_Moscovie_company_pp.290-290.txt	0.0011351923764257893	1.2581948655377285E-4	0.2996686878732707	0.2643003197161587	0.00267155384141622	0.428426481641313	2.7138407411491186E-4	7.703228537678862E-4	5.643645327143661E-4	0.002065873604264611
90	file:/C:/Users/apovzner/Documents/Hakluyt/morphad_lem/02_44_NNE-_1555_The_letter_of_George_Killingworth_the_first_Agent_in_Russia_written_to_the_Company_pp.291-297.txt	1.2986234961768098E-4	1.4393343798703093E-5	0.653273349601283	0.030235104847260597	0.19561367907216476	0.021109457159076642	3.10454635225303E-5	8.812245204593708E-5	6.456148383406917E-5	0.09944042422739599
91	file:/C:/Users/apovzner/Documents/Hakluyt/morphad_lem/02_45_NNE-_1555_The_first_Privileges_graunted_by_the_Emperour_of_Russia_to_the_English_merchants_pp.297-303.txt	1.3288335594383868E-4	1.4728178204506299E-5	0.2698248737533031	0.5310960291020149	0.03943710255009011	0.15906455249322587	3.1767678560038693E-5	9.017245719285656E-5	6.606338682337328E-5	2.4182704464138143E-4
92	file:/C:/Users/apovzner/Documents/Hakluyt/morphad_lem/02_46_NNE-_1555_The_Charter_of_the_merchants_of_the_Moscovie_company_granted_by_Queene_Mary_pp.304-316.txt	0.012418614996008052	7.16963667181821E-6	0.035607066958422556	0.8391706912775764	0.007873439369649876	0.10316953645492996	1.5464418614442023E-5	4.389570433633502E-5	0.0010616534537692208	6.324677300212753E-4
93	file:/C:/Users/apovzner/Documents/Hakluyt/morphad_lem/02_47_NNE-_1556_Instructions_given_to_the_Pursers_of_the_Moscovie_voyage_pp.317-322.txt	0.002729758089629686	1.78867751963334E-5	0.4676678946811951	0.043994456905886395	0.3535315822923544	0.12768384449818257	3.858055742012525E-5	1.0951079273444245E-4	8.023130440236971E-5	0.004146254102998642
94	file:/C:/Users/apovzner/Documents/Hakluyt/morphad_lem/02_48_NNE-_1556_The_voyage_of_Stephen_Burrough_toward_the_River_of_Ob_intending_the_discovery_of_the_Northeast_passa_pp.322-344.txt	0.6606206257989291	4.073006205720772E-6	0.029293172365645645	3.6803531534286945E-4	0.2533249239545603	0.025565872102463087	8.785197335322272E-6	2.4936755424321448E-5	1.8269509016410687E-5	0.030771305995077342
95	file:/C:/Users/apovzner/Documents/Hakluyt/morphad_lem/02_49_NNE-_1556_The_landing_of_Richard_Johnson_among_the_Samoeds_Anno_1556_pp.345-349.txt	0.10568379570369757	1.860348660318933E-5	0.1605096841755087	3.4535917320964194E-4	3.950120721343487E-4	0.025948460087892648	4.012645517320553E-5	0.00812776827242327	8.344612040027505E-5	0.698847744452957
96	file:/C:/Users/apovzner/Documents/Hakluyt/morphad_lem/02_50_NNE-_1557_A_discourse_of_the_honourable_receiving_into_England_of_the_first_Ambassadour_from_the_Emperour_of_R_pp.350-362.txt	6.243748687666054E-5	6.920283031906811E-6	0.3801724865212151	0.26395292198716713	0.1139243403003713	0.13187628626807069	1.4926579774465381E-5	4.2369050455007455E-5	3.1040996959434266E-5	0.10991627052607825
97	file:/C:/Users/apovzner/Documents/Hakluyt/morphad_lem/02_51_NNE-_1557_The_voyage_of_the_aforesaide_Stephen_Burrough_from_Colmogro_in_Russia_to_Wardhouse_in_search_of_cert_pp.363-375.txt	0.6416538478659513	7.206733113548118E-6	0.07201002564946121	0.01720832869645683	0.13726676322928608	2.2127761190791909E-4	1.5544433115912163E-5	4.412282525091453E-5	3.232587159133317E-5	0.131540557083865
98	file:/C:/Users/apovzner/Documents/Hakluyt/morphad_lem/02_52_NNE-_1557_Instructions_given_to_the_Masters_and_Mariners_of_the_ships_of_the_Moscovie_Company_sayling_towards__pp.375-378.txt	0.04948900850456534	2.7434336920974256E-5	0.15988497495525528	0.19944489736744228	0.414210995541635	0.17614203924525831	5.917399862439579E-5	1.6796521180495046E-4	1.2305698553392993E-4	4.504538529595779E-4
99	file:/C:/Users/apovzner/Documents/Hakluyt/morphad_lem/02_53_NNE-_1557_A_letter_of_the_Company_of_the_Moscovie_merchants_unto_their_Agents_George_Killingworth_Richard_Gray_pp.379-392.txt	6.256182087387254E-5	6.934063638626217E-6	0.6492620243878627	0.02900309324997781	0.13207322329042032	0.11919521411613003	1.4956303605786925E-5	5.402873487653277E-4	3.110281000512965E-5	0.06981060260872024
100	file:/C:/Users/apovzner/Documents/Hakluyt/morphad_lem/02_54_NNE-_1557_A_letter_of_M_Thomas_Hawtree_to_the_Moscovie_Companies_Agent_M_Henry_Lane_at_Colmogro_pp.392-394.txt	0.03877199668207432	3.153363074726283E-5	0.7565596897603759	0.002849367064472895	0.12745187415797068	0.0032321875745414843	6.801589656916959E-5	1.9306291173357094E-4	1.4144440792850067E-4	0.07070082791358627
101	file:/C:/Users/apovzner/Documents/Hakluyt/morphad_lem/02_55_NNE-_1558_A_letter_of_M_Richard_Gray_one_of_the_first_Agents_of_the_Moscovie_Company_to_M_Henry_Lane_at_Mosco_pp.394-396.txt	2.775955420275722E-4	3.076740937733797E-5	0.7470122243374699	5.711728823207992E-4	0.25026562520988954	9.446914107047853E-4	6.636320919347244E-5	1.88371763736824E-4	1.3800751450890629E-4	5.051807207707924E-4
102	file:/C:/Users/apovzner/Documents/Hakluyt/morphad_lem/02_56_NNE-_1558_A_letter_of_Thomas_Alcock_to_M_Richard_Gray_and_Henry_Lane_Agents_in_Moscovia_from_Tirwill_in_Poland_pp.396-399.txt	2.3028696348754166E-4	2.5523944758383494E-5	0.5189167814760768	0.007803840164317663	0.2827472675917338	0.05209375126156434	5.505341267668965E-5	1.5626894135582745E-4	1.1448790287692083E-4	0.13785673834115206
103	file:/C:/Users/apovzner/Documents/Hakluyt/morphad_lem/02_57_NNE-_1559_A_letter_of_M_Anthony_Jenkinson_upon_his_returne_from_Boghar_to_M_Henry_Lane_resident_in_Vologda_pp.400-401.txt	4.337838840489932E-4	4.807860473674843E-5	0.6840613019340457	8.925416796929884E-4	0.17361201588059294	0.1188382026413018	1.0370228005693633E-4	2.943586007256655E-4	2.156570499452582E-4	0.021500357444853003
104	file:/C:/Users/apovzner/Documents/Hakluyt/morphad_lem/02_58_NNE-_1560_A_letter_of_the_Moscovie_Company_to_their_Agents_in_Russia_M_Henry_Lane_Christopher_Hudson_and_Thoma_pp.401-407.txt	0.0011192858980900498	1.3849497738633403E-5	0.6474819846161812	2.5710508951387877E-4	0.18325085197221044	0.08096599645521534	2.9872424563974565E-5	8.479278459554371E-5	6.212205703328817E-5	0.08673413920485762
