0	file:/C:/Users/apovzner/Documents/Hakluyt/morphad_lem/01_01_NNE-_0517_The_voyage_of_Arthur_K_of_Britaine_to_Island_and_the_most_Northeastern_parts_of_Europe_Anno_517_pp.003-004.txt	2.1303655690744076E-4	0.02326902732600185	0.07100153832000075	3.2634580472857863E-5	3.478495864588487E-4	1.5208367648188384E-4	4.428592305417753E-5	0.08437799397883018	4.2830671199726083E-4	4.2584147782818944E-4	0.7010785264687991	3.335790771833931E-5	4.0157437779831794E-4	2.7248024077289735E-4	0.007610951925914579	0.004065788132160243	0.09700387191430974	0.004729068670444417	0.004459736595946129	5.204562810284236E-5
1	file:/C:/Users/apovzner/Documents/Hakluyt/morphad_lem/01_02_NNE-_0517_Two_testimonies_of_Galfridus_Monumetensis_in_his_history_of_the_Kings_of_Brittaine_concerning_the_co_pp.004-004.txt	3.753208753479559E-4	0.0015928497829451147	0.020016825526978352	5.7494542192624594E-5	6.128300850068782E-4	2.679360735637308E-4	7.802149850510276E-5	0.07641783457083783	7.54576831309097E-4	7.502336619502551E-4	0.7426152705913124	5.876887660207091E-5	7.074806745870349E-4	4.800468237305318E-4	2.7480564632480583E-4	5.960123342587839E-4	0.10522865649293732	0.02146544118863284	0.02755790162856001	9.169229441724379E-5
2	file:/C:/Users/apovzner/Documents/Hakluyt/morphad_lem/01_03_NNE-_0580_A_testimony_of_M_Lambard_in_his_touching_the_right_and_appendances_of_the_Crowne_of_the_kingdome_of__pp.005-007.txt	1.0637502690948392E-4	4.51452209703142E-4	0.18435188886901843	1.629534586164129E-5	1.7369088975696122E-4	7.593957306248876E-5	2.2113182474340532E-5	0.060744616826576184	2.1386535097831313E-4	0.013241284909703206	0.37612514010285397	1.6656523099573658E-5	2.0051715942355868E-4	1.360568973010249E-4	0.06335990337866801	1.6892433184374368E-4	0.11171872473168482	0.06564337118380427	0.00222686945043473	0.12100631405684209
3	file:/C:/Users/apovzner/Documents/Hakluyt/morphad_lem/01_04_NNE-_0580_The_voyage_of_Malgo_king_of_Britaine_to_Island_Gotland_Orkney_Denmark_and_Norway_Anno_580_pp.007-008.txt	0.007185871511649378	8.47272797400348E-4	0.17482380348546808	3.0582646348940684E-5	3.259781719622221E-4	1.4252125279074732E-4	4.150139831363075E-5	0.1209900165679467	4.013764697476051E-4	3.990662398115181E-4	0.5731627066009225	3.1260493620840216E-5	3.763249596303565E-4	2.5534775443374893E-4	1.4617533379232144E-4	3.170324302639852E-4	8.366167223743272E-5	0.11970451604666986	6.862109633752817E-4	4.877320361453782E-5
4	file:/C:/Users/apovzner/Documents/Hakluyt/morphad_lem/01_05_NNE-_0624_The_conquest_of_the_Isles_of_Anglesey_and_Man_by_Edwin_the_Saxon_king_of_Northumberland_Anno_624_pp.008-010.txt	1.2951693640305488E-4	0.002815813758737889	0.3445635264612361	1.9840401783624024E-5	2.114773793813887E-4	9.246024316570688E-5	2.69239099759322E-5	0.09888724928622734	2.6039180309721417E-4	2.5889304822749015E-4	0.46021739152341856	2.0280153205687796E-5	2.4413970966024608E-4	1.6565610394560324E-4	0.03408705120436603	2.0567385579090363E-4	5.427526356423447E-5	0.057262620143270236	4.451773422859753E-4	3.1641472256715034E-5
5	file:/C:/Users/apovzner/Documents/Hakluyt/morphad_lem/01_06_NNE-_0624_The_voyage_of_Bertus_into_Ireland_Anno_684_pp.010-010.txt	3.9071576637543146E-4	0.0016581852077568687	0.3694904071913198	5.9852850162863295E-5	6.379671157363651E-4	2.789262606963256E-4	8.12217800406631E-5	0.19576984797916527	7.855280222842638E-4	7.810067050434762E-4	0.39024166946649136	6.117945515104521E-5	7.365000779954246E-4	4.997373579502601E-4	0.03446769845387491	6.204595354128331E-4	1.6373303590763608E-4	0.0018369369682048311	0.0013429734465224732	9.545332390782035E-5
6	file:/C:/Users/apovzner/Documents/Hakluyt/morphad_lem/01_07_NNE-_0890_The_voyage_of_Octher_to_the_North_parts_beyond_Norway_about_the_yeere_890_pp.011-014.txt	8.255779957712958E-5	0.08268730390631245	6.949663522531773E-5	1.2646839552201777E-5	1.348017300821013E-4	5.8936803449182334E-5	1.7162070269392677E-5	0.052922008009024725	1.6598118275997257E-4	0.007387563662237019	0.003009707320757894	1.2927149685955391E-5	0.45662001240722094	0.0015501015043244389	6.044787530380153E-5	1.311023981589513E-4	3.459660532262454E-5	0.3947387081508517	2.837687704899873E-4	2.016917939415969E-5
7	file:/C:/Users/apovzner/Documents/Hakluyt/morphad_lem/01_08_NNE-_0890_The_second_voyage_of_Octher_into_the_Sound_of_Denmarke_pp.014-015.txt	1.762469264649728E-4	0.11176403471710898	1.4836355160697314E-4	2.6998861548978238E-5	2.8777887408366486E-4	1.258200983649539E-4	3.663811477836766E-5	0.011214817267754761	0.00960567909422634	0.031190093441295513	2.5765739297476515E-4	2.759727623280111E-5	0.6078367129318821	2.254251836201244E-4	1.2904598097578522E-4	2.7988142666175513E-4	7.385789574657528E-5	0.22594449489319873	6.057982877666156E-4	4.305778370728351E-5
8	file:/C:/Users/apovzner/Documents/Hakluyt/morphad_lem/01_09_NNE-_0890_Wolstans_Navigation_into_the_East_sea_or_the_Sound_of_Denmarke_pp.015-016.txt	2.0104621075902476E-4	0.004370924005148308	1.6923943278670994E-4	3.079780690705191E-5	3.282715524830317E-4	1.435239440537364E-4	4.1793376447951565E-5	0.1429473693150735	0.0074395809482140085	0.09537951249269218	0.08823616977743318	3.1480423092526546E-5	0.4963733078255399	2.571442230823267E-4	1.4720373290605412E-4	3.192628740868207E-4	8.425026394678778E-5	0.16275896673497642	6.910387187034918E-4	4.9116341667106644E-5
9	file:/C:/Users/apovzner/Documents/Hakluyt/morphad_lem/01_10_NNE-_0973_The_voyage_of_King_Edgar_with_4000_shippes_round_about_his_large_Monarchie_Anno_973_pp.016-023.txt	4.30602528377886E-5	1.8274633491314774E-4	0.12962482879478993	6.596301155143841E-6	0.0015771534520167758	3.07400835653556E-5	8.951341833299833E-6	0.39451940970704036	0.006113947832137688	0.02871610901114096	0.20122661953327192	6.742504485347045E-6	0.06336861517942356	5.50753740639932E-5	0.10249691780869556	6.838000093608056E-5	0.015086484439857571	0.02807905966605432	0.006175383133645079	0.02261317924813614
10	file:/C:/Users/apovzner/Documents/Hakluyt/morphad_lem/01_11_NNE-_0973_The_voyage_of_Edmund_and_Edward_the_sonnes_of_King_Edmund_Ironside_into_Hungary_Anno_1017_pp.024-025.txt	1.7789267158489072E-4	0.016317843804701988	0.09041441232887708	2.725096946103537E-5	2.9046607372531537E-4	1.269949716919669E-4	3.698023137471849E-5	0.14516024593298293	3.5765047258080196E-4	3.555919193503861E-4	0.5916492373226353	2.7854971975893605E-5	3.35328076756426E-4	0.009565253941660582	0.018805698576580154	2.8249488212065527E-4	0.04365059196008939	0.05375012458178042	0.013061753464773939	0.015606332845296084
11	file:/C:/Users/apovzner/Documents/Hakluyt/morphad_lem/01_12_NNE-_1249_A_Chronicle_of_the_Kings_of_Man_taken_out_of_M_Camdens_Chorographie_pp.025-041.txt	2.1435467029726162E-5	0.0488480880206069	1.8044241012715694E-5	3.2836499233266436E-6	0.006785985555611386	0.008641561553870764	4.455993174548232E-6	0.21589527914506654	4.3095675863821845E-5	0.02817195334900788	0.5697394913073875	3.3564301895274185E-6	4.040590244339417E-5	2.7416614791971824E-5	1.5694803455621444E-5	3.403968065583878E-5	8.982729633445874E-6	0.11186709152520387	0.009825101590257453	5.236764813677391E-6
12	file:/C:/Users/apovzner/Documents/Hakluyt/morphad_lem/01_13_NNE-_1067_The_mariage_of_the_daughter_of_Harald_unto_Jeruslaus_duke_of_Russia_in_his_owne_Countrey_Anno_1067_pp.042-042.txt	3.961319390737834E-4	0.001681171271345698	0.14588636254898807	6.068254120906274E-5	6.46810731408064E-4	2.82792787025814E-4	8.234769106198872E-5	0.15689710186459827	7.964171539606097E-4	0.014654014226159704	0.6243772577161584	6.202753583579225E-5	7.467095754308057E-4	0.028231026937207235	2.900432688326952E-4	6.290604578360815E-4	1.6600273289767026E-4	0.02265567251819982	0.00136158998760333	9.677651516706356E-5
13	file:/C:/Users/apovzner/Documents/Hakluyt/morphad_lem/01_14_NNE-_1278_The_ancient_state_of_the_shipping_of_the_Cinque_Ports_pp.042-050.txt	0.005230320089669424	1.7976665167808976E-4	0.011152718117184043	6.488748311609568E-6	6.916308970805293E-5	3.0238865788881425E-5	8.805389996812208E-6	0.37178173834393563	0.02676610751175466	0.04158836573457684	0.40694636707709003	6.632567793118223E-6	0.0015621200527748769	5.417736881074956E-5	3.101415552865472E-5	6.726506343268646E-5	1.7750574240148387E-5	0.05504331446097599	0.07944729788110849	1.0348255641277557E-5
14	file:/C:/Users/apovzner/Documents/Hakluyt/morphad_lem/01_15_NNE-_1243_The_voyage_of_a_certaine_Englishman_into_Tartaria_and_from_thence_into_Poland_and_Hungary_Anno_1243_pp.050-054.txt	0.03431835521721599	3.1945514875529455E-4	6.33641277736302E-5	1.1530859799473836E-5	1.2290658420131627E-4	0.013224152447374507	1.5647658478487812E-5	0.4157066910106555	0.005419501239351426	0.07522183675635877	0.16078912135621184	1.17864348654295E-5	0.006727097468618675	9.62761404912894E-5	5.5113846619716463E-5	1.1953368794676276E-4	3.154373896073202E-5	0.27824967692196323	0.009478019939444929	1.8389414913072307E-5
15	file:/C:/Users/apovzner/Documents/Hakluyt/morphad_lem/01_16_NNE-_1246_Libellus_historicus_Johannis_de_Plano_Carpini_pp.055-094.txt	6.080563375808089E-6	2.5805716360329482E-5	0.027028472408468077	9.314675269293678E-7	9.928443673780524E-6	4.3408250992141804E-6	1.2640241923553246E-6	1.741317081680167E-4	1.2224878886466668E-5	1.2154515316857536E-5	8.889244985159586E-6	9.521129843168035E-7	1.1461875322009995E-5	7.777225640174534E-6	0.017346210678129324	9.655979747633261E-6	0.853153234537875	5.605433471959892E-4	2.0900193584102066E-5	0.1016050402534686
16	file:/C:/Users/apovzner/Documents/Hakluyt/morphad_lem/01_17_NNE-_1246_The_long_and_wonderfull_voyage_of_Frier_John_de_Plano_Carpini_Anno_1246_pp.094-179.txt	7.421029736532233E-4	0.009185696227362537	0.019452373612468057	0.010710025464996957	5.743743650765775E-6	0.004926413112220722	7.312556899958422E-7	0.1095344570056927	7.072263568453789E-6	0.01059342060814834	0.007390995378864209	5.508106897884974E-7	6.630855325343827E-6	0.009975400549277081	0.01649764692493744	9.903664962823118E-4	0.5276591097793847	0.15487325256152346	2.5828614877106235E-4	0.11718972422749287
17	file:/C:/Users/apovzner/Documents/Hakluyt/morphad_lem/01_18_NNE-_1253_The_journall_of_Frier_William_de_Rubricis_Anno_1253_pp.179-293.txt	0.0045626848010064825	0.0014390675187652734	0.01851879194356884	0.005804106164402336	4.298434089406067E-6	0.005160726339306076	5.472483761581551E-7	0.08561091480075966	5.292655915772527E-6	0.011474484577521767	0.005485123477012517	4.122091078142891E-7	7.419404653157546E-4	0.0064058647193431205	0.015248162885610102	4.18047318165799E-6	0.15518106388667116	0.18246052881376593	9.048558618944352E-6	0.5018827600276612
18	file:/C:/Users/apovzner/Documents/Hakluyt/morphad_lem/01_19_NNE-_1278_Part_of_the_great_Charter_graunted_by_King_Edward_the_first_to_the_Barons_of_the_Cinque_Ports_pp.293-296.txt	0.03186600372116836	0.017266849661510424	8.988040429604095E-5	1.6356231468382724E-5	1.7433986494890276E-4	7.622331217553692E-5	2.21958057302914E-5	0.1543810854442456	2.1466443322951817E-4	0.08801836229367094	0.28972555318938836	1.6718758201775908E-5	2.0126636775686025E-4	1.365652575907583E-4	7.817759023192351E-5	1.695554973633359E-4	4.474399175710366E-5	0.030393028390362023	0.38708234486737675	2.60849175271444E-5
19	file:/C:/Users/apovzner/Documents/Hakluyt/morphad_lem/01_20_NNE-_1345_The_rolle_of_the_huge_Fleete_of_Edward_the_thirde_before_Caleis_pp.297-299.txt	1.5029264456983441E-4	0.03745306342410484	1.2651540072794736E-4	2.3022984763238904E-5	2.454002966455081E-4	1.0729171681222907E-4	3.1242752838520314E-5	0.006933654109566174	0.7497549811458762	0.06078257928673804	0.13433232444508234	2.3533276359155242E-5	2.833019651975375E-4	1.922288670698735E-4	1.100425530303576E-4	2.3866583447815836E-4	6.29815151773554E-5	0.008595572841790373	5.165878836611478E-4	3.6717055511147675E-5
20	file:/C:/Users/apovzner/Documents/Hakluyt/morphad_lem/01_21_NNE-_1345_The_summe_of_expences_layde_out_in_the_siege_of_Caleis_pp.299-300.txt	2.0538101153757846E-4	8.716304398080468E-4	0.03970178446261129	3.146184507446831E-5	3.3534948633668726E-4	0.0037401544968013196	4.2694492465413414E-5	0.005881584345720406	0.316644083530955	0.1333713707845285	0.3416861690331561	3.21591792949712E-5	3.8714365795738026E-4	2.6268856522242254E-4	0.10076938568002382	3.2614656987959363E-4	0.050395570829904215	9.655918832263534E-4	0.004299474355777017	5.017534971950648E-5
21	file:/C:/Users/apovzner/Documents/Hakluyt/morphad_lem/01_22_NNE-_1360_A_note_of_Thomas_Walsingham_touching_King_Edward_the_thirde_his_huge_Fleete_of_1100_ships_wherewith__pp.300-301.txt	1.699575865789969E-4	7.212945579998768E-4	0.1547772901966096	2.6035412028344034E-5	2.7750953669765756E-4	1.2133023077420539E-4	3.5330690239146854E-5	0.055420643809996624	0.021157842237361026	0.050893225694867573	0.4611773908315496	2.6612472391755147E-5	0.018162780536203155	2.1738092646862592E-4	0.11907384174578212	2.6989390826722895E-4	0.05359845262636186	7.990498482056243E-4	5.841804847755167E-4	0.06248995666684144
22	file:/C:/Users/apovzner/Documents/Hakluyt/morphad_lem/01_23_NNE-_1360_The_voyage_of_Nicolaus_de_Linna_a_Franciscan_Frier_and_an_excellent_Mathematician_of_Oxford_to_all_t_pp.301-303.txt	1.1949738238723338E-4	0.05277805926949537	0.15273166745627667	1.830552933460327E-5	1.951172871441682E-4	8.530743036420719E-5	2.4841050561457932E-5	0.08914640049902604	2.4024764428009628E-4	2.3886483451987474E-4	0.38697947449001197	1.871126116626235E-5	0.16540134803019266	1.5284078938034641E-4	0.050267574169759736	1.8976272968669912E-4	0.018867606310412614	0.0026526495520349078	4.1073799750582045E-4	0.07948098628645929
23	file:/C:/Users/apovzner/Documents/Hakluyt/morphad_lem/01_24_NNE-_1360_A_Testimonie_of_the_learned_Mathematician_Master_John_Dee_touching_the_foresaid_voyage_of_Nicholas_D_pp.303-304.txt	1.7900701697338964E-4	7.597000509693846E-4	0.10977321456759598	2.7421673469696786E-5	2.9228559516421136E-4	1.27790486536995E-4	3.721188088524021E-5	0.11161675629435712	3.598908467978179E-4	3.5781939849264236E-4	0.47946874157642655	2.8029459543546393E-5	0.16320518389564342	2.2895542339308118E-4	1.310668876343271E-4	2.842644708640312E-4	0.11282961434309625	8.415954393059422E-4	0.019407718608702773	4.373208414762371E-5
24	file:/C:/Users/apovzner/Documents/Hakluyt/morphad_lem/01_25_NNE-_1390_The_voyage_of_Henry_Earle_of_Derby_afterward_King_of_England_into_Prussia_and_Letto_Anno_1390_pp.304-305.txt	0.04226465609242303	0.025387759655396535	0.09130799453304948	3.0689849520437534E-5	3.2712084266096973E-4	1.4302084102554377E-4	4.164687563662014E-5	0.1319302087334185	4.0278343858967986E-4	4.0046511046701967E-4	0.5506343311070062	3.1370072890746234E-5	0.0038830036656654263	2.562428401237695E-4	1.466877308948596E-4	3.181437429216235E-4	0.12277153924749376	9.418986561096805E-4	0.028731492793476417	4.894417122969716E-5
25	file:/C:/Users/apovzner/Documents/Hakluyt/morphad_lem/01_26_NNE-_1402_The_voyage_of_Thomas_of_Woodstock_duke_of_Glocester_into_Prussia_Anno_1391_pp.306-307.txt	1.9160987206550808E-4	0.017576103253426286	0.1711430502880875	2.9352275872692816E-5	0.0036654471615550645	1.367874801253328E-4	3.983175551602952E-5	0.18652671886177066	0.0037378121103458567	0.010440761658791283	0.4763469619802782	3.0002852670309822E-5	0.01041893528307613	2.45074858666429E-4	0.016903211642586964	3.0427789824084557E-4	0.0537216305635658	9.008473365058003E-4	0.020774104515968363	0.026867478350884964
26	file:/C:/Users/apovzner/Documents/Hakluyt/morphad_lem/01_27_NNE-_1402_Certaine_verses_of_Geffrey_Chaucer_concerning_the_long_Voyages_and_valiant_exploits_of_the_English_k_pp.307-308.txt	2.154457692029646E-4	0.034841089689615856	0.045417020544168095	3.3003642166662045E-5	3.517833878347959E-4	1.5380357783894444E-4	4.478674878986148E-5	0.17580353684102681	4.331503961601039E-4	0.011739572196332721	0.6788498574363852	3.373514945841723E-5	0.03810249879315209	2.755616966313986E-4	1.5774692467845455E-4	3.421294797146366E-4	9.028453136739208E-5	0.012321825914635173	7.405330731577677E-4	5.2634207682675254E-5
27	file:/C:/Users/apovzner/Documents/Hakluyt/morphad_lem/01_28_NNE-_0604_A_testimonie_out_of_Cornelius_Tacitus_proving_London_to_have_bene_a_famous_Mart-towne_in_the_raigne__pp.308-309.txt	2.1383361840550708E-4	9.075030328323982E-4	0.14235436750772934	3.275668049164367E-5	0.05272917977895415	1.526526870064989E-4	4.445161576290896E-5	0.0809522577654027	4.2990919184603496E-4	4.274347341743478E-4	0.6775115487689284	3.3482714015832606E-5	4.030768404732665E-4	0.018980652827190168	1.5656652632875542E-4	3.395693722890131E-4	8.960894474631112E-5	0.008488192776891487	0.01570071426332161	5.2240353209676853E-5
28	file:/C:/Users/apovzner/Documents/Hakluyt/morphad_lem/01_29_NNE-_0604_A_testimony_out_of_venerable_Beda_prooving_London_to_have_bene_a_Citie_of_great_traffique_in_his_tim_pp.309-309.txt	4.4904188880401217E-4	0.0019057194046337785	0.17322874276263342	6.878769479092532E-5	7.33202965681804E-4	3.2056442488109983E-4	9.334658250375832E-5	0.036429961412697325	0.02447334753706381	8.975955315412969E-4	0.6370614645817508	7.0312335619004E-5	0.00870329686197919	0.024144893989090567	3.2878332803976346E-4	0.03999734142583992	1.8817513402551866E-4	0.0413954148365338	0.00940030468799827	1.0970261389196926E-4
29	file:/C:/Users/apovzner/Documents/Hakluyt/morphad_lem/01_30_NNE-_0795_The_league_betweene_Carolus_Magnus_and_Offa_King_of_Mercia_concerning_the_safe_trade_of_English_Merc_pp.310-312.txt	1.1974775538271825E-4	0.004698640452277395	0.11952819501690436	0.06497008345272019	1.9552610028029916E-4	8.548616797712153E-5	2.489309796296426E-5	0.1584753559692318	2.4075101532601318E-4	0.07776240931037261	0.31864810624027406	1.875046532633605E-5	0.019082681431132613	1.5316102406252066E-4	0.1677050703719624	1.9016032386084668E-4	0.004240616209319619	0.03618168591693888	0.027649424853913238	2.925482477407339E-5
30	file:/C:/Users/apovzner/Documents/Hakluyt/morphad_lem/01_31_NNE-_0795_An_ancient_testimony_translated_out_of_the_olde_Saxon_Lawes_conteyning_the_advancement_of_Merchants__pp.312-312.txt	4.4209493985434E-4	0.0018762367756263794	3.7215273332608464E-4	6.772350764938504E-5	0.016192463224427023	3.156050998153219E-4	9.190245455167098E-5	0.2601901165191335	8.888250581420546E-4	8.837091871031886E-4	0.45702910249196377	6.922456136395977E-5	8.333499328799499E-4	0.016036056235731795	3.236968515832375E-4	7.020500440384495E-4	1.8526395116648798E-4	0.17225513127657358	0.07113728970680391	1.0800544826587835E-4
31	file:/C:/Users/apovzner/Documents/Hakluyt/morphad_lem/01_32_NNE-_1027_A_testimony_of_certaine_Privileges_obteined_for_the_English_and_Danish_Merchants_by_Canutus_the_King_pp.313-314.txt	1.8013541120680734E-4	7.644889199820917E-4	0.19556420685994755	2.7594529588619035E-5	2.941280557876594E-4	1.2859603064656154E-4	0.018948340322448926	0.03982858733079824	3.621594660008676E-4	0.016119153186371804	0.2933821970227887	2.8206146921781708E-5	3.395556458708954E-4	2.3039867396411811E-4	0.10729362502396114	2.860563692773554E-4	0.12929992885689018	0.01345416312770909	0.08571818626155674	0.09775029275828094
32	file:/C:/Users/apovzner/Documents/Hakluyt/morphad_lem/01_33_NNE-_1140_The_flourishing_state_of_Merchandise_in_the_City_of_London_in_the_dayes_of_Wilhelmus_Malmesburiensis_pp.314-315.txt	1.9894671198947836E-4	8.443234784537298E-4	0.19162002734727018	3.0476189516393475E-5	3.248434564352962E-4	1.4202514264482826E-4	4.135693379083113E-5	0.15885936675012183	3.999792960975298E-4	0.0038786326581384716	0.22655295322946828	3.115167723206972E-5	3.7501498917346396E-4	0.00373541445042004	0.12197911075987872	3.1592885446627415E-4	0.0035643259998444318	0.12973069659766479	0.1259982220996089	0.03137720337778451
33	file:/C:/Users/apovzner/Documents/Hakluyt/morphad_lem/01_34_NNE-_1140_A_testimony_of_the_said_Wil_of_Malmesbury_concerning_traffique_to_Bristow_in_his_time_pp.315-315.txt	4.193863787469153E-4	0.0017798623690671296	0.15445044254960674	6.424483537059373E-5	0.008022752664054713	2.993937907753848E-4	0.007425153513174023	0.21013538402472554	8.431698462699637E-4	0.07421803377503147	0.06665485104984409	6.566878625740441E-5	7.905442453031871E-4	5.364079438604639E-4	0.13239056053739243	6.659886805431559E-4	1.7574771974919722E-4	0.17808305172867017	0.16287689789975265	1.0245766180469743E-4
34	file:/C:/Users/apovzner/Documents/Hakluyt/morphad_lem/01_35_NNE-_1157_The_league_betweene_Henry_the_second_and_Frederick_Barbarossa_Emperour_of_Germany_partly_touching_tr_pp.316-318.txt	0.008412487426831074	5.029368313390527E-4	0.09962753167559675	1.8153703619297572E-5	1.9349898804187605E-4	8.459989214451455E-5	2.4635019356268525E-5	0.2024492627937536	0.004385245611586893	0.09769116224748882	0.08933354307322339	1.8556070318791507E-5	0.010590861027466739	1.515731307537426E-4	0.365021939689252	1.881888411830445E-4	0.07054850094852055	5.571532382732274E-4	0.012848303074517361	0.03735186671673304
35	file:/C:/Users/apovzner/Documents/Hakluyt/morphad_lem/01_36_NNE-_1199_A_generall_safe_conduct_granted_by_King_John_to_all_forreine_Merchants_pp.319-320.txt	1.699575865789969E-4	7.212945579998768E-4	1.4306922494004983E-4	2.6035412028344034E-5	2.7750953669765756E-4	1.2133023077420539E-4	3.5330690239146854E-5	0.016762088567079232	3.4169710655935527E-4	0.012234670451950187	0.050801958252888205	2.6612472391755147E-5	3.2037042408743807E-4	2.1738092646862592E-4	0.8357439812490967	2.6989390826722895E-4	0.029808572476874243	0.012693989922949433	0.0392427357276929	4.152127443643525E-5
36	file:/C:/Users/apovzner/Documents/Hakluyt/morphad_lem/01_37_NNE-_1229_The_letters_of_King_Henry_the_third_unto_Haquinus_king_of_Norwey_pp.320-322.txt	1.2178915341497047E-4	5.168692692679492E-4	1.0252134156474257E-4	1.8656600470542374E-5	1.988593284906357E-4	8.694349212098988E-5	2.5317462670560198E-5	0.07593953849326258	2.448552145853521E-4	0.10679022549489957	0.07689172627245905	1.9070113597810207E-5	2.2957282175025832E-4	1.5577203428262612E-4	0.735261951933512	1.9340207907956705E-4	5.10368650188872E-5	0.0027035231801315757	4.1861530346742085E-4	2.9753545952911417E-5
37	file:/C:/Users/apovzner/Documents/Hakluyt/morphad_lem/01_38_NNE-_1229_A_mandate_for_the_king_of_Norway_his_ship_called_The_Cog_pp.322-323.txt	1.7304512873376866E-4	0.01890094304747437	1.456682984615346E-4	2.6508385514096616E-5	0.006338065945995653	1.2353438187863065E-4	3.597252681535551E-5	0.004955567764732153	3.479045624423275E-4	0.09117862740133945	0.05475261182649191	2.7095929070601618E-5	3.2619044783231693E-4	2.2132998686436918E-4	0.7661493516654363	0.009358069477805769	7.251615295550373E-5	0.003841323333175331	0.042983398164441175	4.227557253940786E-5
38	file:/C:/Users/apovzner/Documents/Hakluyt/morphad_lem/01_39_NNE-_1236_A_Charter_granted_for_the_behalfe_of_the_Merchants_of_Colen_in_the_20_yeere_of_Henry_the_thirde_pp.323-324.txt	1.5311105360989405E-4	6.497984112472198E-4	1.2888791969012937E-4	2.3454730365770483E-5	2.500022411816404E-4	1.093037377295042E-4	3.182864216988755E-5	0.009742652098104092	3.078274118492364E-4	0.07531728583555498	0.051124312436869025	2.397459136178031E-5	2.886146724299157E-4	1.9583369801992316E-4	0.8466674184953796	2.4314148894130186E-4	6.416259541079312E-5	7.198464429166474E-4	0.013921137893781589	3.740560338701465E-5
39	file:/C:/Users/apovzner/Documents/Hakluyt/morphad_lem/01_40_NNE-_1257_The_Charter_of_Lubeck_granted_for_seven_yeeres_in_the_time_of_Henry_the_third_pp.324-325.txt	1.689527451892521E-4	0.02141010373832086	1.4222335579285733E-4	2.5881482685548972E-5	2.758688151850989E-4	1.2061288922939272E-4	3.512180436005698E-5	0.0669175935024118	3.396768884429531E-4	0.0831100165670749	0.08006313534120785	2.6455131291066787E-5	3.1847629586019636E-4	0.003172249088748169	0.6623020635056083	2.6829821268619736E-4	7.08012019872894E-5	7.943256203785062E-4	0.08039686802561535	4.127578792448546E-5
40	file:/C:/Users/apovzner/Documents/Hakluyt/morphad_lem/01_41_NNE-_1260_A_Charter_of_the_Merchants_of_Almaine_or_the_Stilyard-merchants_pp.326-327.txt	2.0612171734966586E-4	8.747739715684792E-4	1.7351196223783637E-4	3.157531209525659E-5	3.3655892294307314E-4	1.4714727384050206E-4	4.284846998493433E-5	0.005902796256580823	4.1440453371400056E-4	0.03647698007201316	0.0724312532001781	3.2275161248889016E-5	3.885398900404487E-4	2.636359505019694E-4	0.7647280879614442	0.03999877964643112	8.637720167076066E-5	0.011788562512989329	0.033166948996969356	0.03250882098619818
41	file:/C:/Users/apovzner/Documents/Hakluyt/morphad_lem/01_42_NNE-_1303_A_mandate_of_King_Edward_the_first_concerning_outlandish_Merchants_pp.327-327.txt	4.017003825099185E-4	0.0017048035670722999	3.381488496078572E-4	6.153555825957798E-5	6.559029772394715E-4	2.867680172038758E-4	8.350525604108928E-5	0.004475145428479607	8.076124236067952E-4	0.035945569820626314	5.872503730443283E-4	6.28994595327101E-5	7.572061035414371E-4	5.137870163402204E-4	0.8507451814316755	0.0920086783374061	1.6833624034103838E-4	0.0018885807696468998	0.008409251081087438	9.813690673739258E-5
42	file:/C:/Users/apovzner/Documents/Hakluyt/morphad_lem/01_43_NNE-_1303_King_Edw_the_first_his_great_Charter_granted_to_forreine_Merchants_Anno_Dom_1303_pp.327-339.txt	2.458953529941057E-5	1.0435720083002486E-4	2.069931579834175E-5	3.7668143917076485E-6	4.015019679853116E-5	1.7554108954831704E-5	5.111659163177378E-6	0.05620530061307939	4.9436881474792896E-5	0.04909665330246541	0.0026173951416286045	3.850303728439273E-6	9.068338011877529E-4	3.145076411363571E-5	0.5782622261172717	0.08737801938682727	0.09552385898802009	0.009580914073401208	0.09344686781314193	0.026680963982423676
43	file:/C:/Users/apovzner/Documents/Hakluyt/morphad_lem/01_44_NNE-_1313_The_letters_of_Edward_the_second_unto_Haquinus_King_of_Norway_concerning_certain_English_Merchants_a_pp.339-343.txt	6.574759624167935E-5	0.02213626420877558	5.534591203197771E-5	1.00717231427012E-5	1.0735375418815138E-4	0.0011973169568901517	1.3667574384527832E-5	0.09506367980116902	1.3218452821799992E-4	0.12322215981300877	9.611716119971764E-5	1.0294957259778965E-5	1.239343633588609E-4	8.40931768436139E-5	0.6270056272913758	1.0440767056076508E-4	0.08860686690451006	3.0911010125682045E-4	0.041639694121773894	1.606238381019743E-5
44	file:/C:/Users/apovzner/Documents/Hakluyt/morphad_lem/01_45_NNE-_1313_Another_letter_of_Edw_the_second_unto_the_said_Haquinus_for_the_merchants_aforesaid_pp.343-344.txt	1.6086836846560126E-4	6.827202072243148E-4	1.354179784322033E-4	2.4643055597772155E-5	2.6266851219052277E-4	1.1484157114180472E-4	3.34412285437658E-5	0.07497439809046066	3.234233737254838E-4	0.22549769445030604	2.351753035488439E-4	2.518925515871358E-5	3.0323722797525205E-4	2.0575553984049214E-4	0.684090288830125	2.554601624774968E-4	0.011326220000885042	7.563171964893629E-4	5.529389029750722E-4	3.930074443659613E-5
45	file:/C:/Users/apovzner/Documents/Hakluyt/morphad_lem/01_46_NNE-_1313_A_third_letter_of_King_Edward_the_second_to_the_said_Haquinus_in_the_behalfe_of_our_English_merchant_pp.344-349.txt	5.6571492034121404E-5	0.0012299147126695986	0.017864509523904237	8.66605683107851E-6	9.237086064050014E-5	4.038555925569547E-5	1.1760050855363846E-5	0.14118568479963806	1.1373611223186028E-4	0.26340709300760445	8.270250974902109E-5	8.858135139608416E-6	1.0663738676829572E-4	7.235666025637432E-5	0.4702092987379653	8.983594900896452E-5	0.07920987568653963	2.6596895750587553E-4	0.025929953174189536	1.382062721239913E-5
46	file:/C:/Users/apovzner/Documents/Hakluyt/morphad_lem/01_47_NNE-_1320_An_Ordinance_for_the_Staple_to_be_holden_at_one_certaine_place_pp.350-355.txt	0.0011339466735391542	0.0013328168568690437	5.160583176449644E-5	9.391111845451515E-6	1.0009916856587174E-4	4.37644607350383E-5	1.2743968224955103E-5	0.03929807872134398	1.2325196703138835E-4	0.14492922152934912	0.01403396876862137	9.599260593336546E-6	1.1555931902688722E-4	7.84104584675775E-5	0.6103782223468068	0.006533204569570861	0.0440040149843608	2.882215378969502E-4	0.1375089015204561	1.4976944930763656E-5
47	file:/C:/Users/apovzner/Documents/Hakluyt/morphad_lem/02_01_NNE-_1262_A_Catalogue_of_the_great_Masters_of_Prussia_pp.001-011.txt	0.0456695212446808	0.04044536687362693	2.8513954842980527E-5	5.188904624356982E-6	5.530815170914072E-5	2.4181334055830484E-5	7.041470354456059E-6	0.32338292400951496	0.004809466916851949	0.24484073206466697	0.2821608000730006	5.3039137966711066E-6	6.565211622738252E-4	4.3324411127892636E-5	2.480131564900284E-5	5.379034321288898E-5	1.4194730992247488E-5	0.05764831563469893	1.1642822535747608E-4	8.275264962116207E-6
48	file:/C:/Users/apovzner/Documents/Hakluyt/morphad_lem/02_02_NNE-_1388_The_Oration_or_speach_of_the_Ambassadours_sent_from_Conradus_de_Zolner_Master_generall_of_the_land_o_pp.012-018.txt	5.73089291471834E-5	0.00726232720752105	4.82422952706543E-5	8.779023127376426E-6	9.357496006147168E-5	0.001043641997144842	1.1913348879517267E-5	0.3866894975063877	1.1521871817417076E-4	0.5295559915011107	8.378057747959314E-5	8.973605270757262E-6	1.0802745734652013E-4	7.329986477037379E-5	4.196094155400677E-5	9.100700461496476E-5	2.401583391663712E-5	0.03837317570206044	0.03629526274030329	1.4000785858843713E-5
49	file:/C:/Users/apovzner/Documents/Hakluyt/morphad_lem/02_03_NNE-_1390_An_agreement_made_by_the_Ambassadours_of_England_and_Prussia_confirmed_by_king_Richard_the_second_pp.018-024.txt	5.426196363774684E-5	2.302860370407891E-4	4.567737891341047E-5	8.312265484654418E-6	8.859982477108874E-5	3.873682077363035E-5	1.1279947354171232E-5	0.22276819314142582	1.0909284101083096E-4	0.7188174879144308	7.932618383204504E-5	8.496502205629768E-6	1.0228392066724239E-4	6.940270313910172E-5	3.972998830533966E-5	8.616840078297254E-5	2.2738974992325033E-5	0.011648120399230867	0.04575854839121938	1.3256400782177162E-5
50	file:/C:/Users/apovzner/Documents/Hakluyt/morphad_lem/02_04_NNE-_1398_The_letters_of_Conradus_de_Jungingen_Master_generall_of_Prussia_unto_Rich_the_second_pp.025-027.txt	1.3221347413357526E-4	5.611097527704618E-4	1.1129646902893541E-4	2.0253478200377223E-5	2.158803304431622E-4	9.438526194080767E-5	2.7484464766058646E-5	0.2605657888989295	2.6581315061569445E-4	0.7081430007084712	1.932843865402882E-4	2.0702385230460896E-5	2.492226892063992E-4	1.6910505778118662E-4	9.680519150031611E-5	2.0995597771043272E-4	5.5405272504373696E-5	6.215971794119781E-4	0.02821439562429926	3.2300246515580477E-5
51	file:/C:/Users/apovzner/Documents/Hakluyt/morphad_lem/02_05_NNE-_1407_A_briefe_relation_of_William_Esturmy_and_John_Kington_concerning_their_Ambassages_into_Prussia_and_t_pp.027-033.txt	5.696619885036245E-5	0.0032319625236243345	4.795378706742175E-5	8.726521060996571E-6	9.301534440795789E-5	4.0667334668412444E-5	1.1842102292670002E-5	0.15811848834173428	1.1452966419834536E-4	0.8224188151525904	8.32795361477325E-5	8.919939525405398E-6	1.0738140998405592E-4	7.28615022885838E-5	4.1709998356014765E-5	9.046274636117037E-5	2.387220963314174E-5	2.6782465826011363E-4	0.015146803973383836	1.3917055564724895E-5
52	file:/C:/Users/apovzner/Documents/Hakluyt/morphad_lem/02_06_NNE-_1407_Certaine_Articles_of_complaint_exhibited_by_the_Livonians_pp.033-034.txt	1.9096963044916857E-4	8.104689997007479E-4	1.6075703100638572E-4	2.9254198731127005E-5	3.1181834677699997E-4	1.3633042101649675E-4	3.9698662438630546E-5	0.21931727358471548	3.8394149669135287E-4	0.7755821604354866	2.7918068193186923E-4	2.9902601703690168E-5	3.5997817294483825E-4	2.4425597015121134E-4	1.3982577621172787E-4	3.032611898046565E-4	8.002758027828557E-5	8.9783726218874E-4	6.564033623844309E-4	4.665459538764974E-5
53	file:/C:/Users/apovzner/Documents/Hakluyt/morphad_lem/02_07_NNE-_1407_Other_complaints_exhibited_by_the_Cities_of_the_Hans_pp.034-036.txt	1.3930305826796588E-4	5.911977209368102E-4	1.1726443625929551E-4	2.133951529800733E-5	2.2745631977153118E-4	9.944641217501006E-5	2.895824364241438E-5	0.1282954095817794	2.800666501751531E-4	0.863109225466669	2.0364873048648113E-4	2.1812493733665616E-5	2.6258657087509186E-4	1.781728516845484E-4	1.0199610380547128E-4	2.2121428990781532E-4	5.837622794959369E-5	0.005529678737169934	4.7881433096172806E-4	3.4032258451084206E-5
54	file:/C:/Users/apovzner/Documents/Hakluyt/morphad_lem/02_08_NNE-_1403_Compositions_and_Ordinances_concluded_betweene_the_Ambassadours_of_Prussia_and_the_Chanceller_and_Tr_pp.036-038.txt	1.3100127783880936E-4	5.559652304914528E-4	1.1027604982989749E-4	2.0067784636302088E-5	2.1390103643859158E-4	9.351989276754501E-5	2.7232474062604472E-5	0.05188604807157415	2.633760486607843E-4	0.9239859926082115	1.9151226294444708E-4	2.0512575872272282E-5	2.4693769652764716E-4	0.009336032363669498	9.591763525675026E-5	2.0803100100202695E-4	5.4897290496636396E-5	0.01207649525681641	4.5027934047837953E-4	3.200410242434622E-5
55	file:/C:/Users/apovzner/Documents/Hakluyt/morphad_lem/02_09_NNE-_1403_The_letters_of_the_Chanceller_and_Treasurer_of_England_unto_Conradus_de_Jungingen_master_generall_of_pp.038-041.txt	0.0017379452734033703	3.98757329424646E-4	7.909376471402405E-5	1.4393303340151565E-5	0.0017974038232122782	6.707567423793929E-5	1.9532064300551695E-5	0.24106879943016538	1.8890233424409184E-4	0.7317618807213886	1.373591626517593E-4	1.4712322868135679E-5	1.771121843619537E-4	0.0017641625852589094	6.879541737870784E-5	1.492069680756402E-4	3.937421937651957E-5	0.0037297165528921454	0.016762822428906705	2.2954439798481847E-5
56	file:/C:/Users/apovzner/Documents/Hakluyt/morphad_lem/02_10_NNE-_1404_The_letters_of_king_Henry_the_fourth_unto_Conradus_de_Jungingen_the_master_generall_of_Prussia_for_e_pp.041-043.txt	1.3407442376388456E-4	5.69007563442362E-4	1.1286300469598005E-4	2.053855279671822E-5	2.1891891954130038E-4	9.571376661452904E-5	2.7871317958449403E-5	0.3768360628005624	2.695545611459848E-4	0.5961240724484823	1.960049300403653E-4	2.099377834597819E-5	0.004944510657213415	1.7148526900264956E-4	9.816775750589985E-5	2.1291117952826498E-4	5.618512056494302E-5	0.002976236408125734	0.01688207265719426	3.275488347452871E-5
57	file:/C:/Users/apovzner/Documents/Hakluyt/morphad_lem/02_11_NNE-_1404_The_letters_of_Conradus_de_Jungingen_unto_king_Henry_the_fourth_pp.044-046.txt	1.3829185094299464E-4	5.869061894130181E-4	1.1641320830796135E-4	2.1184610772227484E-5	2.258052038554575E-4	9.872452608231538E-5	2.8748034416187754E-5	0.4878967313700549	2.7803363344416004E-4	0.4406585647674253	2.0217043495909296E-4	2.1654155835606385E-5	2.6068044284596276E-4	1.7687948673639445E-4	1.0125570938363295E-4	2.1960848517442032E-4	5.7952472218450523E-5	0.01032890262583511	0.05854770757557941	3.378521671733524E-5
58	file:/C:/Users/apovzner/Documents/Hakluyt/morphad_lem/02_12_NNE-_1405_An_agreement_made_betweene_king_Henry_the_fourth_and_Conradus_de_Jungingen_pp.047-055.txt	4.422649531978745E-5	9.615234692910556E-4	3.7229584948687834E-5	6.774955160269324E-6	7.221374740015313E-5	3.157264698501697E-5	9.193779683263558E-6	0.15293675033230195	8.89166867347113E-5	0.8257624952992771	6.465521818204178E-5	6.925118256694407E-6	8.571946794501465E-4	5.65670336970049E-5	3.238213334061857E-5	7.023200264891757E-5	1.8533519682196778E-5	2.0792937275275524E-4	0.01872387922657141	1.0804698316194768E-5
59	file:/C:/Users/apovzner/Documents/Hakluyt/morphad_lem/02_13_NNE-_1405_An_agreement_betweene_king_Henry_the_fourth_and_the_Hans-townes_pp.055-067.txt	2.695538851555402E-5	0.0317140360086011	2.269087612094165E-5	4.129234007805501E-6	4.401320075806001E-5	1.9243056900436706E-5	5.603471437129632E-6	0.022938843433141714	5.419339287726926E-5	0.7589168347179135	5.110427811433797E-4	4.220756172868979E-6	5.0810966571096785E-5	0.004750840673201797	1.973642674707519E-5	0.05003626281153009	1.129590350720746E-5	0.038800913916587965	0.0920617476819749	6.585302289961826E-6
60	file:/C:/Users/apovzner/Documents/Hakluyt/morphad_lem/02_14_NNE-_1405_A_testimonie_out_of_Albertus_Krantzius_concerning_the_surprise_of_Bergen_in_Norway_wherein_21_houses_pp.068-071.txt	9.832293188549397E-5	0.045146350557355795	8.276762421636617E-5	1.5061863933233721E-5	1.6054329685139622E-4	7.019130040728465E-5	2.043931736013726E-5	0.15076572075778696	0.044926747919349724	0.5180215553239412	0.05691525283842849	1.53957017332846E-5	0.005346385617370657	0.02421064250487314	7.199092461961611E-5	0.10165672214877304	4.120312903237871E-5	0.0434709842302823	0.008939701351584235	2.402066021521768E-5
61	file:/C:/Users/apovzner/Documents/Hakluyt/morphad_lem/02_15_NNE-_1407_The_grievances_and_offences_whereat_the_merchants_of_the_Hans_found_themselves_agrieved_pp.072-083.txt	3.197763306116556E-5	6.952222747555488E-4	2.6918569918335393E-5	4.898580105758733E-6	5.221360407684442E-5	2.2828363693671932E-5	6.647492889292179E-6	0.11057976103083506	6.429053807808866E-5	0.5030636114037947	4.6748466672870154E-5	5.0071543973025015E-6	6.197881320516072E-4	4.090036603266856E-5	2.341365668286945E-5	0.11754792764899852	1.3400521281278558E-5	0.02253075070003273	0.24461588160721442	7.81225542728648E-6
62	file:/C:/Users/apovzner/Documents/Hakluyt/morphad_lem/02_16_NNE-_1407_A_letter_of_Henry_the_fourth_king_of_England_unto_Conradus_de_Jungingen_Master_generall_of_Prussia_pp.083-085.txt	1.325200365961601E-4	5.624107940502326E-4	1.1155453137731632E-4	2.0300439799364806E-5	0.00253507393306176	9.460411239097477E-5	2.7548192803285752E-5	0.3840606922278521	0.0025851225321170137	0.6077624730917071	1.937325537025634E-4	2.0750387707055818E-5	2.498005601218699E-4	1.6949716050209822E-4	9.702965302431593E-5	2.1044280117515985E-4	5.5533740324241775E-5	6.230384724670551E-4	4.554996383478943E-4	3.2375140872443906E-5
63	file:/C:/Users/apovzner/Documents/Hakluyt/morphad_lem/02_17_NNE-_1408_A_letter_of_Werneherus_de_Tettingen_commander_in_Elbing_unto_sir_William_Sturmy_Ambassadour_unto_kin_pp.085-090.txt	6.900212342663674E-5	2.9284280343046183E-4	5.80855524991701E-5	1.0570276681400854E-5	1.1266779958881174E-4	4.9259604868375104E-5	1.4344123717576677E-5	0.2917340259438964	1.3872770492874832E-4	0.7028010366929636	1.0087499162922174E-4	1.0804560959156268E-5	1.300691542524952E-4	8.825581617571883E-5	5.052256448155543E-5	1.0957588387321887E-4	2.891597453956E-5	3.2441115080374686E-4	0.003859149800303218	1.6857476980955324E-5
64	file:/C:/Users/apovzner/Documents/Hakluyt/morphad_lem/02_18_NNE-_1408_The_letters_of_Ulricus_de_Jungingen_master_generall_of_Prussia_signifying_unto_king_Henry_the_4_that_pp.091-095.txt	7.956939611519698E-5	3.3768997051833086E-4	6.698101603047742E-5	1.2189052894927838E-5	1.2992221586399886E-4	5.6803426004956346E-5	1.6540842590485506E-5	0.2361715720632558	1.5997304368993637E-4	0.7575265672953865	1.1632340815709229E-4	1.2459216443156948E-5	0.001542208183213008	1.017716795950792E-4	5.825980051559711E-5	1.263567912928205E-4	3.334428736300334E-5	3.7409282614229853E-4	0.0030579363836824897	1.943910124485611E-5
65	file:/C:/Users/apovzner/Documents/Hakluyt/morphad_lem/02_19_NNE-_1408_The_letters_of_king_Henry_the_fourth_unto_Ulricus_de_Jungingen_wherein_he_doth_absolutely_approve_th_pp.095-098.txt	1.0348585330321893E-4	0.002249874785943914	8.711373891785356E-5	1.5852759997870135E-5	0.003790341672793005	7.38770343582695E-5	2.151258264361381E-5	0.23835250663484228	2.080567120026735E-4	0.7154270931264466	1.5128714983393227E-4	1.620412756737435E-5	1.9507106082841815E-4	1.323615563168396E-4	7.577115654997898E-5	0.00197502043928315	4.33666987437284E-5	4.8653524116107523E-4	0.03656938568722735	2.5281981238857112E-5
66	file:/C:/Users/apovzner/Documents/Hakluyt/morphad_lem/02_20_NNE-_1409_A_new_concord_betweene_king_Henry_the_fourth_and_Ulricus_de_Jungingen_pp.098-106.txt	4.041137936337064E-5	0.005121028506575841	3.4018044387729886E-5	6.190526316223263E-6	6.598436345311191E-5	2.8849091604291126E-5	8.400695462689869E-6	0.07398598694987675	8.124645494491045E-5	0.7460447389244471	0.0021803023877356178	6.327735873800334E-6	7.617553888118883E-5	5.168738426278769E-5	0.047403603277144636	6.417357020882521E-5	1.693476024722797E-5	0.021402238045096708	0.10337182971290648	9.872651210668374E-6
