0	file:/C:/Users/apovzner/Documents/Hakluyt/morphad_lem/01_01_NNE-_0517_The_voyage_of_Arthur_K_of_Britaine_to_Island_and_the_most_Northeastern_parts_of_Europe_Anno_517_pp.003-004.txt	0.04981549815498155	0.07933579335793357	0.005535055350553505	0.03136531365313653	0.0018450184501845018	0.02029520295202952	0.13468634686346864	0.15313653136531366	0.27490774907749077	0.24907749077490776
1	file:/C:/Users/apovzner/Documents/Hakluyt/morphad_lem/01_02_NNE-_0517_Two_testimonies_of_Galfridus_Monumetensis_in_his_history_of_the_Kings_of_Brittaine_concerning_the_co_pp.004-004.txt	0.13225806451612904	0.04838709677419355	0.00967741935483871	0.035483870967741936	0.0032258064516129032	0.00967741935483871	0.1064516129032258	0.11290322580645161	0.267741935483871	0.27419354838709675
2	file:/C:/Users/apovzner/Documents/Hakluyt/morphad_lem/01_03_NNE-_0580_A_testimony_of_M_Lambard_in_his_touching_the_right_and_appendances_of_the_Crowne_of_the_kingdome_of__pp.005-007.txt	0.058333333333333334	0.08425925925925926	0.03425925925925926	0.01574074074074074	0.017592592592592594	0.04722222222222222	0.06759259259259259	0.225	0.3731481481481482	0.07685185185185185
3	file:/C:/Users/apovzner/Documents/Hakluyt/morphad_lem/01_04_NNE-_0580_The_voyage_of_Malgo_king_of_Britaine_to_Island_Gotland_Orkney_Denmark_and_Norway_Anno_580_pp.007-008.txt	0.0847750865051903	0.11245674740484429	0.00865051903114187	0.04325259515570934	0.050173010380622836	0.12283737024221453	0.0328719723183391	0.10899653979238755	0.3062283737024221	0.12975778546712802
4	file:/C:/Users/apovzner/Documents/Hakluyt/morphad_lem/01_05_NNE-_0624_The_conquest_of_the_Isles_of_Anglesey_and_Man_by_Edwin_the_Saxon_king_of_Northumberland_Anno_624_pp.008-010.txt	0.11148648648648649	0.14527027027027026	0.021396396396396396	0.021396396396396396	0.057432432432432436	0.15653153153153154	0.019144144144144143	0.15878378378378377	0.26013513513513514	0.04842342342342342
5	file:/C:/Users/apovzner/Documents/Hakluyt/morphad_lem/01_06_NNE-_0624_The_voyage_of_Bertus_into_Ireland_Anno_684_pp.010-010.txt	0.07718120805369127	0.1174496644295302	0.06375838926174497	0.030201342281879196	0.030201342281879196	0.23825503355704697	0.010067114093959731	0.15100671140939598	0.23154362416107382	0.050335570469798654
6	file:/C:/Users/apovzner/Documents/Hakluyt/morphad_lem/01_07_NNE-_0890_The_voyage_of_Octher_to_the_North_parts_beyond_Norway_about_the_yeere_890_pp.011-014.txt	0.01223021582733813	0.1474820143884892	0.1474820143884892	0.09424460431654676	0.239568345323741	0.08705035971223021	0.10719424460431655	0.06546762589928058	0.006474820143884892	0.09280575539568345
7	file:/C:/Users/apovzner/Documents/Hakluyt/morphad_lem/01_08_NNE-_0890_The_second_voyage_of_Octher_into_the_Sound_of_Denmarke_pp.014-015.txt	0.019877675840978593	0.022935779816513763	0.09938837920489296	0.14220183486238533	0.2492354740061162	0.0015290519877675841	0.12079510703363915	0.02599388379204893	0.06880733944954129	0.2492354740061162
8	file:/C:/Users/apovzner/Documents/Hakluyt/morphad_lem/01_09_NNE-_0890_Wolstans_Navigation_into_the_East_sea_or_the_Sound_of_Denmarke_pp.015-016.txt	0.08885017421602788	0.06097560975609756	0.05749128919860627	0.20034843205574912	0.012195121951219513	0.0017421602787456446	0.2073170731707317	0.0017421602787456446	0.08885017421602788	0.2804878048780488
9	file:/C:/Users/apovzner/Documents/Hakluyt/morphad_lem/01_10_NNE-_0973_The_voyage_of_King_Edgar_with_4000_shippes_round_about_his_large_Monarchie_Anno_973_pp.016-023.txt	0.16578947368421051	0.040225563909774435	0.05827067669172932	0.07481203007518797	0.009398496240601503	0.10939849624060151	0.08233082706766917	0.09661654135338346	0.18909774436090226	0.17406015037593986
10	file:/C:/Users/apovzner/Documents/Hakluyt/morphad_lem/01_11_NNE-_0973_The_voyage_of_Edmund_and_Edward_the_sonnes_of_King_Edmund_Ironside_into_Hungary_Anno_1017_pp.024-025.txt	0.12191358024691358	0.007716049382716049	0.11574074074074074	0.041666666666666664	0.038580246913580245	0.044753086419753084	0.016975308641975308	0.05092592592592592	0.25771604938271603	0.30401234567901236
11	file:/C:/Users/apovzner/Documents/Hakluyt/morphad_lem/01_12_NNE-_1249_A_Chronicle_of_the_Kings_of_Man_taken_out_of_M_Camdens_Chorographie_pp.025-041.txt	0.16017234919445486	0.029786436867740726	0.16204571000374673	0.03091045335331585	0.04926938928437617	0.051892094417384786	0.03578119145747471	0.03390783064818284	0.057512176845260395	0.3887223679280629
12	file:/C:/Users/apovzner/Documents/Hakluyt/morphad_lem/01_13_NNE-_1067_The_mariage_of_the_daughter_of_Harald_unto_Jeruslaus_duke_of_Russia_in_his_owne_Countrey_Anno_1067_pp.042-042.txt	0.2891156462585034	0.017006802721088437	0.05102040816326531	0.003401360544217687	0.07142857142857142	0.09863945578231292	0.017006802721088437	0.1326530612244898	0.11904761904761904	0.20068027210884354
13	file:/C:/Users/apovzner/Documents/Hakluyt/morphad_lem/01_14_NNE-_1278_The_ancient_state_of_the_shipping_of_the_Cinque_Ports_pp.042-050.txt	0.14681952662721892	0.04326923076923077	0.27847633136094674	0.052884615384615384	0.04770710059171598	0.17566568047337278	0.05066568047337278	0.020340236686390532	0.04400887573964497	0.14016272189349113
14	file:/C:/Users/apovzner/Documents/Hakluyt/morphad_lem/01_15_NNE-_1243_The_voyage_of_a_certaine_Englishman_into_Tartaria_and_from_thence_into_Poland_and_Hungary_Anno_1243_pp.050-054.txt	0.11089238845144357	0.07020997375328084	0.07414698162729659	0.10039370078740158	0.10826771653543307	0.1384514435695538	0.13713910761154854	0.015091863517060367	0.07283464566929133	0.1725721784776903
15	file:/C:/Users/apovzner/Documents/Hakluyt/morphad_lem/01_16_NNE-_1246_Libellus_historicus_Johannis_de_Plano_Carpini_pp.055-094.txt	0.05621144437353755	0.028345032971708147	0.00398851308232291	0.005158476919804297	4.786215698787492E-4	0.017602637736651775	0.09460753031269943	0.4685705169112955	0.26648585407360137	0.05855137204850032
16	file:/C:/Users/apovzner/Documents/Hakluyt/morphad_lem/01_17_NNE-_1246_The_long_and_wonderfull_voyage_of_Frier_John_de_Plano_Carpini_Anno_1246_pp.094-179.txt	0.0887076923076923	0.03418461538461538	0.01436923076923077	0.014	0.010676923076923077	0.04476923076923077	0.14273846153846154	0.3386153846153846	0.23344615384615386	0.0784923076923077
17	file:/C:/Users/apovzner/Documents/Hakluyt/morphad_lem/01_18_NNE-_1253_The_journall_of_Frier_William_de_Rubricis_Anno_1253_pp.179-293.txt	0.08020540689909271	0.030603785750472068	0.019228112190853405	0.007207663611661217	0.022636208722884906	0.05142080781098881	0.17908626168654723	0.3259107447151476	0.21344355915810806	0.070257449454244
18	file:/C:/Users/apovzner/Documents/Hakluyt/morphad_lem/01_19_NNE-_1278_Part_of_the_great_Charter_graunted_by_King_Edward_the_first_to_the_Barons_of_the_Cinque_Ports_pp.293-296.txt	0.2611524163568773	0.07527881040892194	0.04368029739776952	0.03066914498141264	0.008364312267657992	0.11617100371747212	0.07713754646840149	0.0027881040892193307	0.032527881040892194	0.35223048327137546
19	file:/C:/Users/apovzner/Documents/Hakluyt/morphad_lem/01_20_NNE-_1345_The_rolle_of_the_huge_Fleete_of_Edward_the_thirde_before_Caleis_pp.297-299.txt	0.0039164490861618795	0.8080939947780679	0.022193211488250653	0.006527415143603133	0.0195822454308094	0.016971279373368148	0.03524804177545692	0.0013054830287206266	0.030026109660574413	0.05613577023498695
20	file:/C:/Users/apovzner/Documents/Hakluyt/morphad_lem/01_21_NNE-_1345_The_summe_of_expences_layde_out_in_the_siege_of_Caleis_pp.299-300.txt	0.07295373665480427	0.3683274021352313	0.0800711743772242	0.01601423487544484	0.012455516014234875	0.023131672597864767	0.051601423487544484	0.10854092526690391	0.2402135231316726	0.026690391459074734
21	file:/C:/Users/apovzner/Documents/Hakluyt/morphad_lem/01_22_NNE-_1360_A_note_of_Thomas_Walsingham_touching_King_Edward_the_thirde_his_huge_Fleete_of_1100_ships_wherewith__pp.300-301.txt	0.1430678466076696	0.09587020648967552	0.08112094395280237	0.0014749262536873156	0.022123893805309734	0.01032448377581121	0.08112094395280237	0.2345132743362832	0.29646017699115046	0.03392330383480826
22	file:/C:/Users/apovzner/Documents/Hakluyt/morphad_lem/01_23_NNE-_1360_The_voyage_of_Nicolaus_de_Linna_a_Franciscan_Frier_and_an_excellent_Mathematician_of_Oxford_to_all_t_pp.301-303.txt	0.1632016632016632	0.11954261954261955	0.057172557172557176	0.015592515592515593	0.02598752598752599	0.02390852390852391	0.08212058212058213	0.23596673596673598	0.22972972972972974	0.04677754677754678
23	file:/C:/Users/apovzner/Documents/Hakluyt/morphad_lem/01_24_NNE-_1360_A_Testimonie_of_the_learned_Mathematician_Master_John_Dee_touching_the_foresaid_voyage_of_Nicholas_D_pp.303-304.txt	0.11645962732919254	0.07298136645962733	0.03260869565217391	0.007763975155279503	0.023291925465838508	0.03260869565217391	0.05434782608695652	0.19099378881987578	0.2748447204968944	0.19409937888198758
24	file:/C:/Users/apovzner/Documents/Hakluyt/morphad_lem/01_25_NNE-_1390_The_voyage_of_Henry_Earle_of_Derby_afterward_King_of_England_into_Prussia_and_Letto_Anno_1390_pp.304-305.txt	0.08159722222222222	0.012152777777777778	0.0954861111111111	0.008680555555555556	0.057291666666666664	0.026041666666666668	0.07118055555555555	0.15104166666666666	0.3315972222222222	0.16493055555555555
25	file:/C:/Users/apovzner/Documents/Hakluyt/morphad_lem/01_26_NNE-_1402_The_voyage_of_Thomas_of_Woodstock_duke_of_Glocester_into_Prussia_Anno_1391_pp.306-307.txt	0.05149501661129568	0.05149501661129568	0.10132890365448505	0.0016611295681063123	0.0016611295681063123	0.10465116279069768	0.04152823920265781	0.20764119601328904	0.3073089700996678	0.13122923588039867
26	file:/C:/Users/apovzner/Documents/Hakluyt/morphad_lem/01_27_NNE-_1402_Certaine_verses_of_Geffrey_Chaucer_concerning_the_long_Voyages_and_valiant_exploits_of_the_English_k_pp.307-308.txt	0.0018656716417910447	0.11753731343283583	0.1921641791044776	0.016791044776119403	0.0018656716417910447	0.11753731343283583	0.09514925373134328	0.07276119402985075	0.24813432835820895	0.13619402985074627
27	file:/C:/Users/apovzner/Documents/Hakluyt/morphad_lem/01_28_NNE-_0604_A_testimonie_out_of_Cornelius_Tacitus_proving_London_to_have_bene_a_famous_Mart-towne_in_the_raigne__pp.308-309.txt	0.009259259259259259	0.12777777777777777	0.11666666666666667	0.005555555555555556	0.06111111111111111	0.16111111111111112	0.05740740740740741	0.09814814814814815	0.2351851851851852	0.12777777777777777
28	file:/C:/Users/apovzner/Documents/Hakluyt/morphad_lem/01_29_NNE-_0604_A_testimony_out_of_venerable_Beda_prooving_London_to_have_bene_a_Citie_of_great_traffique_in_his_tim_pp.309-309.txt	0.019230769230769232	0.057692307692307696	0.026923076923076925	0.0038461538461538464	0.04230769230769231	0.20384615384615384	0.019230769230769232	0.1423076923076923	0.3038461538461538	0.18076923076923077
29	file:/C:/Users/apovzner/Documents/Hakluyt/morphad_lem/01_30_NNE-_0795_The_league_betweene_Carolus_Magnus_and_Offa_King_of_Mercia_concerning_the_safe_trade_of_English_Merc_pp.310-312.txt	0.234375	0.09270833333333334	0.036458333333333336	0.071875	0.03854166666666667	0.046875	0.040625	0.16979166666666667	0.17395833333333333	0.09479166666666666
30	file:/C:/Users/apovzner/Documents/Hakluyt/morphad_lem/01_31_NNE-_0795_An_ancient_testimony_translated_out_of_the_olde_Saxon_Lawes_conteyning_the_advancement_of_Merchants__pp.312-312.txt	0.20833333333333334	0.14015151515151514	0.01893939393939394	0.01893939393939394	0.13257575757575757	0.07196969696969698	0.04924242424242424	0.14015151515151514	0.003787878787878788	0.2159090909090909
31	file:/C:/Users/apovzner/Documents/Hakluyt/morphad_lem/01_32_NNE-_1027_A_testimony_of_certaine_Privileges_obteined_for_the_English_and_Danish_Merchants_by_Canutus_the_King_pp.313-314.txt	0.0921875	0.0359375	0.0671875	0.0171875	0.0078125	0.0234375	0.0703125	0.2453125	0.2984375	0.1421875
32	file:/C:/Users/apovzner/Documents/Hakluyt/morphad_lem/01_33_NNE-_1140_The_flourishing_state_of_Merchandise_in_the_City_of_London_in_the_dayes_of_Wilhelmus_Malmesburiensis_pp.314-315.txt	0.09482758620689655	0.09482758620689655	0.12241379310344827	0.02586206896551724	0.0017241379310344827	0.10862068965517241	0.056896551724137934	0.1396551724137931	0.21551724137931033	0.1396551724137931
33	file:/C:/Users/apovzner/Documents/Hakluyt/morphad_lem/01_34_NNE-_1140_A_testimony_of_the_said_Wil_of_Malmesbury_concerning_traffique_to_Bristow_in_his_time_pp.315-315.txt	0.18345323741007194	0.07553956834532374	0.06115107913669065	0.11151079136690648	0.0035971223021582736	0.1474820143884892	0.07553956834532374	0.12589928057553956	0.18345323741007194	0.03237410071942446
34	file:/C:/Users/apovzner/Documents/Hakluyt/morphad_lem/01_35_NNE-_1157_The_league_betweene_Henry_the_second_and_Frederick_Barbarossa_Emperour_of_Germany_partly_touching_tr_pp.316-318.txt	0.24845360824742269	0.05257731958762887	0.060824742268041236	0.042268041237113405	0.009278350515463918	0.04845360824742268	0.027835051546391754	0.14948453608247422	0.28556701030927834	0.07525773195876288
35	file:/C:/Users/apovzner/Documents/Hakluyt/morphad_lem/01_36_NNE-_1199_A_generall_safe_conduct_granted_by_King_John_to_all_forreine_Merchants_pp.319-320.txt	0.29646017699115046	0.0752212389380531	0.019174041297935103	0.0014749262536873156	0.0014749262536873156	0.007374631268436578	0.025073746312684365	0.29646017699115046	0.18436578171091444	0.09292035398230089
36	file:/C:/Users/apovzner/Documents/Hakluyt/morphad_lem/01_37_NNE-_1229_The_letters_of_King_Henry_the_third_unto_Haquinus_king_of_Norwey_pp.320-322.txt	0.3273305084745763	0.03919491525423729	0.03919491525423729	0.007415254237288136	0.001059322033898305	0.007415254237288136	0.03919491525423729	0.20233050847457626	0.1917372881355932	0.1451271186440678
37	file:/C:/Users/apovzner/Documents/Hakluyt/morphad_lem/01_38_NNE-_1229_A_mandate_for_the_king_of_Norway_his_ship_called_The_Cog_pp.322-323.txt	0.2807807807807808	0.06456456456456457	0.013513513513513514	0.0015015015015015015	0.028528528528528527	0.0015015015015015015	0.03753753753753754	0.16366366366366367	0.2627627627627628	0.14564564564564564
38	file:/C:/Users/apovzner/Documents/Hakluyt/morphad_lem/01_39_NNE-_1236_A_Charter_granted_for_the_behalfe_of_the_Merchants_of_Colen_in_the_20_yeere_of_Henry_the_thirde_pp.323-324.txt	0.24601063829787234	0.03856382978723404	0.006648936170212766	0.0013297872340425532	0.022606382978723406	0.017287234042553192	0.0678191489361702	0.13164893617021275	0.3523936170212766	0.11569148936170212
39	file:/C:/Users/apovzner/Documents/Hakluyt/morphad_lem/01_40_NNE-_1257_The_Charter_of_Lubeck_granted_for_seven_yeeres_in_the_time_of_Henry_the_third_pp.324-325.txt	0.23607038123167157	0.036656891495601175	0.004398826979472141	0.001466275659824047	0.010263929618768328	0.06304985337243402	0.0689149560117302	0.08944281524926687	0.312316715542522	0.1774193548387097
40	file:/C:/Users/apovzner/Documents/Hakluyt/morphad_lem/01_41_NNE-_1260_A_Charter_of_the_Merchants_of_Almaine_or_the_Stilyard-merchants_pp.326-327.txt	0.25892857142857145	0.0375	0.023214285714285715	0.0125	0.008928571428571428	0.04107142857142857	0.044642857142857144	0.15178571428571427	0.2767857142857143	0.14464285714285716
41	file:/C:/Users/apovzner/Documents/Hakluyt/morphad_lem/01_42_NNE-_1303_A_mandate_of_King_Edward_the_first_concerning_outlandish_Merchants_pp.327-327.txt	0.28620689655172415	0.0034482758620689655	0.0034482758620689655	0.010344827586206896	0.0034482758620689655	0.05862068965517241	0.03103448275862069	0.1482758620689655	0.23793103448275862	0.21724137931034482
42	file:/C:/Users/apovzner/Documents/Hakluyt/morphad_lem/01_43_NNE-_1303_King_Edw_the_first_his_great_Charter_granted_to_forreine_Merchants_Anno_Dom_1303_pp.327-339.txt	0.2679415556510529	0.02041254834550924	0.008379888268156424	0.008809626128061882	0.015255694026643748	0.06768371293510958	0.05307262569832402	0.19832402234636873	0.23442200257842716	0.12569832402234637
43	file:/C:/Users/apovzner/Documents/Hakluyt/morphad_lem/01_44_NNE-_1313_The_letters_of_Edward_the_second_unto_Haquinus_King_of_Norway_concerning_certain_English_Merchants_a_pp.339-343.txt	0.25745412844036697	0.05676605504587156	0.016628440366972478	0.014334862385321102	5.733944954128441E-4	0.07740825688073394	0.05676605504587156	0.15768348623853212	0.22649082568807338	0.13589449541284404
44	file:/C:/Users/apovzner/Documents/Hakluyt/morphad_lem/01_45_NNE-_1313_Another_letter_of_Edw_the_second_unto_the_said_Haquinus_for_the_merchants_aforesaid_pp.343-344.txt	0.308659217877095	0.029329608938547486	0.03770949720670391	0.006983240223463687	0.0013966480446927375	0.08798882681564246	0.034916201117318434	0.11033519553072625	0.21089385474860337	0.1717877094972067
45	file:/C:/Users/apovzner/Documents/Hakluyt/morphad_lem/01_46_NNE-_1313_A_third_letter_of_King_Edward_the_second_to_the_said_Haquinus_in_the_behalfe_of_our_English_merchant_pp.344-349.txt	0.2828232971372162	0.021224086870681145	0.10414610069101678	0.010365251727541954	4.935834155972359E-4	0.05972359328726555	0.03504442250740375	0.1554787759131293	0.2265547877591313	0.10414610069101678
46	file:/C:/Users/apovzner/Documents/Hakluyt/morphad_lem/01_47_NNE-_1320_An_Ordinance_for_the_Staple_to_be_holden_at_one_certaine_place_pp.350-355.txt	0.24010695187165776	0.04438502673796792	0.004812834224598931	0.014438502673796792	0.0058823529411764705	0.041176470588235294	0.0679144385026738	0.1748663101604278	0.2711229946524064	0.13529411764705881
47	file:/C:/Users/apovzner/Documents/Hakluyt/morphad_lem/02_01_NNE-_1262_A_Catalogue_of_the_great_Masters_of_Prussia_pp.001-011.txt	0.0470414201183432	0.039349112426035504	0.3730769230769231	0.04881656804733728	0.010946745562130178	0.13875739644970414	0.04881656804733728	0.015680473372781067	0.08372781065088758	0.1937869822485207
48	file:/C:/Users/apovzner/Documents/Hakluyt/morphad_lem/02_02_NNE-_1388_The_Oration_or_speach_of_the_Ambassadours_sent_from_Conradus_de_Zolner_Master_generall_of_the_land_o_pp.012-018.txt	0.2235	0.0355	0.3485	0.0225	0.0085	0.0195	0.0305	0.0015	0.0655	0.2445
49	file:/C:/Users/apovzner/Documents/Hakluyt/morphad_lem/02_03_NNE-_1390_An_agreement_made_by_the_Ambassadours_of_England_and_Prussia_confirmed_by_king_Richard_the_second_pp.018-024.txt	0.2618371212121212	0.013731060606060606	0.3574810606060606	0.032670454545454544	0.0023674242424242425	0.00615530303030303	0.017518939393939392	0.005208333333333333	0.045928030303030304	0.2571022727272727
50	file:/C:/Users/apovzner/Documents/Hakluyt/morphad_lem/02_04_NNE-_1398_The_letters_of_Conradus_de_Jungingen_Master_generall_of_Prussia_unto_Rich_the_second_pp.025-027.txt	0.32298850574712645	0.008045977011494253	0.4103448275862069	0.017241379310344827	0.0011494252873563218	0.008045977011494253	0.005747126436781609	0.0011494252873563218	0.09540229885057472	0.12988505747126436
51	file:/C:/Users/apovzner/Documents/Hakluyt/morphad_lem/02_05_NNE-_1407_A_briefe_relation_of_William_Esturmy_and_John_Kington_concerning_their_Ambassages_into_Prussia_and_t_pp.027-033.txt	0.22813121272365805	0.01242544731610338	0.5670974155069582	0.0064612326043737576	4.970178926441351E-4	0.01341948310139165	0.0014910536779324055	4.970178926441351E-4	0.05417495029821073	0.11580516898608349
52	file:/C:/Users/apovzner/Documents/Hakluyt/morphad_lem/02_06_NNE-_1407_Certaine_Articles_of_complaint_exhibited_by_the_Livonians_pp.033-034.txt	0.23013245033112584	0.0380794701986755	0.49834437086092714	0.004966887417218543	0.0016556291390728477	0.011589403973509934	0.0016556291390728477	0.004966887417218543	0.13410596026490065	0.07450331125827815
53	file:/C:/Users/apovzner/Documents/Hakluyt/morphad_lem/02_07_NNE-_1407_Other_complaints_exhibited_by_the_Cities_of_the_Hans_pp.034-036.txt	0.1973365617433414	0.015738498789346248	0.47578692493946734	0.0012106537530266344	0.00847457627118644	0.03268765133171913	0.0012106537530266344	0.006053268765133172	0.14891041162227603	0.11259079903147699
54	file:/C:/Users/apovzner/Documents/Hakluyt/morphad_lem/02_08_NNE-_1403_Compositions_and_Ordinances_concluded_betweene_the_Ambassadours_of_Prussia_and_the_Chanceller_and_Tr_pp.036-038.txt	0.29954441913439633	0.0011389521640091116	0.4202733485193622	0.007972665148063782	0.0011389521640091116	0.0056947608200455585	0.0056947608200455585	0.0011389521640091116	0.06719817767653759	0.19020501138952164
55	file:/C:/Users/apovzner/Documents/Hakluyt/morphad_lem/02_09_NNE-_1403_The_letters_of_the_Chanceller_and_Treasurer_of_England_unto_Conradus_de_Jungingen_master_generall_of_pp.038-041.txt	0.30032733224222585	0.004091653027823241	0.34942716857610473	0.01718494271685761	0.0024549918166939444	0.030278232405891982	0.0024549918166939444	0.0057283142389525366	0.023731587561374796	0.26432078559738137
56	file:/C:/Users/apovzner/Documents/Hakluyt/morphad_lem/02_10_NNE-_1404_The_letters_of_king_Henry_the_fourth_unto_Conradus_de_Jungingen_the_master_generall_of_Prussia_for_e_pp.041-043.txt	0.4020979020979021	0.019813519813519812	0.23426573426573427	0.024475524475524476	0.005827505827505828	0.029137529137529136	0.0034965034965034965	0.0011655011655011655	0.026806526806526808	0.2529137529137529
57	file:/C:/Users/apovzner/Documents/Hakluyt/morphad_lem/02_11_NNE-_1404_The_letters_of_Conradus_de_Jungingen_unto_king_Henry_the_fourth_pp.044-046.txt	0.4050480769230769	0.051682692307692304	0.22235576923076922	0.030048076923076924	0.001201923076923077	0.05889423076923077	0.020432692307692308	0.001201923076923077	0.056490384615384616	0.15264423076923078
58	file:/C:/Users/apovzner/Documents/Hakluyt/morphad_lem/02_12_NNE-_1405_An_agreement_made_betweene_king_Henry_the_fourth_and_Conradus_de_Jungingen_pp.047-055.txt	0.266023166023166	0.022007722007722007	0.49536679536679534	0.006563706563706564	3.861003861003861E-4	0.019691119691119693	0.0019305019305019305	0.002702702702702703	0.02664092664092664	0.1586872586872587
59	file:/C:/Users/apovzner/Documents/Hakluyt/morphad_lem/02_13_NNE-_1405_An_agreement_betweene_king_Henry_the_fourth_and_the_Hans-townes_pp.055-067.txt	0.290390956194065	0.024258125294394726	0.4985869053226566	0.0068299576071596795	0.004474799811587376	0.02048987282147904	0.01436646255299105	0.002119642016015073	0.05110692416391898	0.08737635421573245
60	file:/C:/Users/apovzner/Documents/Hakluyt/morphad_lem/02_14_NNE-_1405_A_testimonie_out_of_Albertus_Krantzius_concerning_the_surprise_of_Bergen_in_Norway_wherein_21_houses_pp.068-071.txt	0.24914383561643835	0.04023972602739726	0.3347602739726027	0.01113013698630137	0.023116438356164382	0.06763698630136987	0.06934931506849315	0.0025684931506849314	0.11386986301369863	0.08818493150684932
61	file:/C:/Users/apovzner/Documents/Hakluyt/morphad_lem/02_15_NNE-_1407_The_grievances_and_offences_whereat_the_merchants_of_the_Hans_found_themselves_agrieved_pp.072-083.txt	0.5405027932960894	0.01759776536312849	0.22318435754189944	0.02653631284916201	0.005307262569832402	0.04553072625698324	0.014245810055865922	8.379888268156424E-4	0.010893854748603353	0.11536312849162011
62	file:/C:/Users/apovzner/Documents/Hakluyt/morphad_lem/02_16_NNE-_1407_A_letter_of_Henry_the_fourth_king_of_England_unto_Conradus_de_Jungingen_Master_generall_of_Prussia_pp.083-085.txt	0.3029953917050691	0.021889400921658985	0.39746543778801846	0.0771889400921659	0.001152073732718894	0.021889400921658985	0.00576036866359447	0.001152073732718894	0.04953917050691244	0.12096774193548387
63	file:/C:/Users/apovzner/Documents/Hakluyt/morphad_lem/02_17_NNE-_1408_A_letter_of_Werneherus_de_Tettingen_commander_in_Elbing_unto_sir_William_Sturmy_Ambassadour_unto_kin_pp.085-090.txt	0.3062575210589651	0.015042117930204572	0.41817087845968715	0.01022864019253911	0.0030084235860409147	0.011432009626955475	0.005415162454873646	6.016847172081829E-4	0.05354993983152828	0.1762936221419976
64	file:/C:/Users/apovzner/Documents/Hakluyt/morphad_lem/02_18_NNE-_1408_The_letters_of_Ulricus_de_Jungingen_master_generall_of_Prussia_signifying_unto_king_Henry_the_4_that_pp.091-095.txt	0.30998613037447986	0.03398058252427184	0.3474341192787795	0.03259361997226075	0.0159500693481276	0.03398058252427184	0.0034674063800277394	0.0062413314840499305	0.0811373092926491	0.13522884882108183
65	file:/C:/Users/apovzner/Documents/Hakluyt/morphad_lem/02_19_NNE-_1408_The_letters_of_king_Henry_the_fourth_unto_Ulricus_de_Jungingen_wherein_he_doth_absolutely_approve_th_pp.095-098.txt	0.37207207207207205	0.013513513513513514	0.3036036036036036	0.026126126126126126	0.0045045045045045045	0.036936936936936934	0.01891891891891892	0.002702702702702703	0.07657657657657657	0.14504504504504503
66	file:/C:/Users/apovzner/Documents/Hakluyt/morphad_lem/02_20_NNE-_1409_A_new_concord_betweene_king_Henry_the_fourth_and_Ulricus_de_Jungingen_pp.098-106.txt	0.2727593507410021	0.003175723359209598	0.26852505292872264	0.020112914608327453	0.0045871559633027525	0.0187014820042343	0.014467184191954835	0.008115737473535639	0.07092448835568102	0.31863091037402963
67	file:/C:/Users/apovzner/Documents/Hakluyt/morphad_lem/02_21_NNE-_1404_A_Charter_of_king_Henry_the_fourth_graunted_in_the_fifth_yeere_of_his_raigne_unto_the_English_mercha_pp.106-110.txt	0.2930424528301887	0.013561320754716982	0.09375	0.001768867924528302	0.01945754716981132	0.052476415094339625	0.05365566037735849	0.0972877358490566	0.22346698113207547	0.15153301886792453
68	file:/C:/Users/apovzner/Documents/Hakluyt/morphad_lem/02_22_NNE-_1430_A_note_touching_the_mighty_ships_of_king_Henry_the_fift_taken_out_of_a_Chronicle_in_the_Trinitie_Chu_pp.111-111.txt	0.07225433526011561	0.10115606936416185	0.049132947976878616	0.008670520231213872	0.02023121387283237	0.04335260115606936	0.02023121387283237	0.17052023121387283	0.3554913294797688	0.15895953757225434
69	file:/C:/Users/apovzner/Documents/Hakluyt/morphad_lem/02_23_NNE-_1430_A_branch_of_a_Statute_made_in_the_eight_yeere_of_Henry_the_6_for_the_trade_to_Norway_Sweveland_Denma_pp.111-113.txt	0.20613107822410148	0.056025369978858354	0.08985200845665962	0.009513742071881607	0.017970401691331923	0.07293868921775898	0.013742071881606765	0.07928118393234672	0.2124735729386892	0.24207188160676532
70	file:/C:/Users/apovzner/Documents/Hakluyt/morphad_lem/02_24_NNE-_1432_Another_branch_of_a_Statute_made_in_the_10_yeere_of_king_Henry_the_sixt_concerning_the_state_of_Engl_pp.113-114.txt	0.1203125	0.1203125	0.1359375	0.0078125	0.0078125	0.1734375	0.0671875	0.0453125	0.1140625	0.2078125
71	file:/C:/Users/apovzner/Documents/Hakluyt/morphad_lem/02_25_NNE-_1437_Libellus_de_politia_conservativa_Maris_Or_The_pollicy_of_keeping_the_Sea_pp.114-147.txt	0.10751153085877443	0.13452668570173512	0.1285965297605974	0.037228201186031186	0.03371403470239403	0.22677355589721063	0.08884252141445201	0.027783878761256313	0.10992752031627498	0.10509554140127389
72	file:/C:/Users/apovzner/Documents/Hakluyt/morphad_lem/02_26_NNE-_1462_A_large_Charter_granted_by_king_Edward_the_fourth_in_the_second_yere_of_his_raigne_to_the_English_me_pp.147-158.txt	0.5453771979580261	0.02127056154282473	0.1528644356211004	0.037152580828133865	2.836074872376631E-4	0.06494611457742484	0.05643788996029495	8.508224617129892E-4	0.020703346568349403	0.10011344299489507
73	file:/C:/Users/apovzner/Documents/Hakluyt/morphad_lem/02_27_NNE-_1527_A_perswasion_of_Robert_Thome_merchant_of_Bristol_and_dwelling_long_in_Sivil_in_Spaine_to_king_Henry__pp.159-163.txt	0.16712898751733704	0.3224687933425798	0.043689320388349516	0.16851595006934814	0.02288488210818308	0.1158113730929265	0.024271844660194174	0.010402219140083218	0.021497919556171984	0.10332871012482663
74	file:/C:/Users/apovzner/Documents/Hakluyt/morphad_lem/02_28_NNE-_1527_The_discourse_of_the_foresaid_Robert_Thorne_written_to_Doctour_Leigh_the_Kings_Ambassadour_in_Spaine_pp.164-181.txt	0.12514373323112304	0.3210042161747796	0.04005366040628593	0.13165963970870065	0.23093139133767726	0.08259869681870448	0.015906477577615943	0.012840168646991184	0.015906477577615943	0.023955538520505942
75	file:/C:/Users/apovzner/Documents/Hakluyt/morphad_lem/02_29_NNE-_1580_A_briefe_treatise_of_the_Emperour_of_Moscovia_his_genealogie_pp.182-194.txt	0.23925	0.02425	0.10175	0.07075	0.06875	0.13625	0.08675	0.04125	0.08575	0.14525
76	file:/C:/Users/apovzner/Documents/Hakluyt/morphad_lem/02_30_NNE-_1553_The_excellent_orders_and_instructions_of_Sebastian_Cabot_given_to_sir_Hugh_Willoughby_and_his_Fleete_pp.195-205.txt	0.282484076433121	0.1124203821656051	0.182484076433121	0.09713375796178345	0.04490445859872611	0.10477707006369427	0.03407643312101911	3.184713375796178E-4	0.020063694267515923	0.1213375796178344
77	file:/C:/Users/apovzner/Documents/Hakluyt/morphad_lem/02_31_NNE-_1553_The_names_of_the_twelve_Counsellers_appointed_in_sir_Hugh_Willoughbies_voyage_pp.206-206.txt	0.13503649635036497	0.06204379562043796	0.0036496350364963502	0.025547445255474453	0.0036496350364963502	0.06934306569343066	0.06934306569343066	0.13503649635036497	0.22992700729927007	0.2664233576642336
78	file:/C:/Users/apovzner/Documents/Hakluyt/morphad_lem/02_32_NNE-_1553_The_letters_of_king_Edward_the_sixt_written_at_that_time_to_all_the_Kings_Princes_and_other_Potentat_pp.206-211.txt	0.20538542766631468	0.049102428722280884	0.016367476240760296	0.006863780359028511	5.279831045406547E-4	0.05755015839493136	0.04487856388595565	0.15997888067581836	0.2803590285110876	0.17898627243928195
79	file:/C:/Users/apovzner/Documents/Hakluyt/morphad_lem/02_33_NNE-_1553_The_voyage_of_sir_Hugh_Willoughby_knight_wherein_he_unfortunately_perished_at_Arzina_Reca_in_Lapland_pp.212-212.txt	0.1443661971830986	0.017605633802816902	0.13028169014084506	0.22183098591549297	0.01056338028169014	0.25	0.06690140845070422	0.03169014084507042	0.06690140845070422	0.05985915492957746
80	file:/C:/Users/apovzner/Documents/Hakluyt/morphad_lem/02_34_NNE-_1553_The_names_of_the_Ships_Captains_Mariners_and_other_officers_of_that_first_worthy_enterprise_pp.212-214.txt	0.1469248291571754	0.02619589977220957	0.09453302961275627	0.16287015945330297	0.0011389521640091116	0.265375854214123	0.07630979498861047	0.017084282460136675	0.1082004555808656	0.10136674259681093
81	file:/C:/Users/apovzner/Documents/Hakluyt/morphad_lem/02_35_NNE-_1553_The_othe_ministred_to_the_Captaine_of_the_Fleete_pp.215-215.txt	0.45041322314049587	0.004132231404958678	0.10330578512396695	0.08677685950413223	0.06198347107438017	0.17768595041322313	0.02066115702479339	0.004132231404958678	0.02066115702479339	0.07024793388429752
82	file:/C:/Users/apovzner/Documents/Hakluyt/morphad_lem/02_36_NNE-_1553_The_othe_ministred_to_the_Masters_of_the_ships_pp.216-224.txt	0.04950869236583522	0.42970521541950113	0.13340891912320485	0.0782312925170068	0.026832955404383976	0.032879818594104306	0.12962962962962962	0.08503401360544217	0.0041572184429327285	0.030612244897959183
83	file:/C:/Users/apovzner/Documents/Hakluyt/morphad_lem/02_37_NNE-_1553_The_voyage_of_Richard_Chanceller_Pilote_major_the_first_discoverer_by_sea_of_the_kingdome_of_Moscovi_pp.224-238.txt	0.12063419117647059	0.03010110294117647	0.15785845588235295	0.047564338235294115	0.17486213235294118	0.21714154411764705	0.10684742647058823	0.004825367647058824	0.011259191176470588	0.12890625
84	file:/C:/Users/apovzner/Documents/Hakluyt/morphad_lem/02_38_NNE-_1553_A_testimonie_of_Richard_Eden_concerning_Clement_Adams_his_discourse_of_Richard_Chancellers_voyage_pp.239-270.txt	0.15752537248974305	0.07914057438998057	0.10678039300367091	0.10937162599870438	0.1581731807385014	0.15169509825091773	0.1028935435111207	0.017814726840855107	0.020621895918808034	0.09598358885769812
85	file:/C:/Users/apovzner/Documents/Hakluyt/morphad_lem/02_39_NNE-_1554_The_letters_of_the_Emperour_of_Russia_sent_to_king_Edward_the_sixt_by_Richard_Chanceller_pp.271-272.txt	0.4812925170068027	0.00510204081632653	0.12414965986394558	0.03231292517006803	0.015306122448979591	0.011904761904761904	0.05272108843537415	0.0017006802721088435	0.02891156462585034	0.2465986394557823
86	file:/C:/Users/apovzner/Documents/Hakluyt/morphad_lem/02_40_NNE-_1554_The_coynes_waights_and_measures_used_in_Russia_pp.273-278.txt	0.2700445434298441	0.023942093541202674	0.20879732739420936	0.05289532293986637	0.15534521158129175	0.1564587973273942	0.021714922048997772	0.009465478841870824	0.03953229398663697	0.06180400890868597
87	file:/C:/Users/apovzner/Documents/Hakluyt/morphad_lem/02_41_NNE-_1555_The_letters_of_King_Philip_and_Queene_Mary_to_Ivan_Vasilivich_the_Emperor_of_Russia_pp.278-281.txt	0.4101497504159734	0.0074875207986688855	0.12063227953410982	0.04742096505823627	0.030782029950083195	0.06738768718801996	8.319467554076539E-4	8.319467554076539E-4	0.04908485856905158	0.2653910149750416
88	file:/C:/Users/apovzner/Documents/Hakluyt/morphad_lem/02_42_NNE-_1555_The_Commission_given_to_the_merchants_Agents_resiant_in_Russia_pp.281-289.txt	0.42325402916346894	0.01343054489639294	0.19685341519570224	0.09324635456638526	0.005755947812739831	0.09247889485801995	0.02264006139677667	0.001918649270913277	0.017267843438219493	0.13315425940138143
89	file:/C:/Users/apovzner/Documents/Hakluyt/morphad_lem/02_43_NNE-_1555_The_othe_ministred_to_the_servants_of_the_Moscovie_company_pp.290-290.txt	0.618421052631579	0.0043859649122807015	0.06578947368421052	0.05701754385964912	0.0043859649122807015	0.013157894736842105	0.0043859649122807015	0.0043859649122807015	0.0043859649122807015	0.2236842105263158
90	file:/C:/Users/apovzner/Documents/Hakluyt/morphad_lem/02_44_NNE-_1555_The_letter_of_George_Killingworth_the_first_Agent_in_Russia_written_to_the_Company_pp.291-297.txt	0.3506694129763131	0.01596292481977343	0.2682801235839341	0.12203913491246138	0.01596292481977343	0.1004119464469619	0.0839340885684861	0.001544799176107106	0.007723995880535531	0.03347064881565397
91	file:/C:/Users/apovzner/Documents/Hakluyt/morphad_lem/02_45_NNE-_1555_The_first_Privileges_graunted_by_the_Emperour_of_Russia_to_the_English_merchants_pp.297-303.txt	0.49367755532139096	0.01422550052687039	0.06164383561643835	0.05005268703898841	0.013171759747102213	0.13119072708113805	0.026870389884088516	0.0026343519494204425	0.012118018967334035	0.19441517386722867
92	file:/C:/Users/apovzner/Documents/Hakluyt/morphad_lem/02_46_NNE-_1555_The_Charter_of_the_merchants_of_the_Moscovie_company_granted_by_Queene_Mary_pp.304-316.txt	0.5228674203494348	0.030575539568345324	0.04188078108941418	0.05369989722507708	0.0012846865364850976	0.03520041109969167	0.0017985611510791368	0.0017985611510791368	0.040339157245632064	0.27055498458376154
93	file:/C:/Users/apovzner/Documents/Hakluyt/morphad_lem/02_47_NNE-_1556_Instructions_given_to_the_Pursers_of_the_Moscovie_voyage_pp.317-322.txt	0.22570332480818414	0.11445012787723785	0.3459079283887468	0.055626598465473145	0.049232736572890026	0.1336317135549872	0.013427109974424553	0.00319693094629156	0.014705882352941176	0.04411764705882353
94	file:/C:/Users/apovzner/Documents/Hakluyt/morphad_lem/02_48_NNE-_1556_The_voyage_of_Stephen_Burrough_toward_the_River_of_Ob_intending_the_discovery_of_the_Northeast_passa_pp.322-344.txt	0.014168857727139935	0.362109260882267	0.10823838737949168	0.08486707566462168	0.07551855097867367	0.021764534034472684	0.10414840782938943	0.20143149284253578	0.002775343266140812	0.02497808939526731
95	file:/C:/Users/apovzner/Documents/Hakluyt/morphad_lem/02_49_NNE-_1556_The_landing_of_Richard_Johnson_among_the_Samoeds_Anno_1556_pp.345-349.txt	0.05651595744680851	0.05651595744680851	0.0339095744680851	0.06582446808510638	0.37300531914893614	0.0990691489361702	0.16156914893617022	0.07247340425531915	0.020611702127659573	0.06050531914893617
96	file:/C:/Users/apovzner/Documents/Hakluyt/morphad_lem/02_50_NNE-_1557_A_discourse_of_the_honourable_receiving_into_England_of_the_first_Ambassadour_from_the_Emperour_of_R_pp.350-362.txt	0.2819940476190476	0.03298611111111111	0.19270833333333334	0.060267857142857144	0.028025793650793652	0.08060515873015874	0.06473214285714286	0.004712301587301587	0.0642361111111111	0.18973214285714285
97	file:/C:/Users/apovzner/Documents/Hakluyt/morphad_lem/02_51_NNE-_1557_The_voyage_of_the_aforesaide_Stephen_Burrough_from_Colmogro_in_Russia_to_Wardhouse_in_search_of_cert_pp.363-375.txt	0.0431301652892562	0.3571797520661157	0.07308884297520661	0.08083677685950413	0.09375	0.04674586776859504	0.07257231404958678	0.17329545454545456	0.0074896694214876035	0.05191115702479339
98	file:/C:/Users/apovzner/Documents/Hakluyt/morphad_lem/02_52_NNE-_1557_Instructions_given_to_the_Masters_and_Mariners_of_the_ships_of_the_Moscovie_Company_sayling_towards__pp.375-378.txt	0.22602739726027396	0.07142857142857142	0.3101761252446184	0.175146771037182	0.008806262230919765	0.08512720156555773	0.03816046966731898	0.03228962818003914	0.026418786692759294	0.026418786692759294
99	file:/C:/Users/apovzner/Documents/Hakluyt/morphad_lem/02_53_NNE-_1557_A_letter_of_the_Company_of_the_Moscovie_merchants_unto_their_Agents_George_Killingworth_Richard_Gray_pp.379-392.txt	0.19905566600397614	0.027087475149105367	0.35462226640159045	0.06784294234592446	0.03305168986083499	0.2070079522862823	0.039512922465208745	0.004721669980119284	0.003727634194831014	0.06336978131212724
100	file:/C:/Users/apovzner/Documents/Hakluyt/morphad_lem/02_54_NNE-_1557_A_letter_of_M_Thomas_Hawtree_to_the_Moscovie_Companies_Agent_M_Henry_Lane_at_Colmogro_pp.392-394.txt	0.21460674157303372	0.03707865168539326	0.4370786516853933	0.10898876404494381	0.06404494382022471	0.0550561797752809	0.03932584269662921	0.0011235955056179776	0.0011235955056179776	0.04157303370786517
101	file:/C:/Users/apovzner/Documents/Hakluyt/morphad_lem/02_55_NNE-_1558_A_letter_of_M_Richard_Gray_one_of_the_first_Agents_of_the_Moscovie_Company_to_M_Henry_Lane_at_Mosco_pp.394-396.txt	0.18969298245614036	0.029605263157894735	0.35635964912280704	0.10635964912280702	0.04057017543859649	0.16776315789473684	0.0581140350877193	0.003289473684210526	0.0010964912280701754	0.047149122807017545
102	file:/C:/Users/apovzner/Documents/Hakluyt/morphad_lem/02_56_NNE-_1558_A_letter_of_Thomas_Alcock_to_M_Richard_Gray_and_Henry_Lane_Agents_in_Moscovia_from_Tirwill_in_Poland_pp.396-399.txt	0.17395264116575593	0.004553734061930784	0.39799635701275043	0.08287795992714025	0.08652094717668488	0.11930783242258652	0.039162112932604735	9.107468123861566E-4	0.00273224043715847	0.09198542805100182
103	file:/C:/Users/apovzner/Documents/Hakluyt/morphad_lem/02_57_NNE-_1559_A_letter_of_M_Anthony_Jenkinson_upon_his_returne_from_Boghar_to_M_Henry_Lane_resident_in_Vologda_pp.400-401.txt	0.2781569965870307	0.008532423208191127	0.15187713310580206	0.2440273037542662	0.0017064846416382253	0.08703071672354949	0.11774744027303755	0.0017064846416382253	0.05631399317406143	0.052901023890784986
104	file:/C:/Users/apovzner/Documents/Hakluyt/morphad_lem/02_58_NNE-_1560_A_letter_of_the_Moscovie_Company_to_their_Agents_in_Russia_M_Henry_Lane_Christopher_Hudson_and_Thoma_pp.401-407.txt	0.16897918731417244	0.03419226957383548	0.37908820614469774	0.09563924677898909	0.012388503468780971	0.18483647175421208	0.04905847373637265	0.014370664023785926	0.00842418235877106	0.05302279484638256
105	file:/C:/Users/apovzner/Documents/Hakluyt/morphad_lem/02_59_NNE-_1560_Another_letter_to_the_aforesaid_parties_pp.407-410.txt	0.19741379310344828	0.014655172413793103	0.3767241379310345	0.1853448275862069	8.620689655172414E-4	0.1146551724137931	0.059482758620689656	8.620689655172414E-4	0.014655172413793103	0.0353448275862069
106	file:/C:/Users/apovzner/Documents/Hakluyt/morphad_lem/02_60_NNE-_1560_The_maner_of_Justice_by_lotts_in_Russia_written_by_M_Henry_Lane_pp.411-412.txt	0.29135338345864664	0.12218045112781954	0.05451127819548872	0.016917293233082706	0.05827067669172932	0.17857142857142858	0.02819548872180451	0.0018796992481203006	0.013157894736842105	0.2349624060150376
107	file:/C:/Users/apovzner/Documents/Hakluyt/morphad_lem/02_61_NNE-_1557_The_voyage_of_M_Anthony_Jenkinson_into_Russia_wherein_Osep_Napea_first_Ambassadour_from_the_Emperour_pp.413-425.txt	0.053983969825553986	0.2057991513437058	0.05634134842055634	0.048797736916548796	0.22512965582272512	0.08651579443658651	0.20344177274870345	0.057755775577557754	0.006364922206506365	0.05586987270155587
