0	file:/C:/Users/apovzner/Documents/Hakluyt/morphad_lem/01_01_NNE-_0517_The_voyage_of_Arthur_K_of_Britaine_to_Island_and_the_most_Northeastern_parts_of_Europe_Anno_517_pp.003-004.txt	0.005535055350553505	0.016605166051660517	0.0018450184501845018	0.04981549815498155	0.6070110701107011	0.11623616236162361	0.03505535055350553	0.0018450184501845018	0.06088560885608856	0.10516605166051661
1	file:/C:/Users/apovzner/Documents/Hakluyt/morphad_lem/01_02_NNE-_0517_Two_testimonies_of_Galfridus_Monumetensis_in_his_history_of_the_Kings_of_Brittaine_concerning_the_co_pp.004-004.txt	0.0032258064516129032	0.0032258064516129032	0.02903225806451613	0.041935483870967745	0.6483870967741936	0.0935483870967742	0.016129032258064516	0.0032258064516129032	0.02903225806451613	0.13225806451612904
2	file:/C:/Users/apovzner/Documents/Hakluyt/morphad_lem/01_03_NNE-_0580_A_testimony_of_M_Lambard_in_his_touching_the_right_and_appendances_of_the_Crowne_of_the_kingdome_of__pp.005-007.txt	0.002777777777777778	0.019444444444444445	0.10277777777777777	9.25925925925926E-4	0.4287037037037037	0.2657407407407407	9.25925925925926E-4	0.049074074074074076	0.06574074074074074	0.06388888888888888
3	file:/C:/Users/apovzner/Documents/Hakluyt/morphad_lem/01_04_NNE-_0580_The_voyage_of_Malgo_king_of_Britaine_to_Island_Gotland_Orkney_Denmark_and_Norway_Anno_580_pp.007-008.txt	0.0017301038062283738	0.025951557093425604	0.13667820069204153	0.02249134948096886	0.5034602076124568	0.0328719723183391	0.0017301038062283738	0.0017301038062283738	0.10553633217993079	0.16782006920415224
4	file:/C:/Users/apovzner/Documents/Hakluyt/morphad_lem/01_05_NNE-_0624_The_conquest_of_the_Isles_of_Anglesey_and_Man_by_Edwin_the_Saxon_king_of_Northumberland_Anno_624_pp.008-010.txt	0.028153153153153154	0.012387387387387387	0.02364864864864865	0.00563063063063063	0.6182432432432432	0.0777027027027027	0.0011261261261261261	0.00563063063063063	0.19481981981981983	0.03265765765765766
5	file:/C:/Users/apovzner/Documents/Hakluyt/morphad_lem/01_06_NNE-_0624_The_voyage_of_Bertus_into_Ireland_Anno_684_pp.010-010.txt	0.003355704697986577	0.003355704697986577	0.003355704697986577	0.05704697986577181	0.7013422818791947	0.030201342281879196	0.003355704697986577	0.016778523489932886	0.14429530201342283	0.03691275167785235
6	file:/C:/Users/apovzner/Documents/Hakluyt/morphad_lem/01_07_NNE-_0890_The_voyage_of_Octher_to_the_North_parts_beyond_Norway_about_the_yeere_890_pp.011-014.txt	0.04388489208633094	0.4064748201438849	0.3474820143884892	0.002158273381294964	7.194244604316547E-4	7.194244604316547E-4	0.006474820143884892	7.194244604316547E-4	0.17338129496402876	0.017985611510791366
7	file:/C:/Users/apovzner/Documents/Hakluyt/morphad_lem/01_08_NNE-_0890_The_second_voyage_of_Octher_into_the_Sound_of_Denmarke_pp.014-015.txt	0.02599388379204893	0.6162079510703364	0.172782874617737	0.00764525993883792	0.00764525993883792	0.0045871559633027525	0.0015290519877675841	0.0045871559633027525	0.0779816513761468	0.08103975535168195
8	file:/C:/Users/apovzner/Documents/Hakluyt/morphad_lem/01_09_NNE-_0890_Wolstans_Navigation_into_the_East_sea_or_the_Sound_of_Denmarke_pp.015-016.txt	0.012195121951219513	0.367595818815331	0.10627177700348432	0.0017421602787456446	0.04355400696864112	0.0017421602787456446	0.008710801393728223	0.0017421602787456446	0.34668989547038326	0.10975609756097561
9	file:/C:/Users/apovzner/Documents/Hakluyt/morphad_lem/01_10_NNE-_0973_The_voyage_of_King_Edgar_with_4000_shippes_round_about_his_large_Monarchie_Anno_973_pp.016-023.txt	0.0011278195488721805	0.0011278195488721805	0.03195488721804511	0.02518796992481203	0.18834586466165412	0.08834586466165413	0.004135338345864661	0.060526315789473685	0.47481203007518796	0.12443609022556391
10	file:/C:/Users/apovzner/Documents/Hakluyt/morphad_lem/01_11_NNE-_0973_The_voyage_of_Edmund_and_Edward_the_sonnes_of_King_Edmund_Ironside_into_Hungary_Anno_1017_pp.024-025.txt	0.0015432098765432098	0.010802469135802469	0.041666666666666664	0.12191358024691358	0.4182098765432099	0.09104938271604938	0.016975308641975308	0.007716049382716049	0.10339506172839506	0.1867283950617284
11	file:/C:/Users/apovzner/Documents/Hakluyt/morphad_lem/01_12_NNE-_1249_A_Chronicle_of_the_Kings_of_Man_taken_out_of_M_Camdens_Chorographie_pp.025-041.txt	0.012551517422255526	0.015548894717122518	0.18789808917197454	0.1811539902585238	0.2647058823529412	1.8733608092918696E-4	5.620082427875609E-4	1.8733608092918696E-4	0.11521168977144998	0.22199325590108654
12	file:/C:/Users/apovzner/Documents/Hakluyt/morphad_lem/01_13_NNE-_1067_The_mariage_of_the_daughter_of_Harald_unto_Jeruslaus_duke_of_Russia_in_his_owne_Countrey_Anno_1067_pp.042-042.txt	0.01020408163265306	0.003401360544217687	0.05102040816326531	0.017006802721088437	0.41156462585034015	0.08503401360544217	0.01020408163265306	0.003401360544217687	0.1326530612244898	0.2755102040816326
13	file:/C:/Users/apovzner/Documents/Hakluyt/morphad_lem/01_14_NNE-_1278_The_ancient_state_of_the_shipping_of_the_Cinque_Ports_pp.042-050.txt	0.03661242603550296	3.698224852071006E-4	0.10318047337278106	0.09652366863905325	0.06619822485207101	0.0070266272189349116	0.00628698224852071	0.0011094674556213018	0.21634615384615385	0.46634615384615385
14	file:/C:/Users/apovzner/Documents/Hakluyt/morphad_lem/01_15_NNE-_1243_The_voyage_of_a_certaine_Englishman_into_Tartaria_and_from_thence_into_Poland_and_Hungary_Anno_1243_pp.050-054.txt	0.012467191601049869	0.004593175853018373	0.3143044619422572	0.03871391076115486	0.022965879265091863	0.0032808398950131233	0.01115485564304462	6.561679790026247E-4	0.40223097112860895	0.18963254593175852
15	file:/C:/Users/apovzner/Documents/Hakluyt/morphad_lem/01_16_NNE-_1246_Libellus_historicus_Johannis_de_Plano_Carpini_pp.055-094.txt	3.7226122101680493E-4	5.318017443097213E-5	3.7226122101680493E-4	4.786215698787492E-4	0.02791959157626037	0.9604871303977877	5.318017443097213E-5	0.009412890874282067	7.97702616464582E-4	5.318017443097213E-5
16	file:/C:/Users/apovzner/Documents/Hakluyt/morphad_lem/01_17_NNE-_1246_The_long_and_wonderfull_voyage_of_Frier_John_de_Plano_Carpini_Anno_1246_pp.094-179.txt	0.0018153846153846154	5.846153846153846E-4	0.18126153846153847	0.031538461538461536	0.0356	0.6358461538461538	0.004276923076923077	0.006061538461538462	0.06913846153846154	0.033876923076923075
17	file:/C:/Users/apovzner/Documents/Hakluyt/morphad_lem/01_18_NNE-_1253_The_journall_of_Frier_William_de_Rubricis_Anno_1253_pp.179-293.txt	5.296366232211118E-4	0.002279740247777829	0.2445769815318012	0.007207663611661217	0.03046561967484917	0.5965780868604063	0.01660295675401833	0.008543269009349238	0.06095426702896882	0.032261778657946855
18	file:/C:/Users/apovzner/Documents/Hakluyt/morphad_lem/01_19_NNE-_1278_Part_of_the_great_Charter_graunted_by_King_Edward_the_first_to_the_Barons_of_the_Cinque_Ports_pp.293-296.txt	0.015799256505576207	0.010223048327137546	0.03810408921933085	0.07713754646840149	0.02695167286245353	0.006505576208178439	0.02695167286245353	0.0027881040892193307	0.09572490706319703	0.699814126394052
19	file:/C:/Users/apovzner/Documents/Hakluyt/morphad_lem/01_20_NNE-_1345_The_rolle_of_the_huge_Fleete_of_Edward_the_thirde_before_Caleis_pp.297-299.txt	0.006527415143603133	0.01174934725848564	0.016971279373368148	0.7271540469973891	0.05352480417754569	0.0013054830287206266	0.0013054830287206266	0.037859007832898174	0.0039164490861618795	0.13968668407310705
20	file:/C:/Users/apovzner/Documents/Hakluyt/morphad_lem/01_21_NNE-_1345_The_summe_of_expences_layde_out_in_the_siege_of_Caleis_pp.299-300.txt	0.0017793594306049821	0.0017793594306049821	0.012455516014234875	0.3113879003558719	0.3220640569395018	0.06227758007117438	0.008896797153024912	0.06227758007117438	0.0017793594306049821	0.21530249110320285
21	file:/C:/Users/apovzner/Documents/Hakluyt/morphad_lem/01_22_NNE-_1360_A_note_of_Thomas_Walsingham_touching_King_Edward_the_thirde_his_huge_Fleete_of_1100_ships_wherewith__pp.300-301.txt	0.0014749262536873156	0.0014749262536873156	0.007374631268436578	0.09882005899705015	0.523598820058997	0.1224188790560472	0.04277286135693215	0.019174041297935103	0.028023598820058997	0.15486725663716813
22	file:/C:/Users/apovzner/Documents/Hakluyt/morphad_lem/01_23_NNE-_1360_The_voyage_of_Nicolaus_de_Linna_a_Franciscan_Frier_and_an_excellent_Mathematician_of_Oxford_to_all_t_pp.301-303.txt	0.030145530145530147	0.030145530145530147	0.005197505197505198	0.11954261954261955	0.4189189189189189	0.12162162162162163	0.0031185031185031187	0.011434511434511435	0.13617463617463618	0.12370062370062371
23	file:/C:/Users/apovzner/Documents/Hakluyt/morphad_lem/01_24_NNE-_1360_A_Testimonie_of_the_learned_Mathematician_Master_John_Dee_touching_the_foresaid_voyage_of_Nicholas_D_pp.303-304.txt	0.0015527950310559005	0.023291925465838508	0.0015527950310559005	0.07298136645962733	0.37422360248447206	0.20341614906832298	0.0015527950310559005	0.0015527950310559005	0.17546583850931677	0.14440993788819875
24	file:/C:/Users/apovzner/Documents/Hakluyt/morphad_lem/01_25_NNE-_1390_The_voyage_of_Henry_Earle_of_Derby_afterward_King_of_England_into_Prussia_and_Letto_Anno_1390_pp.304-305.txt	0.008680555555555556	0.008680555555555556	0.005208333333333333	0.07118055555555555	0.3177083333333333	0.234375	0.050347222222222224	0.001736111111111111	0.0954861111111111	0.2065972222222222
25	file:/C:/Users/apovzner/Documents/Hakluyt/morphad_lem/01_26_NNE-_1402_The_voyage_of_Thomas_of_Woodstock_duke_of_Glocester_into_Prussia_Anno_1391_pp.306-307.txt	0.0049833887043189366	0.011627906976744186	0.018272425249169437	0.044850498338870434	0.4169435215946844	0.07475083056478406	0.0016611295681063123	0.03156146179401993	0.2441860465116279	0.1511627906976744
26	file:/C:/Users/apovzner/Documents/Hakluyt/morphad_lem/01_27_NNE-_1402_Certaine_verses_of_Geffrey_Chaucer_concerning_the_long_Voyages_and_valiant_exploits_of_the_English_k_pp.307-308.txt	0.0018656716417910447	0.009328358208955223	0.0018656716417910447	0.08768656716417911	0.3302238805970149	0.0018656716417910447	0.05037313432835821	0.0018656716417910447	0.3376865671641791	0.17723880597014927
27	file:/C:/Users/apovzner/Documents/Hakluyt/morphad_lem/01_28_NNE-_0604_A_testimonie_out_of_Cornelius_Tacitus_proving_London_to_have_bene_a_famous_Mart-towne_in_the_raigne__pp.308-309.txt	0.05740740740740741	0.06111111111111111	0.005555555555555556	0.016666666666666666	0.49074074074074076	0.05	0.08703703703703704	0.001851851851851852	0.17222222222222222	0.05740740740740741
28	file:/C:/Users/apovzner/Documents/Hakluyt/morphad_lem/01_29_NNE-_0604_A_testimony_out_of_venerable_Beda_prooving_London_to_have_bene_a_Citie_of_great_traffique_in_his_tim_pp.309-309.txt	0.07307692307692308	0.0038461538461538464	0.057692307692307696	0.011538461538461539	0.4807692307692308	0.08076923076923077	0.06538461538461539	0.019230769230769232	0.15	0.057692307692307696
29	file:/C:/Users/apovzner/Documents/Hakluyt/morphad_lem/01_30_NNE-_0795_The_league_betweene_Carolus_Magnus_and_Offa_King_of_Mercia_concerning_the_safe_trade_of_English_Merc_pp.310-312.txt	0.015625	0.009375	0.021875	0.017708333333333333	0.265625	0.07395833333333333	0.005208333333333333	0.11770833333333333	0.22604166666666667	0.246875
30	file:/C:/Users/apovzner/Documents/Hakluyt/morphad_lem/01_31_NNE-_0795_An_ancient_testimony_translated_out_of_the_olde_Saxon_Lawes_conteyning_the_advancement_of_Merchants__pp.312-312.txt	0.011363636363636364	0.011363636363636364	0.07196969696969698	0.041666666666666664	0.056818181818181816	0.003787878787878788	0.01893939393939394	0.003787878787878788	0.42045454545454547	0.35984848484848486
31	file:/C:/Users/apovzner/Documents/Hakluyt/morphad_lem/01_32_NNE-_1027_A_testimony_of_certaine_Privileges_obteined_for_the_English_and_Danish_Merchants_by_Canutus_the_King_pp.313-314.txt	0.0359375	0.0015625	0.0015625	0.0078125	0.3046875	0.3421875	0.0046875	0.0359375	0.0671875	0.1984375
32	file:/C:/Users/apovzner/Documents/Hakluyt/morphad_lem/01_33_NNE-_1140_The_flourishing_state_of_Merchandise_in_the_City_of_London_in_the_dayes_of_Wilhelmus_Malmesburiensis_pp.314-315.txt	0.05	0.0017241379310344827	0.06724137931034482	0.005172413793103448	0.29482758620689653	0.12931034482758622	0.07413793103448275	0.029310344827586206	0.14655172413793102	0.20172413793103447
33	file:/C:/Users/apovzner/Documents/Hakluyt/morphad_lem/01_34_NNE-_1140_A_testimony_of_the_said_Wil_of_Malmesbury_concerning_traffique_to_Bristow_in_his_time_pp.315-315.txt	0.08992805755395683	0.0035971223021582736	0.0683453237410072	0.03237410071942446	0.3129496402877698	0.025179856115107913	0.12589928057553956	0.039568345323741004	0.12589928057553956	0.17625899280575538
34	file:/C:/Users/apovzner/Documents/Hakluyt/morphad_lem/01_35_NNE-_1157_The_league_betweene_Henry_the_second_and_Frederick_Barbarossa_Emperour_of_Germany_partly_touching_tr_pp.316-318.txt	0.003092783505154639	0.005154639175257732	0.013402061855670102	0.009278350515463918	0.17422680412371133	0.19278350515463918	0.003092783505154639	0.22989690721649483	0.17010309278350516	0.19896907216494844
35	file:/C:/Users/apovzner/Documents/Hakluyt/morphad_lem/01_36_NNE-_1199_A_generall_safe_conduct_granted_by_King_John_to_all_forreine_Merchants_pp.319-320.txt	0.0014749262536873156	0.0014749262536873156	0.01327433628318584	0.0014749262536873156	0.030973451327433628	0.18141592920353983	0.016224188790560472	0.5855457227138643	0.0014749262536873156	0.16666666666666666
36	file:/C:/Users/apovzner/Documents/Hakluyt/morphad_lem/01_37_NNE-_1229_The_letters_of_King_Henry_the_third_unto_Haquinus_king_of_Norwey_pp.320-322.txt	0.001059322033898305	0.001059322033898305	0.001059322033898305	0.04766949152542373	0.13241525423728814	0.0858050847457627	0.0031779661016949155	0.4650423728813559	0.007415254237288136	0.2552966101694915
37	file:/C:/Users/apovzner/Documents/Hakluyt/morphad_lem/01_38_NNE-_1229_A_mandate_for_the_king_of_Norway_his_ship_called_The_Cog_pp.322-323.txt	0.0015015015015015015	0.0015015015015015015	0.0015015015015015015	0.016516516516516516	0.13063063063063063	0.16366366366366367	0.0045045045045045045	0.44894894894894893	0.0045045045045045045	0.22672672672672672
38	file:/C:/Users/apovzner/Documents/Hakluyt/morphad_lem/01_39_NNE-_1236_A_Charter_granted_for_the_behalfe_of_the_Merchants_of_Colen_in_the_20_yeere_of_Henry_the_thirde_pp.323-324.txt	0.006648936170212766	0.0013297872340425532	0.0013297872340425532	0.014627659574468085	0.041223404255319146	0.16356382978723405	0.0013297872340425532	0.6050531914893617	0.0013297872340425532	0.16356382978723405
39	file:/C:/Users/apovzner/Documents/Hakluyt/morphad_lem/01_40_NNE-_1257_The_Charter_of_Lubeck_granted_for_seven_yeeres_in_the_time_of_Henry_the_third_pp.324-325.txt	0.010263929618768328	0.001466275659824047	0.001466275659824047	0.054252199413489736	0.01906158357771261	0.09530791788856305	0.004398826979472141	0.5263929618768328	0.001466275659824047	0.2859237536656892
40	file:/C:/Users/apovzner/Documents/Hakluyt/morphad_lem/01_41_NNE-_1260_A_Charter_of_the_Merchants_of_Almaine_or_the_Stilyard-merchants_pp.326-327.txt	0.0017857142857142857	0.0017857142857142857	0.030357142857142857	0.005357142857142857	0.11964285714285715	0.10892857142857143	0.0017857142857142857	0.4875	0.01607142857142857	0.22678571428571428
41	file:/C:/Users/apovzner/Documents/Hakluyt/morphad_lem/01_42_NNE-_1303_A_mandate_of_King_Edward_the_first_concerning_outlandish_Merchants_pp.327-327.txt	0.0034482758620689655	0.010344827586206896	0.0034482758620689655	0.0034482758620689655	0.09310344827586207	0.07241379310344828	0.0034482758620689655	0.5896551724137931	0.0034482758620689655	0.21724137931034482
42	file:/C:/Users/apovzner/Documents/Hakluyt/morphad_lem/01_43_NNE-_1303_King_Edw_the_first_his_great_Charter_granted_to_forreine_Merchants_Anno_Dom_1303_pp.327-339.txt	6.446067898581865E-4	0.0010743446497636442	0.011388053287494627	0.0058014611087236784	0.04748603351955307	0.2206703910614525	0.07885689729265148	0.39213579716373015	0.013966480446927373	0.22797593467984528
43	file:/C:/Users/apovzner/Documents/Hakluyt/morphad_lem/01_44_NNE-_1313_The_letters_of_Edward_the_second_unto_Haquinus_King_of_Norway_concerning_certain_English_Merchants_a_pp.339-343.txt	0.0017201834862385322	5.733944954128441E-4	0.006307339449541285	0.03841743119266055	0.00974770642201835	0.18520642201834864	0.0028669724770642203	0.48107798165137616	0.03727064220183486	0.2368119266055046
44	file:/C:/Users/apovzner/Documents/Hakluyt/morphad_lem/01_45_NNE-_1313_Another_letter_of_Edw_the_second_unto_the_said_Haquinus_for_the_merchants_aforesaid_pp.343-344.txt	0.0013966480446927375	0.004189944134078212	0.0013966480446927375	0.0013966480446927375	0.0013966480446927375	0.10474860335195531	0.0013966480446927375	0.5125698324022346	0.015363128491620111	0.35614525139664804
45	file:/C:/Users/apovzner/Documents/Hakluyt/morphad_lem/01_46_NNE-_1313_A_third_letter_of_King_Edward_the_second_to_the_said_Haquinus_in_the_behalfe_of_our_English_merchant_pp.344-349.txt	0.0014807502467917078	4.935834155972359E-4	0.009378084896347482	0.0014807502467917078	0.047877591312931886	0.16337611056268508	0.0014807502467917078	0.34007897334649556	0.08538993089832182	0.3489634748272458
46	file:/C:/Users/apovzner/Documents/Hakluyt/morphad_lem/01_47_NNE-_1320_An_Ordinance_for_the_Staple_to_be_holden_at_one_certaine_place_pp.350-355.txt	0.00267379679144385	5.347593582887701E-4	0.00909090909090909	0.0058823529411764705	0.00267379679144385	0.15989304812834224	0.00267379679144385	0.46898395721925135	0.026203208556149733	0.3213903743315508
47	file:/C:/Users/apovzner/Documents/Hakluyt/morphad_lem/02_01_NNE-_1262_A_Catalogue_of_the_great_Masters_of_Prussia_pp.001-011.txt	0.05473372781065089	2.958579881656805E-4	0.09497041420118343	0.19911242603550297	0.009763313609467455	8.875739644970414E-4	0.026923076923076925	2.958579881656805E-4	0.192603550295858	0.420414201183432
48	file:/C:/Users/apovzner/Documents/Hakluyt/morphad_lem/02_02_NNE-_1388_The_Oration_or_speach_of_the_Ambassadours_sent_from_Conradus_de_Zolner_Master_generall_of_the_land_o_pp.012-018.txt	5.0E-4	5.0E-4	0.0475	0.0435	5.0E-4	5.0E-4	5.0E-4	5.0E-4	0.2045	0.7015
49	file:/C:/Users/apovzner/Documents/Hakluyt/morphad_lem/02_03_NNE-_1390_An_agreement_made_by_the_Ambassadours_of_England_and_Prussia_confirmed_by_king_Richard_the_second_pp.018-024.txt	4.734848484848485E-4	0.0023674242424242425	0.018465909090909092	0.0023674242424242425	4.734848484848485E-4	0.0023674242424242425	4.734848484848485E-4	4.734848484848485E-4	0.10369318181818182	0.868844696969697
50	file:/C:/Users/apovzner/Documents/Hakluyt/morphad_lem/02_04_NNE-_1398_The_letters_of_Conradus_de_Jungingen_Master_generall_of_Prussia_unto_Rich_the_second_pp.025-027.txt	0.005747126436781609	0.0011494252873563218	0.008045977011494253	0.0011494252873563218	0.0034482758620689655	0.0011494252873563218	0.0011494252873563218	0.0011494252873563218	0.15747126436781608	0.8195402298850575
51	file:/C:/Users/apovzner/Documents/Hakluyt/morphad_lem/02_05_NNE-_1407_A_briefe_relation_of_William_Esturmy_and_John_Kington_concerning_their_Ambassages_into_Prussia_and_t_pp.027-033.txt	4.970178926441351E-4	4.970178926441351E-4	0.0034791252485089465	0.04025844930417495	0.0034791252485089465	4.970178926441351E-4	4.970178926441351E-4	4.970178926441351E-4	0.08399602385685885	0.8663021868787276
52	file:/C:/Users/apovzner/Documents/Hakluyt/morphad_lem/02_06_NNE-_1407_Certaine_Articles_of_complaint_exhibited_by_the_Livonians_pp.033-034.txt	0.008278145695364239	0.0016556291390728477	0.0016556291390728477	0.0380794701986755	0.011589403973509934	0.0016556291390728477	0.05132450331125828	0.004966887417218543	0.07450331125827815	0.8062913907284768
53	file:/C:/Users/apovzner/Documents/Hakluyt/morphad_lem/02_07_NNE-_1407_Other_complaints_exhibited_by_the_Cities_of_the_Hans_pp.034-036.txt	0.0012106537530266344	0.0036319612590799033	0.0012106537530266344	0.0012106537530266344	0.0012106537530266344	0.0012106537530266344	0.0012106537530266344	0.0012106537530266344	0.10774818401937046	0.8801452784503632
54	file:/C:/Users/apovzner/Documents/Hakluyt/morphad_lem/02_08_NNE-_1403_Compositions_and_Ordinances_concluded_betweene_the_Ambassadours_of_Prussia_and_the_Chanceller_and_Tr_pp.036-038.txt	0.0056947608200455585	0.0056947608200455585	0.012528473804100227	0.007972665148063782	0.0011389521640091116	0.0011389521640091116	0.0011389521640091116	0.0011389521640091116	0.010250569476082005	0.9533029612756264
55	file:/C:/Users/apovzner/Documents/Hakluyt/morphad_lem/02_09_NNE-_1403_The_letters_of_the_Chanceller_and_Treasurer_of_England_unto_Conradus_de_Jungingen_master_generall_of_pp.038-041.txt	0.004091653027823241	8.183306055646482E-4	0.010638297872340425	0.020458265139116204	8.183306055646482E-4	0.0024549918166939444	8.183306055646482E-4	8.183306055646482E-4	0.17594108019639934	0.7831423895253683
56	file:/C:/Users/apovzner/Documents/Hakluyt/morphad_lem/02_10_NNE-_1404_The_letters_of_king_Henry_the_fourth_unto_Conradus_de_Jungingen_the_master_generall_of_Prussia_for_e_pp.041-043.txt	0.0011655011655011655	0.0034965034965034965	0.017482517482517484	0.01282051282051282	0.0011655011655011655	0.005827505827505828	0.0034965034965034965	0.0011655011655011655	0.23426573426573427	0.7191142191142191
57	file:/C:/Users/apovzner/Documents/Hakluyt/morphad_lem/02_11_NNE-_1404_The_letters_of_Conradus_de_Jungingen_unto_king_Henry_the_fourth_pp.044-046.txt	0.003605769230769231	0.001201923076923077	0.013221153846153846	0.025240384615384616	0.001201923076923077	0.001201923076923077	0.001201923076923077	0.001201923076923077	0.3425480769230769	0.609375
58	file:/C:/Users/apovzner/Documents/Hakluyt/morphad_lem/02_12_NNE-_1405_An_agreement_made_betweene_king_Henry_the_fourth_and_Conradus_de_Jungingen_pp.047-055.txt	0.0011583011583011582	3.861003861003861E-4	0.0011583011583011582	0.00888030888030888	3.861003861003861E-4	3.861003861003861E-4	0.0019305019305019305	3.861003861003861E-4	0.07528957528957529	0.9100386100386101
59	file:/C:/Users/apovzner/Documents/Hakluyt/morphad_lem/02_13_NNE-_1405_An_agreement_betweene_king_Henry_the_fourth_and_the_Hans-townes_pp.055-067.txt	0.0016486104569006124	0.0011775788977861517	0.04922279792746114	0.06665096561469619	0.0011775788977861517	7.06547338671691E-4	0.04828073480923222	7.06547338671691E-4	0.004003768252472915	0.8264248704663213
60	file:/C:/Users/apovzner/Documents/Hakluyt/morphad_lem/02_14_NNE-_1405_A_testimonie_out_of_Albertus_Krantzius_concerning_the_surprise_of_Bergen_in_Norway_wherein_21_houses_pp.068-071.txt	8.561643835616438E-4	8.561643835616438E-4	0.0488013698630137	0.13955479452054795	0.01797945205479452	8.561643835616438E-4	0.11386986301369863	8.561643835616438E-4	0.1190068493150685	0.5573630136986302
61	file:/C:/Users/apovzner/Documents/Hakluyt/morphad_lem/02_15_NNE-_1407_The_grievances_and_offences_whereat_the_merchants_of_the_Hans_found_themselves_agrieved_pp.072-083.txt	2.7932960893854746E-4	2.7932960893854746E-4	0.0276536312849162	0.011452513966480447	2.7932960893854746E-4	2.7932960893854746E-4	0.06675977653631285	8.379888268156424E-4	0.06620111731843575	0.825977653631285
62	file:/C:/Users/apovzner/Documents/Hakluyt/morphad_lem/02_16_NNE-_1407_A_letter_of_Henry_the_fourth_king_of_England_unto_Conradus_de_Jungingen_Master_generall_of_Prussia_pp.083-085.txt	0.0034562211981566822	0.001152073732718894	0.001152073732718894	0.13709677419354838	0.001152073732718894	0.001152073732718894	0.00576036866359447	0.001152073732718894	0.20161290322580644	0.6463133640552995
63	file:/C:/Users/apovzner/Documents/Hakluyt/morphad_lem/02_17_NNE-_1408_A_letter_of_Werneherus_de_Tettingen_commander_in_Elbing_unto_sir_William_Sturmy_Ambassadour_unto_kin_pp.085-090.txt	0.0030084235860409147	6.016847172081829E-4	6.016847172081829E-4	0.03309265944645006	6.016847172081829E-4	6.016847172081829E-4	6.016847172081829E-4	0.0018050541516245488	0.154632972322503	0.8044524669073405
64	file:/C:/Users/apovzner/Documents/Hakluyt/morphad_lem/02_18_NNE-_1408_The_letters_of_Ulricus_de_Jungingen_master_generall_of_Prussia_signifying_unto_king_Henry_the_4_that_pp.091-095.txt	0.0020804438280166435	0.0062413314840499305	0.0076282940360610264	0.0034674063800277394	6.934812760055479E-4	6.934812760055479E-4	0.0020804438280166435	6.934812760055479E-4	0.180998613037448	0.7954230235783634
65	file:/C:/Users/apovzner/Documents/Hakluyt/morphad_lem/02_19_NNE-_1408_The_letters_of_king_Henry_the_fourth_unto_Ulricus_de_Jungingen_wherein_he_doth_absolutely_approve_th_pp.095-098.txt	0.002702702702702703	0.008108108108108109	9.009009009009009E-4	0.006306306306306306	9.009009009009009E-4	9.009009009009009E-4	0.0045045045045045045	9.009009009009009E-4	0.14324324324324325	0.8315315315315316
66	file:/C:/Users/apovzner/Documents/Hakluyt/morphad_lem/02_20_NNE-_1409_A_new_concord_betweene_king_Henry_the_fourth_and_Ulricus_de_Jungingen_pp.098-106.txt	3.5285815102328866E-4	3.5285815102328866E-4	0.01587861679604799	0.019407198306280876	0.005998588567395907	0.0187014820042343	3.5285815102328866E-4	0.038461538461538464	0.017290049400141144	0.8832039520112914
67	file:/C:/Users/apovzner/Documents/Hakluyt/morphad_lem/02_21_NNE-_1404_A_Charter_of_king_Henry_the_fourth_graunted_in_the_fifth_yeere_of_his_raigne_unto_the_English_mercha_pp.106-110.txt	0.00884433962264151	5.896226415094339E-4	5.896226415094339E-4	5.896226415094339E-4	0.004127358490566038	0.15389150943396226	0.004127358490566038	0.33785377358490565	0.0607311320754717	0.42865566037735847
68	file:/C:/Users/apovzner/Documents/Hakluyt/morphad_lem/02_22_NNE-_1430_A_note_touching_the_mighty_ships_of_king_Henry_the_fift_taken_out_of_a_Chronicle_in_the_Trinitie_Chu_pp.111-111.txt	0.002890173410404624	0.002890173410404624	0.008670520231213872	0.002890173410404624	0.24566473988439305	0.26878612716763006	0.02023121387283237	0.07803468208092486	0.06069364161849711	0.3092485549132948
69	file:/C:/Users/apovzner/Documents/Hakluyt/morphad_lem/02_23_NNE-_1430_A_branch_of_a_Statute_made_in_the_eight_yeere_of_Henry_the_6_for_the_trade_to_Norway_Sweveland_Denma_pp.111-113.txt	0.003171247357293869	0.02854122621564482	0.0010570824524312897	0.024312896405919663	0.10676532769556026	0.08773784355179703	0.0010570824524312897	0.026427061310782242	0.05813953488372093	0.6627906976744186
70	file:/C:/Users/apovzner/Documents/Hakluyt/morphad_lem/02_24_NNE-_1432_Another_branch_of_a_Statute_made_in_the_10_yeere_of_king_Henry_the_sixt_concerning_the_state_of_Engl_pp.113-114.txt	0.0015625	0.0421875	0.0015625	0.0984375	0.0140625	0.0859375	0.0015625	0.0015625	0.1328125	0.6203125
71	file:/C:/Users/apovzner/Documents/Hakluyt/morphad_lem/02_25_NNE-_1437_Libellus_de_politia_conservativa_Maris_Or_The_pollicy_of_keeping_the_Sea_pp.114-147.txt	3.29453107840984E-4	0.004502525807160114	0.19207116187129367	0.12047001976718646	0.029101691192620252	0.024269712277619152	0.04491544036898748	0.015484296068526247	0.28343949044585987	0.28541620909290577
72	file:/C:/Users/apovzner/Documents/Hakluyt/morphad_lem/02_26_NNE-_1462_A_large_Charter_granted_by_king_Edward_the_fourth_in_the_second_yere_of_his_raigne_to_the_English_me_pp.147-158.txt	0.0019852524106636414	0.003119682359614294	0.012762336925694838	8.508224617129892E-4	2.836074872376631E-4	2.836074872376631E-4	0.024673851389676687	8.508224617129892E-4	0.18179239931934202	0.7733976176971072
73	file:/C:/Users/apovzner/Documents/Hakluyt/morphad_lem/02_27_NNE-_1527_A_perswasion_of_Robert_Thome_merchant_of_Bristol_and_dwelling_long_in_Sivil_in_Spaine_to_king_Henry__pp.159-163.txt	0.0839112343966713	0.1407766990291262	0.03536754507628294	0.0048543689320388345	0.0020804438280166435	0.0020804438280166435	0.009015256588072122	6.934812760055479E-4	0.5790568654646324	0.1421636615811373
74	file:/C:/Users/apovzner/Documents/Hakluyt/morphad_lem/02_28_NNE-_1527_The_discourse_of_the_foresaid_Robert_Thorne_written_to_Doctour_Leigh_the_Kings_Ambassadour_in_Spaine_pp.164-181.txt	0.16883863549252587	0.24856266768876964	0.05270218474511307	0.004407819087773093	0.017439632042928324	0.0055576849367573785	0.043119969336910695	1.9164430816404754E-4	0.366998850134151	0.09218091222690686
75	file:/C:/Users/apovzner/Documents/Hakluyt/morphad_lem/02_29_NNE-_1580_A_briefe_treatise_of_the_Emperour_of_Moscovia_his_genealogie_pp.182-194.txt	0.00825	0.00125	0.20075	7.5E-4	0.01925	0.00275	0.21875	2.5E-4	0.39325	0.15475
76	file:/C:/Users/apovzner/Documents/Hakluyt/morphad_lem/02_30_NNE-_1553_The_excellent_orders_and_instructions_of_Sebastian_Cabot_given_to_sir_Hugh_Willoughby_and_his_Fleete_pp.195-205.txt	3.184713375796178E-4	0.005414012738853503	0.09394904458598727	0.16592356687898088	0.0022292993630573248	9.554140127388535E-4	3.184713375796178E-4	3.184713375796178E-4	0.45	0.2805732484076433
77	file:/C:/Users/apovzner/Documents/Hakluyt/morphad_lem/02_31_NNE-_1553_The_names_of_the_twelve_Counsellers_appointed_in_sir_Hugh_Willoughbies_voyage_pp.206-206.txt	0.0036496350364963502	0.0036496350364963502	0.0036496350364963502	0.13503649635036497	0.20072992700729927	0.08394160583941605	0.010948905109489052	0.28832116788321166	0.010948905109489052	0.2591240875912409
78	file:/C:/Users/apovzner/Documents/Hakluyt/morphad_lem/02_32_NNE-_1553_The_letters_of_king_Edward_the_sixt_written_at_that_time_to_all_the_Kings_Princes_and_other_Potentat_pp.206-211.txt	5.279831045406547E-4	0.004751847940865892	0.0015839493136219642	0.0279831045406547	0.17793030623020065	0.16631467793030624	0.0015839493136219642	0.2296726504751848	0.1631467793030623	0.22650475184794086
79	file:/C:/Users/apovzner/Documents/Hakluyt/morphad_lem/02_33_NNE-_1553_The_voyage_of_sir_Hugh_Willoughby_knight_wherein_he_unfortunately_perished_at_Arzina_Reca_in_Lapland_pp.212-212.txt	0.0035211267605633804	0.01056338028169014	0.017605633802816902	0.3485915492957746	0.0035211267605633804	0.0035211267605633804	0.0035211267605633804	0.0035211267605633804	0.10915492957746478	0.4964788732394366
80	file:/C:/Users/apovzner/Documents/Hakluyt/morphad_lem/02_34_NNE-_1553_The_names_of_the_Ships_Captains_Mariners_and_other_officers_of_that_first_worthy_enterprise_pp.212-214.txt	0.0011389521640091116	0.0011389521640091116	0.012528473804100227	0.3542141230068337	0.0056947608200455585	0.0011389521640091116	0.03986332574031891	0.007972665148063782	0.05125284738041002	0.5250569476082004
81	file:/C:/Users/apovzner/Documents/Hakluyt/morphad_lem/02_35_NNE-_1553_The_othe_ministred_to_the_Captaine_of_the_Fleete_pp.215-215.txt	0.004132231404958678	0.012396694214876033	0.004132231404958678	0.13636363636363635	0.004132231404958678	0.004132231404958678	0.0371900826446281	0.004132231404958678	0.25206611570247933	0.5413223140495868
82	file:/C:/Users/apovzner/Documents/Hakluyt/morphad_lem/02_36_NNE-_1553_The_othe_ministred_to_the_Masters_of_the_ships_pp.216-224.txt	0.0011337868480725624	0.5763416477702192	0.04346182917611489	0.15381708238851097	3.779289493575208E-4	3.779289493575208E-4	0.07520786092214664	3.779289493575208E-4	0.10770975056689343	0.041194255479969764
83	file:/C:/Users/apovzner/Documents/Hakluyt/morphad_lem/02_37_NNE-_1553_The_voyage_of_Richard_Chanceller_Pilote_major_the_first_discoverer_by_sea_of_the_kingdome_of_Moscovi_pp.224-238.txt	2.2977941176470588E-4	2.2977941176470588E-4	0.44967830882352944	0.03056066176470588	2.2977941176470588E-4	0.0011488970588235295	0.24333639705882354	2.2977941176470588E-4	0.15647977941176472	0.11787683823529412
84	file:/C:/Users/apovzner/Documents/Hakluyt/morphad_lem/02_38_NNE-_1553_A_testimonie_of_Richard_Eden_concerning_Clement_Adams_his_discourse_of_Richard_Chancellers_voyage_pp.239-270.txt	3.239041243791838E-4	0.0024832649535737423	0.34560570071258906	0.11606564456920751	1.0796804145972792E-4	5.398402072986396E-4	0.14284171885122005	1.0796804145972792E-4	0.32206866767436837	0.06985532282444397
85	file:/C:/Users/apovzner/Documents/Hakluyt/morphad_lem/02_39_NNE-_1554_The_letters_of_the_Emperour_of_Russia_sent_to_king_Edward_the_sixt_by_Richard_Chanceller_pp.271-272.txt	0.00510204081632653	0.00510204081632653	0.0391156462585034	0.025510204081632654	0.0017006802721088435	0.0017006802721088435	0.3010204081632653	0.0017006802721088435	0.11054421768707483	0.5085034013605442
86	file:/C:/Users/apovzner/Documents/Hakluyt/morphad_lem/02_40_NNE-_1554_The_coynes_waights_and_measures_used_in_Russia_pp.273-278.txt	0.0016703786191536749	0.0038975501113585748	0.1564587973273942	0.008351893095768375	5.567928730512249E-4	0.0016703786191536749	0.6319599109131403	5.567928730512249E-4	0.08518930957683742	0.10968819599109131
87	file:/C:/Users/apovzner/Documents/Hakluyt/morphad_lem/02_41_NNE-_1555_The_letters_of_King_Philip_and_Queene_Mary_to_Ivan_Vasilivich_the_Emperor_of_Russia_pp.278-281.txt	0.004159733777038269	0.009151414309484194	0.022462562396006656	0.005823627287853577	8.319467554076539E-4	8.319467554076539E-4	0.3352745424292845	8.319467554076539E-4	0.1389351081530782	0.48169717138103163
88	file:/C:/Users/apovzner/Documents/Hakluyt/morphad_lem/02_42_NNE-_1555_The_Commission_given_to_the_merchants_Agents_resiant_in_Russia_pp.281-289.txt	3.837298541826554E-4	0.00422102839600921	0.010360706062931695	0.11320030698388335	0.0011511895625479663	0.001918649270913277	0.09861857252494244	0.0011511895625479663	0.3365310821181888	0.43246354566385264
89	file:/C:/Users/apovzner/Documents/Hakluyt/morphad_lem/02_43_NNE-_1555_The_othe_ministred_to_the_servants_of_the_Moscovie_company_pp.290-290.txt	0.0043859649122807015	0.0043859649122807015	0.03070175438596491	0.0043859649122807015	0.0043859649122807015	0.0043859649122807015	0.0043859649122807015	0.0043859649122807015	0.37280701754385964	0.5657894736842105
90	file:/C:/Users/apovzner/Documents/Hakluyt/morphad_lem/02_44_NNE-_1555_The_letter_of_George_Killingworth_the_first_Agent_in_Russia_written_to_the_Company_pp.291-297.txt	5.149330587023687E-4	0.003604531410916581	0.07260556127703399	0.18795056642636457	5.149330587023687E-4	5.149330587023687E-4	0.48146240988671474	5.149330587023687E-4	0.08084449021627188	0.17147270854788876
91	file:/C:/Users/apovzner/Documents/Hakluyt/morphad_lem/02_45_NNE-_1555_The_first_Privileges_graunted_by_the_Emperour_of_Russia_to_the_English_merchants_pp.297-303.txt	5.268703898840885E-4	5.268703898840885E-4	0.0015806111696522655	0.07007376185458378	5.268703898840885E-4	5.268703898840885E-4	0.0827186512118019	5.268703898840885E-4	0.1554267650158061	0.6875658587987356
92	file:/C:/Users/apovzner/Documents/Hakluyt/morphad_lem/02_46_NNE-_1555_The_Charter_of_the_merchants_of_the_Moscovie_company_granted_by_Queene_Mary_pp.304-316.txt	2.5693730729701953E-4	0.020298047276464542	0.005909558067831449	0.01721479958890031	0.0033401849948612537	2.5693730729701953E-4	0.011048304213771839	7.708119218910585E-4	0.11382322713257965	0.8270811921891058
93	file:/C:/Users/apovzner/Documents/Hakluyt/morphad_lem/02_47_NNE-_1556_Instructions_given_to_the_Pursers_of_the_Moscovie_voyage_pp.317-322.txt	6.393861892583121E-4	0.007033248081841432	0.04283887468030691	0.40728900255754474	6.393861892583121E-4	6.393861892583121E-4	0.17327365728900257	6.393861892583121E-4	0.2078005115089514	0.15920716112531969
94	file:/C:/Users/apovzner/Documents/Hakluyt/morphad_lem/02_48_NNE-_1556_The_voyage_of_Stephen_Burrough_toward_the_River_of_Ob_intending_the_discovery_of_the_Northeast_passa_pp.322-344.txt	1.4607069821793748E-4	0.6606777680397312	0.09070990359333918	0.18974583698510078	1.4607069821793748E-4	4.3821209465381246E-4	0.017674554484370435	1.4607069821793748E-4	0.040169442009932804	1.4607069821793748E-4
95	file:/C:/Users/apovzner/Documents/Hakluyt/morphad_lem/02_49_NNE-_1556_The_landing_of_Richard_Johnson_among_the_Samoeds_Anno_1556_pp.345-349.txt	0.0019946808510638296	0.10837765957446809	0.6815159574468085	0.008643617021276596	0.003324468085106383	0.0019946808510638296	0.1363031914893617	6.648936170212766E-4	0.04321808510638298	0.013962765957446808
96	file:/C:/Users/apovzner/Documents/Hakluyt/morphad_lem/02_50_NNE-_1557_A_discourse_of_the_honourable_receiving_into_England_of_the_first_Ambassadour_from_the_Emperour_of_R_pp.350-362.txt	0.002232142857142857	0.002232142857142857	0.12822420634920634	0.10094246031746032	0.001240079365079365	2.48015873015873E-4	0.18427579365079366	7.44047619047619E-4	0.13764880952380953	0.44221230158730157
97	file:/C:/Users/apovzner/Documents/Hakluyt/morphad_lem/02_51_NNE-_1557_The_voyage_of_the_aforesaide_Stephen_Burrough_from_Colmogro_in_Russia_to_Wardhouse_in_search_of_cert_pp.363-375.txt	7.747933884297521E-4	0.6293904958677686	0.16554752066115702	0.07463842975206611	0.0012913223140495868	7.747933884297521E-4	0.09684917355371901	7.747933884297521E-4	0.0074896694214876035	0.02246900826446281
98	file:/C:/Users/apovzner/Documents/Hakluyt/morphad_lem/02_52_NNE-_1557_Instructions_given_to_the_Masters_and_Mariners_of_the_ships_of_the_Moscovie_Company_sayling_towards__pp.375-378.txt	9.784735812133072E-4	0.040117416829745595	0.012720156555772993	0.37279843444227007	9.784735812133072E-4	9.784735812133072E-4	0.09686888454011741	9.784735812133072E-4	0.1771037181996086	0.2964774951076321
99	file:/C:/Users/apovzner/Documents/Hakluyt/morphad_lem/02_53_NNE-_1557_A_letter_of_the_Company_of_the_Moscovie_merchants_unto_their_Agents_George_Killingworth_Richard_Gray_pp.379-392.txt	0.001242544731610338	2.4850894632206757E-4	0.061381709741550695	0.18464214711729623	2.4850894632206757E-4	2.4850894632206757E-4	0.4753976143141153	2.4850894632206757E-4	0.1518389662027833	0.12450298210735586
100	file:/C:/Users/apovzner/Documents/Hakluyt/morphad_lem/02_54_NNE-_1557_A_letter_of_M_Thomas_Hawtree_to_the_Moscovie_Companies_Agent_M_Henry_Lane_at_Colmogro_pp.392-394.txt	0.0011235955056179776	0.021348314606741574	0.0550561797752809	0.16741573033707866	0.0011235955056179776	0.0011235955056179776	0.6033707865168539	0.0011235955056179776	0.043820224719101124	0.10449438202247191
101	file:/C:/Users/apovzner/Documents/Hakluyt/morphad_lem/02_55_NNE-_1558_A_letter_of_M_Richard_Gray_one_of_the_first_Agents_of_the_Moscovie_Company_to_M_Henry_Lane_at_Mosco_pp.394-396.txt	0.003289473684210526	0.005482456140350877	0.06469298245614036	0.20723684210526316	0.0010964912280701754	0.0010964912280701754	0.6392543859649122	0.0010964912280701754	0.01864035087719298	0.0581140350877193
102	file:/C:/Users/apovzner/Documents/Hakluyt/morphad_lem/02_56_NNE-_1558_A_letter_of_Thomas_Alcock_to_M_Richard_Gray_and_Henry_Lane_Agents_in_Moscovia_from_Tirwill_in_Poland_pp.396-399.txt	9.107468123861566E-4	0.004553734061930784	0.13752276867030966	0.24499089253187614	0.00273224043715847	0.00273224043715847	0.3524590163934426	9.107468123861566E-4	0.1320582877959927	0.12112932604735883
103	file:/C:/Users/apovzner/Documents/Hakluyt/morphad_lem/02_57_NNE-_1559_A_letter_of_M_Anthony_Jenkinson_upon_his_returne_from_Boghar_to_M_Henry_Lane_resident_in_Vologda_pp.400-401.txt	0.0017064846416382253	0.0017064846416382253	0.02901023890784983	0.20648464163822525	0.0017064846416382253	0.0017064846416382253	0.43856655290102387	0.0017064846416382253	0.24744027303754265	0.06996587030716724
104	file:/C:/Users/apovzner/Documents/Hakluyt/morphad_lem/02_58_NNE-_1560_A_letter_of_the_Moscovie_Company_to_their_Agents_in_Russia_M_Henry_Lane_Christopher_Hudson_and_Thoma_pp.401-407.txt	4.955401387512388E-4	0.002477700693756194	0.058969276511397425	0.2502477700693756	4.955401387512388E-4	4.955401387512388E-4	0.44350842418235875	4.955401387512388E-4	0.1937561942517344	0.04905847373637265
105	file:/C:/Users/apovzner/Documents/Hakluyt/morphad_lem/02_59_NNE-_1560_Another_letter_to_the_aforesaid_parties_pp.407-410.txt	0.002586206896551724	8.620689655172414E-4	0.02327586206896552	0.34913793103448276	8.620689655172414E-4	8.620689655172414E-4	0.4698275862068966	8.620689655172414E-4	0.08706896551724137	0.06465517241379311
106	file:/C:/Users/apovzner/Documents/Hakluyt/morphad_lem/02_60_NNE-_1560_The_maner_of_Justice_by_lotts_in_Russia_written_by_M_Henry_Lane_pp.411-412.txt	0.005639097744360902	0.009398496240601503	0.13721804511278196	0.020676691729323307	0.0018796992481203006	0.0018796992481203006	0.20112781954887218	0.009398496240601503	0.29887218045112784	0.31390977443609025
