0	file:/C:/Users/apovzner/Documents/Hakluyt/CC_ML_FR_trimmed_morphad_lem/01_01_NNE-_0517_The_voyage_of_Arthur_K_of_Britaine_to_Island_and_the_most_Northeastern_parts_of_Europe_Anno_517_pp.003-004.txt	7.150993803146777E-4	0.0017494725217308649	0.4447931619478451	2.2028396903552854E-4	0.017692961255828487	8.076609903668754E-4	0.13507569845674405	4.992632874988192E-4	0.009871354894371083	7.703742968524867E-4	6.448203407158156E-4	0.22238577023822914	8.279562327088825E-5	2.3510625246268838E-4	6.132283971543512E-4	6.898583706082288E-4	0.16315308977697096
1	file:/C:/Users/apovzner/Documents/Hakluyt/CC_ML_FR_trimmed_morphad_lem/01_02_NNE-_0517_Two_testimonies_of_Galfridus_Monumetensis_in_his_history_of_the_Kings_of_Brittaine_concerning_the_co_pp.004-004.txt	0.04035512042721973	0.0017494725217308649	0.6588492756011324	2.2028396903552854E-4	0.0018369528370664637	8.076609903668754E-4	0.06372366057231495	4.992632874988192E-4	0.0019433506849900715	7.703742968524867E-4	6.448203407158156E-4	0.127249719725657	8.279562327088825E-5	0.047803131508748764	6.132283971543512E-4	6.898583706082288E-4	0.052161030845636794
2	file:/C:/Users/apovzner/Documents/Hakluyt/CC_ML_FR_trimmed_morphad_lem/01_03_NNE-_0580_A_testimony_of_M_Lambard_in_his_touching_the_right_and_appendances_of_the_Crowne_of_the_kingdome_of__pp.005-007.txt	1.947577669088483E-4	4.7646994387096287E-4	0.35001457393044266	5.999447779733567E-5	5.002952628857071E-4	0.006697557808516986	0.22895647952435297	0.004454368556853092	0.07178277190034742	2.0981192526406801E-4	1.7561722618183803E-4	0.25057623565691606	2.2549440178466753E-5	0.019496803822354997	1.6701314044254728E-4	1.8788336200754727E-4	0.06602681625467847
3	file:/C:/Users/apovzner/Documents/Hakluyt/CC_ML_FR_trimmed_morphad_lem/01_04_NNE-_0580_The_voyage_of_Malgo_king_of_Britaine_to_Island_Gotland_Orkney_Denmark_and_Norway_Anno_580_pp.007-008.txt	9.789875808084308E-4	0.0023950683204150584	0.5438103937872839	3.0157384536128783E-4	0.002514830894172387	0.0011057065644843203	0.08723916426342863	6.835029808022628E-4	0.03522135505056707	0.0010546602192002092	8.827739511334148E-4	0.08737883950147998	1.1334912203647087E-4	0.141418939081422	8.395238501660992E-4	9.444320550872301E-4	0.09311689893215128
4	file:/C:/Users/apovzner/Documents/Hakluyt/CC_ML_FR_trimmed_morphad_lem/01_05_NNE-_0624_The_conquest_of_the_Isles_of_Anglesey_and_Man_by_Edwin_the_Saxon_king_of_Northumberland_Anno_624_pp.008-010.txt	0.00446555593355683	9.038845038631495E-4	0.5206298732595828	1.1381217114727279E-4	0.005045174042768404	0.024993838210636384	0.10255710202147134	2.57949949663387E-4	0.062445431685299924	3.98022478461399E-4	3.331536257409394E-4	0.1681472843457084	4.27772828282009E-5	0.0165058376998561	0.037181658014240816	3.564230265452466E-4	0.05562222174862942
5	file:/C:/Users/apovzner/Documents/Hakluyt/CC_ML_FR_trimmed_morphad_lem/01_06_NNE-_0624_The_voyage_of_Bertus_into_Ireland_Anno_684_pp.010-010.txt	6.625707438519667E-4	0.001620962543082773	0.4561940997713136	2.0410269850647497E-4	0.0017020168681177164	7.483331099127971E-4	2.776173797169212E-4	0.08126464510595156	0.00914624055793767	0.008059426809522569	5.974541505139483E-4	0.17666754314366528	7.671375365217003E-5	0.13243938222374424	5.681828378524301E-4	0.015330466740838797	0.11444024156181909
6	file:/C:/Users/apovzner/Documents/Hakluyt/CC_ML_FR_trimmed_morphad_lem/01_07_NNE-_0890_The_voyage_of_Octher_to_the_North_parts_beyond_Norway_about_the_yeere_890_pp.011-014.txt	1.7014372201225666E-4	4.1625230646189713E-4	1.962748419965447E-4	5.241220370634998E-5	0.05891272126123445	0.33029666953123316	7.12902806509674E-5	1.1878980228138918E-4	0.4211098336681362	0.013387475397037517	1.5342221769276576E-4	9.556522074303786E-5	1.9699577285935447E-5	5.593887222325989E-5	0.04353106874101113	0.005823072454548869	0.1255893699017443
7	file:/C:/Users/apovzner/Documents/Hakluyt/CC_ML_FR_trimmed_morphad_lem/01_08_NNE-_0890_The_second_voyage_of_Octher_into_the_Sound_of_Denmarke_pp.014-015.txt	7.039377376206799E-4	0.009526425645870248	8.120503453953537E-4	2.1684566238714594E-4	0.08765513852584406	0.6095273190202355	2.9495016496800403E-4	4.914705266900485E-4	0.1267811746623003	7.583498945402886E-4	6.34755649788906E-4	3.9538317658425776E-4	8.15033061622231E-5	2.314365919129077E-4	0.15668885281540731	6.790907027089723E-4	0.004521315571583812
8	file:/C:/Users/apovzner/Documents/Hakluyt/CC_ML_FR_trimmed_morphad_lem/01_09_NNE-_0890_Wolstans_Navigation_into_the_East_sea_or_the_Sound_of_Denmarke_pp.015-016.txt	0.05498481612744402	0.08985391988676004	7.071878664805076E-4	0.4351630834627606	0.0015747720489720743	0.19099361671082105	2.56862371975527E-4	0.027613895457164854	0.15798485156758255	6.604219147330876E-4	5.527877627982757E-4	3.443261697706395E-4	7.097854156802129E-5	2.0155049571554012E-4	5.257048085223531E-4	5.91397698330755E-4	0.03791982710860015
9	file:/C:/Users/apovzner/Documents/Hakluyt/CC_ML_FR_trimmed_morphad_lem/01_10_NNE-_0973_The_voyage_of_King_Edgar_with_4000_shippes_round_about_his_large_Monarchie_Anno_973_pp.016-023.txt	7.06261726400935E-5	0.06986000657819641	0.2334162145621333	2.1756155934720675E-5	1.8142506031158245E-4	0.04314490478237557	0.04622673918614251	4.930930735842018E-5	0.004106945792068293	7.608535202904526E-5	6.368512399660985E-5	0.1621211838744846	8.177238218834287E-6	0.04465436188430474	6.056497297784343E-5	0.0055491506824065714	0.3903888632744209
10	file:/C:/Users/apovzner/Documents/Hakluyt/CC_ML_FR_trimmed_morphad_lem/01_11_NNE-_0973_The_voyage_of_Edmund_and_Edward_the_sonnes_of_King_Edmund_Ironside_into_Hungary_Anno_1017_pp.024-025.txt	6.130361616442855E-4	0.015092722433785418	0.4492743725843283	1.8884373636274745E-4	0.0015747720489720743	6.923868305220079E-4	0.21094750973944948	4.280054742649893E-4	0.0016659841659083224	0.007456894410458054	5.527877627982757E-4	0.2042385010415196	7.097854156802129E-5	0.020590967982890437	5.257048085223531E-4	5.91397698330755E-4	0.08549513457867493
11	file:/C:/Users/apovzner/Documents/Hakluyt/CC_ML_FR_trimmed_morphad_lem/01_12_NNE-_1249_A_Chronicle_of_the_Kings_of_Man_taken_out_of_M_Camdens_Chorographie_pp.025-041.txt	3.609215275451365E-5	0.058108370001527195	0.5850440110067417	1.111806677318367E-5	0.08532219809050158	4.076387791771762E-5	1.5122624971031907E-5	0.014830320260963452	0.09693158244441556	3.888196181615443E-5	4.326834866834643E-4	2.027200595052265E-5	4.178820964972843E-6	1.1866169949260171E-5	0.017236902796623762	3.481820062550686E-5	0.14188081803082028
12	file:/C:/Users/apovzner/Documents/Hakluyt/CC_ML_FR_trimmed_morphad_lem/01_13_NNE-_1067_The_mariage_of_the_daughter_of_Harald_unto_Jeruslaus_duke_of_Russia_in_his_owne_Countrey_Anno_1067_pp.042-042.txt	0.03294956479461671	0.0017776590993762637	0.3714020742704123	2.2383306804687716E-4	0.009922284879022613	8.20673597843335E-4	0.08891755063185233	5.073071540035985E-4	0.034197605035864276	0.008838522188463186	6.552093456159537E-4	0.22596873236092088	8.412958264151912E-5	0.12107493457510174	6.231084093386259E-4	7.009730044684047E-4	0.10133583800241142
13	file:/C:/Users/apovzner/Documents/Hakluyt/CC_ML_FR_trimmed_morphad_lem/01_14_NNE-_1278_The_ancient_state_of_the_shipping_of_the_Cinque_Ports_pp.042-050.txt	8.605681012503534E-5	0.15477075640661617	0.33116344986531826	2.6509512130380665E-5	0.04697075975603471	0.0010512713366913717	3.6057834360170124E-5	6.008256630816849E-5	0.021223527166817004	0.04970463139073341	7.759925844338277E-5	4.8335830195652245E-5	9.963828003698442E-6	2.829326200574658E-5	7.379740661216818E-5	8.301924522221555E-5	0.3945858885243825
14	file:/C:/Users/apovzner/Documents/Hakluyt/CC_ML_FR_trimmed_morphad_lem/01_15_NNE-_1243_The_voyage_of_a_certaine_Englishman_into_Tartaria_and_from_thence_into_Poland_and_Hungary_Anno_1243_pp.050-054.txt	1.3419796240360556E-4	0.04049880441409287	0.2694458877770759	4.1339232851437146E-5	3.447287671503273E-4	1.5156838644219995E-4	5.622899446064681E-5	0.05067875806021051	0.29941169545413	1.4457103973467407E-4	1.2100916071607035E-4	7.537543994389994E-5	1.5537706009478544E-5	4.412083256869361E-5	1.1508050999838603E-4	1.2946114936074639E-4	0.33859163511285056
15	file:/C:/Users/apovzner/Documents/Hakluyt/CC_ML_FR_trimmed_morphad_lem/01_16_NNE-_1246_Libellus_historicus_Johannis_de_Plano_Carpini_pp.055-094.txt	1.0727606773481938E-5	1.451772547826927E-4	2.5024005386070554E-4	3.3046033367769616E-6	2.755715952209249E-5	1.2116175386872987E-5	0.920660485993871	7.4897285218822925E-6	2.9153293298025742E-5	1.1556816790128455E-5	1.2860574801648074E-4	0.06696498717482034	1.242063569716128E-6	0.011658905739953259	9.199383034159042E-6	1.0348952233776883E-5	6.890225222860246E-5
16	file:/C:/Users/apovzner/Documents/Hakluyt/CC_ML_FR_trimmed_morphad_lem/01_17_NNE-_1246_The_long_and_wonderfull_voyage_of_Frier_John_de_Plano_Carpini_Anno_1246_pp.094-179.txt	0.022877933276231836	0.012557446699324818	0.025628854279537948	1.8636595076230315E-6	0.006320400437293751	6.8330214414771775E-6	0.5963483263142179	0.03602240970029267	0.15777207069137875	1.4066350974607984E-4	5.455347313493938E-6	0.040582545962325925	7.004724455163546E-7	0.016971450900204556	5.18807127774611E-6	5.83638072677908E-6	0.0847520212767331
17	file:/C:/Users/apovzner/Documents/Hakluyt/CC_ML_FR_trimmed_morphad_lem/01_18_NNE-_1253_The_journall_of_Frier_William_de_Rubricis_Anno_1253_pp.179-293.txt	0.01908720249438173	0.01219997108367751	0.013942560088723585	1.388018977018705E-6	0.003308585131701157	0.004900650020851068	0.5811749049708403	0.009194811268412467	0.21706543053458446	4.854162325658076E-6	0.00430016751637671	0.03527055128725629	5.216988635952406E-7	0.022331233744460006	3.863979100357145E-6	4.34682793328909E-6	0.07720895717153482
18	file:/C:/Users/apovzner/Documents/Hakluyt/CC_ML_FR_trimmed_morphad_lem/01_19_NNE-_1278_Part_of_the_great_Charter_graunted_by_King_Edward_the_first_to_the_Barons_of_the_Cinque_Ports_pp.293-296.txt	1.8630989216716383E-4	0.5416270022724556	0.2893903741513247	5.739213827748551E-5	0.0397238339797626	2.1042562217948093E-4	7.806391175392166E-5	1.300765904957106E-4	0.004637392740859872	0.00433178891794455	0.012561233181738742	1.0464533020080512E-4	2.15713285008362E-5	6.125389246579158E-5	1.59768725428617E-4	0.02909727870326322	0.07762158862118079
19	file:/C:/Users/apovzner/Documents/Hakluyt/CC_ML_FR_trimmed_morphad_lem/01_20_NNE-_1345_The_rolle_of_the_huge_Fleete_of_Edward_the_thirde_before_Caleis_pp.297-299.txt	2.6834196778407473E-4	0.012556467180403794	0.03600948069098025	8.266184442261449E-5	6.893189290809348E-4	0.030053014213853396	1.1243538090921425E-4	1.873491946683338E-4	0.003704238697402943	2.8908395173926865E-4	2.4196966723525484E-4	1.5072057365748072E-4	3.1069164767898846E-5	8.822392545832603E-5	2.3011474953461814E-4	0.9135819785774615	0.0017235312906400096
20	file:/C:/Users/apovzner/Documents/Hakluyt/CC_ML_FR_trimmed_morphad_lem/01_21_NNE-_1345_The_summe_of_expences_layde_out_in_the_siege_of_Caleis_pp.299-300.txt	0.0021407107279322528	0.005237194575450374	0.2635341798430897	6.594387698928525E-4	0.005499074329058055	0.0024178017688253764	8.96958564100492E-4	0.1913598184245478	0.02955073924453377	0.0023061808850536	0.28672817151107055	0.0012023804983359763	2.4785573004389E-4	7.038105341796719E-4	0.0018357512880004872	0.002065149621672225	0.20361478368421296
21	file:/C:/Users/apovzner/Documents/Hakluyt/CC_ML_FR_trimmed_morphad_lem/01_22_NNE-_1360_A_note_of_Thomas_Walsingham_touching_King_Edward_the_thirde_his_huge_Fleete_of_1100_ships_wherewith__pp.300-301.txt	5.179836902379957E-4	0.08740722353057295	0.28773083549344364	1.595631409036944E-4	0.0013306005228505894	5.850308806971869E-4	0.12081302072513618	3.616423775184801E-4	0.0014076700203470064	5.580221884300265E-4	0.006209742895131545	0.22999757652036049	5.99731780756646E-5	1.7029969204428576E-4	4.4419323643794014E-4	0.0981250218058218	0.1641216001019905
22	file:/C:/Users/apovzner/Documents/Hakluyt/CC_ML_FR_trimmed_morphad_lem/01_23_NNE-_1360_The_voyage_of_Nicolaus_de_Linna_a_Franciscan_Frier_and_an_excellent_Mathematician_of_Oxford_to_all_t_pp.301-303.txt	0.0032051940754970385	0.00652878709842359	0.0914461566072779	8.168973854732061E-5	0.012441243787500793	0.22962012142680463	0.09713137111960916	1.8514596228051596E-4	0.0683408487226847	2.856843154269917E-4	2.391240963820361E-4	0.17360940933607166	3.070379041867752E-5	0.2264677883680253	2.2740859288426907E-4	0.04141593537107418	0.04874338759109128
23	file:/C:/Users/apovzner/Documents/Hakluyt/CC_ML_FR_trimmed_morphad_lem/01_24_NNE-_1360_A_Testimonie_of_the_learned_Mathematician_Master_John_Dee_touching_the_foresaid_voyage_of_Nicholas_D_pp.303-304.txt	9.098606054926642E-4	0.1434473038235837	0.4448881370660915	2.802795121410895E-4	0.0023372569835807683	0.1725107032514436	0.030642950398605918	6.352403729731074E-4	0.002472632866989156	9.801899476989408E-4	0.010907680177965015	5.110445955980488E-4	1.0534546385460863E-4	2.991387254827162E-4	7.80244503211048E-4	8.777450688176782E-4	0.18741424663647047
24	file:/C:/Users/apovzner/Documents/Hakluyt/CC_ML_FR_trimmed_morphad_lem/01_25_NNE-_1390_The_voyage_of_Henry_Earle_of_Derby_afterward_King_of_England_into_Prussia_and_Letto_Anno_1390_pp.304-305.txt	0.06872184363986086	0.005213527225687118	0.4232771209314628	1.186731316291366E-4	9.896178409357817E-4	0.004706147027660221	0.22652640360892798	0.09850282903495523	0.0010469373357087249	4.150221676790905E-4	3.473827419487375E-4	0.11126335573599014	4.460431660897575E-5	1.2665831003270896E-4	3.303632788752115E-4	3.7164598758181985E-4	0.05799786768445543
25	file:/C:/Users/apovzner/Documents/Hakluyt/CC_ML_FR_trimmed_morphad_lem/01_26_NNE-_1402_The_voyage_of_Thomas_of_Woodstock_duke_of_Glocester_into_Prussia_Anno_1391_pp.306-307.txt	4.462319769509715E-4	0.030774805764865156	0.28745150063346636	1.374602659424412E-4	0.0555653201467879	5.039917113045119E-4	0.11397222841150828	3.115472477428276E-4	0.01605423317232267	4.807242950279533E-4	4.0237687702819494E-4	0.20803241042733714	5.166562253039334E-5	0.10403759645166188	3.826630640684462E-4	4.3048123520568997E-4	0.1809647626962492
26	file:/C:/Users/apovzner/Documents/Hakluyt/CC_ML_FR_trimmed_morphad_lem/01_27_NNE-_1402_Certaine_verses_of_Geffrey_Chaucer_concerning_the_long_Voyages_and_valiant_exploits_of_the_English_k_pp.307-308.txt	0.011603505300371159	0.00677641192762815	0.65008995859594	1.5424836005429698E-4	0.0012862804490729445	0.05052803098737517	2.098062683994727E-4	0.011452371454802926	0.04022049461686079	5.394354043907429E-4	4.5151937528883804E-4	2.8124706719886614E-4	5.797557200881973E-5	1.6462729466724032E-4	4.293979040505118E-4	4.8305613341698253E-4	0.2252716332884731
27	file:/C:/Users/apovzner/Documents/Hakluyt/CC_ML_FR_trimmed_morphad_lem/01_28_NNE-_0604_A_testimonie_out_of_Cornelius_Tacitus_proving_London_to_have_bene_a_famous_Mart-towne_in_the_raigne__pp.308-309.txt	0.001763936697572276	0.06298348553030464	0.5887154375024853	5.433747917634271E-4	0.004531214276238317	0.02154827825016375	0.1376312279565978	0.0012315334886491007	0.004793666004853406	0.001900283415833143	0.001590579286796705	9.907565080073681E-4	2.042320862054469E-4	5.799369401846427E-4	0.001512651392954625	0.15814983220060155	0.01132957367078847
28	file:/C:/Users/apovzner/Documents/Hakluyt/CC_ML_FR_trimmed_morphad_lem/01_29_NNE-_0604_A_testimony_out_of_venerable_Beda_prooving_London_to_have_bene_a_Citie_of_great_traffique_in_his_tim_pp.309-309.txt	8.83135410327369E-4	0.08048815692196222	0.43182050646637127	0.10797248110496628	0.002268605094862251	0.020579344530706794	0.19618900532636843	6.165815555211873E-4	0.002400004603337025	9.513989796174837E-4	7.96342007645014E-4	0.0690326737068049	1.02251167800579E-4	0.07861794067872123	7.573265018171167E-4	8.519631983554154E-4	0.00567228274481543
29	file:/C:/Users/apovzner/Documents/Hakluyt/CC_ML_FR_trimmed_morphad_lem/01_30_NNE-_0795_The_league_betweene_Carolus_Magnus_and_Offa_King_of_Mercia_concerning_the_safe_trade_of_English_Merc_pp.310-312.txt	2.6134448372546794E-4	0.15709982011947032	0.20312058101490277	8.050629289491712E-5	0.003568759431426408	0.0031925882953807235	0.023288828982120122	1.824637381968385E-4	0.009402475610773942	2.815455843321909E-4	2.3565988683404854E-4	0.3391444264343606	3.0258982197602802E-5	0.12467479816178954	2.2411410675475123E-4	2.5211975380395884E-4	0.13495970912103578
30	file:/C:/Users/apovzner/Documents/Hakluyt/CC_ML_FR_trimmed_morphad_lem/01_31_NNE-_0795_An_ancient_testimony_translated_out_of_the_olde_Saxon_Lawes_conteyning_the_advancement_of_Merchants__pp.312-312.txt	0.021812792281412332	0.053364443836829194	0.025162858246566642	0.0067193576050682885	0.05603287007191861	0.024636214072678894	0.009139567802631705	0.015229108965462297	0.059278340869174335	0.02349885201800596	0.019669059347631093	0.012251667500520749	0.24435472546587242	0.2490006812704348	0.01870540517362092	0.021042861671966687	0.14010119380020505
31	file:/C:/Users/apovzner/Documents/Hakluyt/CC_ML_FR_trimmed_morphad_lem/01_32_NNE-_1027_A_testimony_of_certaine_Privileges_obteined_for_the_English_and_Danish_Merchants_by_Canutus_the_King_pp.313-314.txt	0.08331414525084051	0.06642660447417385	0.33650032393198703	1.2126271973115836E-4	0.0010112124727724508	4.4460415681384454E-4	0.27074760676735377	2.7483626869943286E-4	0.001069782746720429	0.0527949172288926	3.549630442720082E-4	0.13987667315684238	4.5577635556607336E-5	1.2942214417258733E-4	3.375721963831245E-4	3.797557426240448E-4	0.0461707400621642
32	file:/C:/Users/apovzner/Documents/Hakluyt/CC_ML_FR_trimmed_morphad_lem/01_33_NNE-_1140_The_flourishing_state_of_Merchandise_in_the_City_of_London_in_the_dayes_of_Wilhelmus_Malmesburiensis_pp.314-315.txt	0.008250637076843927	0.08491813102367139	0.19755570108755843	2.102813027169633E-4	0.009321549351469078	0.008338995644326505	0.21219027251767614	4.765927132767108E-4	0.1229432503951976	7.35393099330247E-4	0.030887576174658257	0.17444762037922604	7.903603515450217E-5	2.2443053510073482E-4	5.853828891009972E-4	6.585332445971286E-4	0.14817661653009534
33	file:/C:/Users/apovzner/Documents/Hakluyt/CC_ML_FR_trimmed_morphad_lem/01_34_NNE-_1140_A_testimony_of_the_said_Wil_of_Malmesbury_concerning_traffique_to_Bristow_in_his_time_pp.315-315.txt	0.001286076491057154	0.07443728259414822	0.17258182517730883	3.9617155563565024E-4	0.0033036832697188557	0.17255077437544672	5.388665118038923E-4	8.979042557939152E-4	0.003495035373608824	0.10119278677526347	0.0011596825615834663	0.1433042131564457	1.4890448458262836E-4	0.17152105849464436	0.0011028657651497664	0.0012406815849956713	0.1508421875728129
34	file:/C:/Users/apovzner/Documents/Hakluyt/CC_ML_FR_trimmed_morphad_lem/01_35_NNE-_1157_The_league_betweene_Henry_the_second_and_Frederick_Barbarossa_Emperour_of_Germany_partly_touching_tr_pp.316-318.txt	0.006701287394194181	0.09155812559649565	0.11515941084732172	6.025468124441539E-5	5.024651051235256E-4	0.004558044296212208	0.12152140969071254	0.0023051260561953047	0.01354293818281824	2.1072190545218738E-4	1.7637889974408583E-4	0.39478808433958273	2.264723988069894E-5	6.43090478291842E-5	1.67737497024124E-4	1.8869823531319444E-4	0.24847236098485598
35	file:/C:/Users/apovzner/Documents/Hakluyt/CC_ML_FR_trimmed_morphad_lem/01_36_NNE-_1199_A_generall_safe_conduct_granted_by_King_John_to_all_forreine_Merchants_pp.319-320.txt	4.1926745859645863E-4	0.2892166621048266	0.04231782762419263	1.2915393637514435E-4	0.024318221927352283	4.7353693788632176E-4	0.06060280472427972	2.927213412323615E-4	0.0011393992573436866	4.5167550483296977E-4	0.02826750770817797	0.53943143411432	4.85436171632809E-5	1.378443384006181E-4	3.595398327725378E-4	0.005052709374262965	0.0073411501979843904
36	file:/C:/Users/apovzner/Documents/Hakluyt/CC_ML_FR_trimmed_morphad_lem/01_37_NNE-_1229_The_letters_of_King_Henry_the_third_unto_Haquinus_king_of_Norwey_pp.320-322.txt	3.066589205442616E-4	0.14014193809064857	0.05815031693392031	9.44652533860603E-5	0.010987140849437659	3.463524851086095E-4	1.28490197881931E-4	2.1410106766474115E-4	8.333748283151389E-4	3.303626835529774E-4	2.765208795760389E-4	0.6767319801646039	3.5505577486121056E-5	1.0082155232981515E-4	2.629731803650694E-4	2.9583471763889663E-4	0.11076316261753988
37	file:/C:/Users/apovzner/Documents/Hakluyt/CC_ML_FR_trimmed_morphad_lem/01_38_NNE-_1229_A_mandate_for_the_king_of_Norway_his_ship_called_The_Cog_pp.322-323.txt	0.0019551072799048404	0.6333710845412225	0.045606271870090795	6.022642493665359E-4	0.005022294751549204	0.0022081740320716936	8.191906526949317E-4	0.0013650036831924378	0.005313190272882358	0.0021062308785180115	0.11014019706196741	0.0010981319590914259	2.263661950454213E-4	6.42788902346239E-4	0.0016765883687289225	0.0018860974566722835	0.18596101784465502
38	file:/C:/Users/apovzner/Documents/Hakluyt/CC_ML_FR_trimmed_morphad_lem/01_39_NNE-_1236_A_Charter_granted_for_the_behalfe_of_the_Merchants_of_Colen_in_the_20_yeere_of_Henry_the_thirde_pp.323-324.txt	3.6204914318264123E-4	0.24171888223527305	0.18907027850706004	1.1152802595226582E-4	0.008957805920930248	4.08912352036573E-4	0.06838775453775515	2.5277304167422736E-4	9.839030347004944E-4	3.9003439491534363E-4	0.024409781240630212	0.41764745958401	4.19187672226858E-5	0.040257888793219794	3.1047267257775895E-4	3.4926982021180714E-4	0.006339287928647691
39	file:/C:/Users/apovzner/Documents/Hakluyt/CC_ML_FR_trimmed_morphad_lem/01_40_NNE-_1257_The_Charter_of_Lubeck_granted_for_seven_yeeres_in_the_time_of_Henry_the_third_pp.324-325.txt	0.011439456019718394	0.2747538407502537	0.007788887129081816	1.028579637809319E-4	0.030472540586411533	3.771239698383544E-4	0.06677321883100396	2.3312275227082018E-4	9.074155293530181E-4	3.597135636803142E-4	3.010882160011304E-4	0.5369558996407992	3.866004982978662E-5	1.0977898440071027E-4	2.8633687934762086E-4	3.221179807530593E-4	0.06877794115347564
40	file:/C:/Users/apovzner/Documents/Hakluyt/CC_ML_FR_trimmed_morphad_lem/01_41_NNE-_1260_A_Charter_of_the_Merchants_of_Almaine_or_the_Stilyard-merchants_pp.326-327.txt	5.928884126947171E-4	0.28409391244773924	0.06641497506699472	1.8263728977935186E-4	0.014669222213870755	6.696311810022015E-4	0.08569875853973467	4.139388540816017E-4	0.008184333668272054	6.387168086213272E-4	0.00710772303785324	0.47359642062762114	6.86457952705055E-5	1.9492643494652134E-4	5.084272494379427E-4	5.719611086141528E-4	0.05639288126346591
41	file:/C:/Users/apovzner/Documents/Hakluyt/CC_ML_FR_trimmed_morphad_lem/01_42_NNE-_1303_A_mandate_of_King_Edward_the_first_concerning_outlandish_Merchants_pp.327-327.txt	0.12682646433366665	0.005498172525099704	0.027508360958484905	6.922996796044443E-4	0.10543636497230639	0.0025382847753656302	9.416554726470346E-4	0.001569064764390311	0.031023300790138982	0.0024211016408572945	0.10168977846906208	0.5244944267709238	2.6020678542359766E-4	0.025654698260855317	0.001927229769524593	0.0021680593964034343	0.03935053063524574
42	file:/C:/Users/apovzner/Documents/Hakluyt/CC_ML_FR_trimmed_morphad_lem/01_43_NNE-_1303_King_Edw_the_first_his_great_Charter_granted_to_forreine_Merchants_Anno_Dom_1303_pp.327-339.txt	4.646722696674256E-5	0.2350277722720078	5.3603785805614224E-5	1.4314073635198056E-5	6.345278542936161E-4	5.2481889349487054E-5	0.0875970915705135	0.010335691798608349	0.017126640991711902	5.005899639493011E-5	0.08298305994405722	0.4920062688535606	5.38006761617985E-6	0.005682064519064528	3.9847640618124743E-5	4.48270637122545E-5	0.06829990145208396
43	file:/C:/Users/apovzner/Documents/Hakluyt/CC_ML_FR_trimmed_morphad_lem/01_44_NNE-_1313_The_letters_of_Edward_the_second_unto_Haquinus_King_of_Norway_concerning_certain_English_Merchants_a_pp.339-343.txt	1.3873910307714976E-4	0.2495183808838294	0.007850755635883961	4.2738116026355844E-5	0.03111922855148453	1.5669732694299586E-4	0.09388477685818424	9.686393613773574E-5	3.7703672863098E-4	1.4946319619515148E-4	1.2510400397417062E-4	0.4892069941026007	1.606348827524057E-5	4.561384262443306E-5	1.1897473294578183E-4	1.3384200045919847E-4	0.1270187274927281
44	file:/C:/Users/apovzner/Documents/Hakluyt/CC_ML_FR_trimmed_morphad_lem/01_45_NNE-_1313_Another_letter_of_Edw_the_second_unto_the_said_Haquinus_for_the_merchants_aforesaid_pp.343-344.txt	3.1857283559936394E-4	0.37515889491663984	3.6750008893746925E-4	9.813529501570792E-5	8.183523720983264E-4	3.598085231047779E-4	0.04604795089730676	2.2241904494333224E-4	8.657520273739022E-4	3.431975064964624E-4	2.872639105121163E-4	0.4805149148446525	3.688499417943373E-5	1.0473854065041937E-4	2.7318987364462243E-4	3.07328104787213E-4	0.09387509622405776
45	file:/C:/Users/apovzner/Documents/Hakluyt/CC_ML_FR_trimmed_morphad_lem/01_46_NNE-_1313_A_third_letter_of_King_Edward_the_second_to_the_said_Haquinus_in_the_behalfe_of_our_English_merchant_pp.344-349.txt	0.0059316987163387895	0.24264321299918165	1.2125385238168665E-4	3.2378992368876954E-5	2.700091257379191E-4	1.1871607887867161E-4	0.07112841547742099	7.338546806997749E-5	2.8564828060273717E-4	1.1323540059759195E-4	9.478053706198937E-5	0.5081375148102297	1.2169922604000848E-5	0.01518368658212504	9.013691590347616E-5	1.0140056498585748E-4	0.15566235627551106
46	file:/C:/Users/apovzner/Documents/Hakluyt/CC_ML_FR_trimmed_morphad_lem/01_47_NNE-_1320_An_Ordinance_for_the_Staple_to_be_holden_at_one_certaine_place_pp.350-355.txt	1.0236700645665524E-4	0.30780825164536346	1.1808880034076076E-4	3.153381348286808E-5	2.6296116051702614E-4	0.0012505169498430565	0.056787875826660665	7.146990975222573E-5	2.781920913291565E-4	1.1027965173908724E-4	9.2306509834188E-5	0.5652375376165514	1.1852254854736657E-5	3.365563434449819E-5	8.778409969154235E-5	9.875373720384798E-5	0.06761657329203496
47	file:/C:/Users/apovzner/Documents/Hakluyt/CC_ML_FR_trimmed_morphad_lem/02_01_NNE-_1262_A_Catalogue_of_the_great_Masters_of_Prussia_pp.001-011.txt	5.6404968390796125E-5	0.12645627230526646	0.3771438906836474	1.7375361596566426E-5	0.0026462455794694453	6.370596015909825E-5	2.363370202045498E-5	0.19889686913168944	0.03642289072991118	6.076489374655163E-5	5.0861561255741786E-5	3.1681176310943754E-5	6.5306790105672545E-6	1.854450039210065E-5	4.836968022907375E-5	0.005682456163352082	0.25237350292355215
48	file:/C:/Users/apovzner/Documents/Hakluyt/CC_ML_FR_trimmed_morphad_lem/02_02_NNE-_1388_The_Oration_or_speach_of_the_Ambassadours_sent_from_Conradus_de_Zolner_Master_generall_of_the_land_o_pp.012-018.txt	1.0462300207720197E-4	0.5372947269220414	0.0012806022267201427	3.222876537780906E-5	0.011867865869796908	1.181652785598061E-4	4.383707545843612E-5	7.304498563832348E-5	0.04436093903718138	1.1271002867371161E-4	9.434078913121967E-5	5.876396830902091E-5	1.2113458498092304E-5	3.439734758117528E-5	8.971871272080594E-5	1.0093010248360087E-4	0.404320992429751
49	file:/C:/Users/apovzner/Documents/Hakluyt/CC_ML_FR_trimmed_morphad_lem/02_03_NNE-_1390_An_agreement_made_by_the_Ambassadours_of_England_and_Prussia_confirmed_by_king_Richard_the_second_pp.018-024.txt	9.404218747386897E-5	0.7310968323836659	0.02721623974819125	2.8969380877397912E-5	0.0023267881712557693	0.001148820831115999	3.9403710338251865E-5	6.565774348891629E-5	2.5556860273726745E-4	1.013113506234212E-4	8.479984326357014E-5	5.282100508210951E-5	1.0888390816714689E-5	3.091864834317924E-5	8.0645210270092E-5	9.072276106659245E-5	0.23727557003138983
50	file:/C:/Users/apovzner/Documents/Hakluyt/CC_ML_FR_trimmed_morphad_lem/02_04_NNE-_1398_The_letters_of_Conradus_de_Jungingen_Master_generall_of_Prussia_unto_Rich_the_second_pp.025-027.txt	2.7742053602192174E-4	0.6219588069476794	0.024925180169765606	8.545846696158634E-5	7.126400256167421E-4	3.133295190005296E-4	1.1623930426254521E-4	1.9368760852937685E-4	7.539167331836781E-4	2.9886426453940154E-4	2.501560055617742E-4	1.5581976490250407E-4	3.212029938827716E-5	9.120872479515073E-5	2.379000112789389E-4	0.006418916531062465	0.3431783350874502
51	file:/C:/Users/apovzner/Documents/Hakluyt/CC_ML_FR_trimmed_morphad_lem/02_05_NNE-_1407_A_briefe_relation_of_William_Esturmy_and_John_Kington_concerning_their_Ambassages_into_Prussia_and_t_pp.027-033.txt	1.1106423307672551E-4	0.8104816913716187	1.2812176988247247E-4	3.421296501370491E-5	0.042150255807070595	1.2544025480991518E-4	4.653595356138878E-5	7.754208108112235E-5	3.0182763315019667E-4	1.1964914642254647E-4	1.0014898430251787E-4	6.238183710280469E-5	1.2859236986954424E-5	3.651505838226432E-5	9.524234463865291E-5	1.0714397602952277E-4	0.14600936734687003
52	file:/C:/Users/apovzner/Documents/Hakluyt/CC_ML_FR_trimmed_morphad_lem/02_06_NNE-_1407_Certaine_Articles_of_complaint_exhibited_by_the_Livonians_pp.033-034.txt	0.01892426645063286	0.7274183305804823	0.005108156599685704	1.2855637537506398E-4	0.0010720344267544828	0.0050980807159351	0.004801595130252906	2.9136699724315783E-4	0.0011341275592536536	4.495857220980803E-4	3.763132021521239E-4	2.344018667765801E-4	4.831901872490771E-5	1.3720656921586144E-4	3.578763373494E-4	4.025971205977217E-4	0.23401718532747015
53	file:/C:/Users/apovzner/Documents/Hakluyt/CC_ML_FR_trimmed_morphad_lem/02_07_NNE-_1407_Other_complaints_exhibited_by_the_Cities_of_the_Hans_pp.034-036.txt	3.5774134464828405E-4	0.821863472802423	0.004378811097471641	1.1020102304179476E-4	9.189687420767419E-4	4.040469572028803E-4	1.4989375193398807E-4	2.4976545179602143E-4	9.721961818308157E-4	3.853936172021435E-4	3.225829892940627E-4	2.0093383503013806E-4	4.142000177218217E-5	1.1761613729019022E-4	3.067785505253454E-4	3.451140749271274E-4	0.1688750634415337
54	file:/C:/Users/apovzner/Documents/Hakluyt/CC_ML_FR_trimmed_morphad_lem/02_08_NNE-_1403_Compositions_and_Ordinances_concluded_betweene_the_Ambassadours_of_Prussia_and_the_Chanceller_and_Tr_pp.036-038.txt	3.0458784643796945E-4	0.9462594021578581	0.0037282038044801264	9.38272659442309E-5	0.004159264179515698	3.4401333364259223E-4	1.276224170873162E-4	0.006966328211228063	0.004204583043238423	3.2813152197979566E-4	2.746533479466878E-4	1.710789233727602E-4	3.526578442212035E-5	1.0014063652271629E-4	2.6119714546761144E-4	2.938367466607273E-4	0.032347863634195034
55	file:/C:/Users/apovzner/Documents/Hakluyt/CC_ML_FR_trimmed_morphad_lem/02_09_NNE-_1403_The_letters_of_the_Chanceller_and_Treasurer_of_England_unto_Conradus_de_Jungingen_master_generall_of_pp.038-041.txt	2.5470266815405226E-4	0.5851457275281882	0.03982675030580107	7.846030385346445E-5	0.00912562427588744	2.8767107743802515E-4	1.0672050946401985E-4	1.778265999634273E-4	0.03740132780049862	0.0030981710726369336	2.2967082028242146E-4	1.4305974042479972E-4	2.948997962953504E-5	8.373967514221021E-5	2.184184649612123E-4	2.457123757609784E-4	0.32354692680191366
56	file:/C:/Users/apovzner/Documents/Hakluyt/CC_ML_FR_trimmed_morphad_lem/02_10_NNE-_1404_The_letters_of_king_Henry_the_fourth_unto_Conradus_de_Jungingen_the_master_generall_of_Prussia_for_e_pp.041-043.txt	0.002801595198070938	0.5402253432752065	2.673934565006996E-4	7.140334527492026E-5	5.95434058379646E-4	2.617970650008979E-4	9.712174196274581E-5	1.6183233422047296E-4	6.299220980906634E-4	2.497108716077753E-4	2.0901352753907007E-4	1.301925118665137E-4	2.6837561087842743E-5	7.620787383841968E-5	1.9877324331002926E-4	2.2361225668395617E-4	0.4537738095813588
57	file:/C:/Users/apovzner/Documents/Hakluyt/CC_ML_FR_trimmed_morphad_lem/02_11_NNE-_1404_The_letters_of_Conradus_de_Jungingen_unto_king_Henry_the_fourth_pp.044-046.txt	2.2263969836121405E-4	0.5213585392154689	2.568332883587544E-4	6.858341339674972E-5	0.005508542820133456	2.514579151142214E-4	9.328611360150155E-5	0.027306874385420336	0.003073356706213555	2.3984904168284255E-4	2.007589575744984E-4	1.2505081979175277E-4	2.577766545196504E-5	0.012414758785190948	1.909230928278756E-4	2.1478113919856545E-4	0.42844798694221287
58	file:/C:/Users/apovzner/Documents/Hakluyt/CC_ML_FR_trimmed_morphad_lem/02_12_NNE-_1405_An_agreement_made_betweene_king_Henry_the_fourth_and_Conradus_de_Jungingen_pp.047-055.txt	7.842484214901194E-5	0.8557434924019188	9.04695355159353E-5	2.4158509956989496E-5	0.006287699599243638	8.857606008770968E-5	3.2860037036265866E-5	5.475413011218352E-5	0.0010825900157363604	8.448683398344746E-5	7.0717350381225E-5	4.4049155990418083E-5	9.080183628170869E-6	2.578406756487247E-5	6.72526666530723E-5	7.565666438742746E-5	0.1361399479456545
59	file:/C:/Users/apovzner/Documents/Hakluyt/CC_ML_FR_trimmed_morphad_lem/02_13_NNE-_1405_An_agreement_betweene_king_Henry_the_fourth_and_the_Hans-townes_pp.055-067.txt	5.497351845121354E-4	0.8880991645959281	0.011146014023810474	1.4010921783603831E-5	0.029867709380361623	5.137039709808926E-5	1.9057442265318363E-5	3.1755097300987244E-5	0.03491699737699746	0.010638292240283	5.452651627890038E-4	2.5546661624176604E-5	5.2661253869365625E-6	1.4953676967567531E-5	0.0010475078593950543	0.009120414909299497	0.013906938944196959
60	file:/C:/Users/apovzner/Documents/Hakluyt/CC_ML_FR_trimmed_morphad_lem/02_14_NNE-_1405_A_testimonie_out_of_Albertus_Krantzius_concerning_the_surprise_of_Bergen_in_Norway_wherein_21_houses_pp.068-071.txt	0.02783475516781583	0.59804399325574	0.0665960364201933	5.125207519504006E-5	0.08712164175901463	1.8791336469748887E-4	6.971229153175673E-5	1.1616042540474371E-4	0.05394434364040709	1.7923810599327673E-4	0.0038391432661395277	9.344991305830884E-5	1.9263533012769384E-5	0.012966610194271037	1.4267596530194906E-4	0.022295206996754722	0.1264986036254687
61	file:/C:/Users/apovzner/Documents/Hakluyt/CC_ML_FR_trimmed_morphad_lem/02_15_NNE-_1407_The_grievances_and_offences_whereat_the_merchants_of_the_Hans_found_themselves_agrieved_pp.072-083.txt	5.277474258737931E-5	0.7806408229295239	6.0880026252158785E-5	1.625708269647851E-5	7.206594057965843E-4	5.9605842261705025E-5	2.2112636104585774E-5	6.219371532207337E-4	0.01886633999100419	5.685406298972405E-5	0.05212070824906916	2.9642174659001466E-5	6.11036427350834E-6	1.7350975676893785E-5	4.525660586204235E-5	5.091194165848296E-5	0.14661177581636353
62	file:/C:/Users/apovzner/Documents/Hakluyt/CC_ML_FR_trimmed_morphad_lem/02_16_NNE-_1407_A_letter_of_Henry_the_fourth_king_of_England_unto_Conradus_de_Jungingen_Master_generall_of_Prussia_pp.083-085.txt	3.4673963743034103E-4	0.46983527596274155	3.9999282221930474E-4	1.0681198398114161E-4	0.01626732997029036	3.9162120213725554E-4	1.452840326570674E-4	2.420843536648601E-4	9.422979944646885E-4	3.7354151287159553E-4	3.126625155920608E-4	1.947544675730346E-4	4.014620230985767E-5	1.1399905940436675E-4	2.973441146008564E-4	3.345006972285771E-4	0.5096556134708331
63	file:/C:/Users/apovzner/Documents/Hakluyt/CC_ML_FR_trimmed_morphad_lem/02_17_NNE-_1408_A_letter_of_Werneherus_de_Tettingen_commander_in_Elbing_unto_sir_William_Sturmy_Ambassadour_unto_kin_pp.085-090.txt	1.270169031763955E-4	0.7353820888783125	1.4652449298153676E-4	3.912713160789679E-5	0.001734464660204967	1.4345781948187138E-4	5.322012806449412E-5	8.867980925932403E-5	0.0017533631874865076	1.3683490738005836E-4	1.1453384667573039E-4	7.134202923617062E-5	1.4706268742394933E-5	4.1759885307238805E-5	1.0892244363586914E-4	1.2253356145604932E-4	0.25992142404699115
64	file:/C:/Users/apovzner/Documents/Hakluyt/CC_ML_FR_trimmed_morphad_lem/02_18_NNE-_1408_The_letters_of_Ulricus_de_Jungingen_master_generall_of_Prussia_signifying_unto_king_Henry_the_4_that_pp.091-095.txt	1.5258637147561228E-4	0.7091790599703215	0.01878428679660967	4.7003720678077515E-5	0.002083625583169939	1.7233696923111636E-4	6.393374446825344E-5	1.0653172908205723E-4	0.003797989055783822	1.6438081457023523E-4	1.3759038079462146E-4	8.570372212379144E-5	1.766675244971863E-5	5.0166467713514986E-5	0.0035141704158762033	1.4720049898080893E-4	0.26149576700667115
65	file:/C:/Users/apovzner/Documents/Hakluyt/CC_ML_FR_trimmed_morphad_lem/02_19_NNE-_1408_The_letters_of_king_Henry_the_fourth_unto_Ulricus_de_Jungingen_wherein_he_doth_absolutely_approve_th_pp.095-098.txt	2.2430063025218467E-4	0.5923895734809352	2.5874931053466397E-4	6.90950579028318E-5	5.761851994840688E-4	2.5333383604622244E-4	9.398204466054415E-5	1.566007091188977E-4	6.09558329154856E-4	2.4163835834686107E-4	2.0225665523348693E-4	1.2598372122897607E-4	2.5969971437551116E-5	7.374426835666473E-5	0.01511270441326831	2.1638344483542956E-4	0.3893699405692032
66	file:/C:/Users/apovzner/Documents/Hakluyt/CC_ML_FR_trimmed_morphad_lem/02_20_NNE-_1409_A_new_concord_betweene_king_Henry_the_fourth_and_Ulricus_de_Jungingen_pp.098-106.txt	7.302777156708513E-5	0.8988657395071507	0.009799779556905867	2.249596044054528E-5	0.017999410284740055	8.921083981543897E-4	3.0598662523423574E-5	5.098603958410865E-5	0.0010080879247392669	8.883005859657364E-4	6.585069689597947E-5	4.101776443845453E-5	8.45530010153298E-6	2.40096498073923E-5	6.262444708892239E-5	0.0016897060933570357	0.0684778013565395
67	file:/C:/Users/apovzner/Documents/Hakluyt/CC_ML_FR_trimmed_morphad_lem/02_21_NNE-_1404_A_Charter_of_king_Henry_the_fourth_graunted_in_the_fifth_yeere_of_his_raigne_unto_the_English_mercha_pp.106-110.txt	1.2353763216253711E-4	0.3098339670194123	1.4251086638143793E-4	3.8055353825142E-5	0.0016869538764754017	1.3952819578177662E-4	0.020595904037789603	8.625067516650202E-5	3.3572528335777994E-4	1.330866997397708E-4	1.1139651390442863E-4	0.5328474632302993	1.4303431849998277E-5	4.0615990637647085E-5	1.0593881947700734E-4	1.1917709898579999E-4	0.13364558527475365
68	file:/C:/Users/apovzner/Documents/Hakluyt/CC_ML_FR_trimmed_morphad_lem/02_22_NNE-_1430_A_note_touching_the_mighty_ships_of_king_Henry_the_fift_taken_out_of_a_Chronicle_in_the_Trinitie_Chu_pp.111-111.txt	0.02911569982368225	0.01150109062958895	0.0763559687271627	2.617940567067731E-4	0.021027004927317447	0.019803754369128936	0.2924365159816654	5.933439549475124E-4	0.0023095537167544954	9.155428478915434E-4	7.6632963162113E-4	0.3302455641596363	9.839754653301902E-5	0.10392085152179953	7.287845342614884E-4	0.1044612966677925	0.005458506903509973
69	file:/C:/Users/apovzner/Documents/Hakluyt/CC_ML_FR_trimmed_morphad_lem/02_23_NNE-_1430_A_branch_of_a_Statute_made_in_the_eight_yeere_of_Henry_the_6_for_the_trade_to_Norway_Sweveland_Denma_pp.111-113.txt	3.852440250625346E-4	0.7526450855125439	0.03034167314637237	0.008660748083478928	0.005260655316860678	0.051687559262834075	1.61417384908495E-4	2.6896708868263963E-4	0.005317974811633621	4.150221676790905E-4	0.004618420217873634	2.163813619428486E-4	4.460431660897575E-5	1.2665831003270896E-4	0.004601400754800107	0.004642683463506716	0.13060550477517865
70	file:/C:/Users/apovzner/Documents/Hakluyt/CC_ML_FR_trimmed_morphad_lem/02_24_NNE-_1432_Another_branch_of_a_Statute_made_in_the_10_yeere_of_king_Henry_the_sixt_concerning_the_state_of_Engl_pp.113-114.txt	5.092110041230097E-4	0.7295032634279633	0.040105265350003715	1.5686074432818398E-4	0.0013080651786855227	5.751226685649243E-4	0.14699393929676316	3.5551752238570703E-4	0.02961086396844704	5.485714014717635E-4	4.591664070948465E-4	2.8601032961000965E-4	5.8957459093597365E-5	1.67415458868726E-4	4.366702817366456E-4	0.006136644190377242	0.042788455310482545
71	file:/C:/Users/apovzner/Documents/Hakluyt/CC_ML_FR_trimmed_morphad_lem/02_25_NNE-_1437_Libellus_de_politia_conservativa_Maris_Or_The_pollicy_of_keeping_the_Sea_pp.114-147.txt	5.02314655075995E-4	0.058931195729136035	0.32325411305108714	6.677397025382813E-6	0.04403406707961637	0.015404900857509262	0.008900886933171231	0.05456755583886463	0.1322343795617006	2.3352108012020175E-5	0.0439979303511025	0.017795784038153704	2.5097570693152764E-6	0.0028909551669983303	1.858859495299138E-5	0.016362606100249772	0.28107218278027485
72	file:/C:/Users/apovzner/Documents/Hakluyt/CC_ML_FR_trimmed_morphad_lem/02_26_NNE-_1462_A_large_Charter_granted_by_king_Edward_the_fourth_in_the_second_yere_of_his_raigne_to_the_English_me_pp.147-158.txt	5.423441840449329E-5	0.7072309607504704	6.256388291746428E-5	1.6706730943072646E-5	0.006152058250785236	6.1254456773923E-5	2.272424079637681E-5	3.786502236416218E-5	1.473871982800918E-4	6.597006127178098E-4	0.007264192877244665	3.0462035891763985E-5	6.279368432060699E-6	1.7830879478545895E-5	4.650834049688412E-5	5.23200949984668E-5	0.27813695083900447
