0	file:/C:/Users/apovzner/Documents/Hakluyt/CC_ML_FR_trimmed_morphad_lem/01_01_NNE-_0517_The_voyage_of_Arthur_K_of_Britaine_to_Island_and_the_most_Northeastern_parts_of_Europe_Anno_517_pp.003-004.txt	0.02345816979570492	0.14579163759732622	0.09217877788584194	0.0013744455899599329	0.2305954029251544	0.0198097338661601	4.911979120277955E-4	6.485722674781168E-5	0.2988661137080725	2.1113443601107469E-4	0.0010984920371540845	0.001265712264454853	1.564016503890571E-4	5.805679642962168E-4	0.001953488550870204	0.0018207047120702851	0.03904825772211961	2.596455617908355E-4	0.1404548292226552	5.204293711928766E-4
1	file:/C:/Users/apovzner/Documents/Hakluyt/CC_ML_FR_trimmed_morphad_lem/01_02_NNE-_0517_Two_testimonies_of_Galfridus_Monumetensis_in_his_history_of_the_Kings_of_Brittaine_concerning_the_co_pp.004-004.txt	4.592611514292796E-4	0.1069841095023064	0.07851425316922522	0.008387037410720517	0.22841997208890483	0.08239407215379252	0.028897549334867254	6.0245670842959725E-5	0.3131673752251887	0.09974059217304643	0.001020385745929696	0.0011757160811507732	1.4528099367049665E-4	5.392877283353347E-4	0.044476505021697095	0.001691246793701569	7.202054672106896E-4	2.4118393332341832E-4	0.002482295173438111	4.834251812185669E-4
2	file:/C:/Users/apovzner/Documents/Hakluyt/CC_ML_FR_trimmed_morphad_lem/01_03_NNE-_0580_A_testimony_of_M_Lambard_in_his_touching_the_right_and_appendances_of_the_Crowne_of_the_kingdome_of__pp.005-007.txt	1.3245571349214334E-4	0.14569399475061207	0.13748299078939902	3.68218842354877E-4	0.11714596495167881	0.019661930378701703	1.3159366064049153E-4	1.737548079449487E-5	0.25232528058778875	5.656366332516235E-5	2.942899080266385E-4	3.3908879927762166E-4	0.10667779914549987	1.5553621422563E-4	0.10510855473461124	0.029197438246805155	0.016613237639871763	6.955996576626232E-5	0.06838870165502868	1.394248720996689E-4
3	file:/C:/Users/apovzner/Documents/Hakluyt/CC_ML_FR_trimmed_morphad_lem/01_04_NNE-_0580_The_voyage_of_Malgo_king_of_Britaine_to_Island_Gotland_Orkney_Denmark_and_Norway_Anno_580_pp.007-008.txt	6.615153091784356E-4	4.7434953928058524E-4	0.061882994135333685	0.0018389724000857106	0.21635592831315242	0.026504907941807723	6.57210012384104E-4	8.677728009502603E-5	0.34866690097564057	0.11294047692857966	0.0014697537340122551	0.0016934900426653584	2.0926133452959386E-4	7.76784814556255E-4	0.06406352655572871	0.0024360554820513926	0.0010373769713183387	3.473989988588888E-4	0.15719999828736694	6.963209433743834E-4
4	file:/C:/Users/apovzner/Documents/Hakluyt/CC_ML_FR_trimmed_morphad_lem/01_05_NNE-_0624_The_conquest_of_the_Isles_of_Anglesey_and_Man_by_Edwin_the_Saxon_king_of_Northumberland_Anno_624_pp.008-010.txt	2.507010792177203E-4	0.09333276732810651	0.015689667943336257	0.004578308711205694	0.05870632253086214	0.0022820804448856332	2.490694577907998E-4	3.288685457396307E-5	0.4193595308677781	1.0705896383221787E-4	0.004438382217037478	6.417988751733467E-4	0.10875780391973365	0.06239638480727432	0.07861804503385816	9.232163336371003E-4	3.9314513610896125E-4	1.316572764449608E-4	0.14884728050029128	2.6389171885177247E-4
5	file:/C:/Users/apovzner/Documents/Hakluyt/CC_ML_FR_trimmed_morphad_lem/01_06_NNE-_0624_The_voyage_of_Bertus_into_Ireland_Anno_684_pp.010-010.txt	4.5601871277889513E-4	0.09916866930920232	0.02147897646306813	0.0012677043374317398	0.09266502763237305	0.13123319725455954	4.530508360343336E-4	5.9820329202257874E-5	0.33213673486418965	0.18375784669904915	0.0010131817005393834	0.001167415385018436	1.4425529248158169E-4	5.354802924819196E-4	0.008861897646491925	0.0016793063890882668	7.151207304855506E-4	2.3948114591188606E-4	0.12248680283798374	4.800121416281857E-4
6	file:/C:/Users/apovzner/Documents/Hakluyt/CC_ML_FR_trimmed_morphad_lem/01_07_NNE-_0890_The_voyage_of_Octher_to_the_North_parts_beyond_Norway_about_the_yeere_890_pp.011-014.txt	1.1279463032544348E-4	8.088109252474758E-5	7.386204259137965E-5	3.135622247412125E-4	0.0299055531469298	0.001026746358479993	0.0036046522062851225	1.4796348766473872E-5	7.695303491316468E-5	4.816762770292252E-5	0.0019969027775065865	0.13824612706374348	3.568104100113537E-5	1.32449173563506E-4	0.4230492555425657	0.003907962219482549	0.32498790790424265	5.923482209411412E-5	0.07220778142168212	1.1872932085777642E-4
7	file:/C:/Users/apovzner/Documents/Hakluyt/CC_ML_FR_trimmed_morphad_lem/01_08_NNE-_0890_The_second_voyage_of_Octher_into_the_Sound_of_Denmarke_pp.014-015.txt	4.592611514292796E-4	3.2932014205462243E-4	3.0074097170726405E-4	0.0012767181200370637	0.015110393368401271	0.02551151782832492	4.5627217213344874E-4	6.0245670842959725E-5	3.133264351168803E-4	1.9612210347810354E-4	0.001020385745929696	0.17893369834823705	1.4528099367049665E-4	5.392877283353347E-4	0.16535193296331577	0.01591188537506847	0.5837663873032537	2.4118393332341832E-4	0.002482295173438111	0.007593744471902018
8	file:/C:/Users/apovzner/Documents/Hakluyt/CC_ML_FR_trimmed_morphad_lem/01_09_NNE-_0890_Wolstans_Navigation_into_the_East_sea_or_the_Sound_of_Denmarke_pp.015-016.txt	4.1235009775586034E-4	2.9568186280634737E-4	2.700219008221052E-4	0.0011463082387124766	0.05187117881837721	0.016521615190414965	0.46006043565325305	5.4091899966172583E-5	2.8132182691232053E-4	1.7608928665009034E-4	9.161588363686968E-4	0.07766408455201661	1.3044132244946195E-4	4.842023907433723E-4	0.19953443105967672	0.0015184950404400056	0.12832740958639088	2.1654829321736968E-4	0.059685088241010015	4.3404590201620065E-4
9	file:/C:/Users/apovzner/Documents/Hakluyt/CC_ML_FR_trimmed_morphad_lem/01_10_NNE-_0973_The_voyage_of_King_Edgar_with_4000_shippes_round_about_his_large_Monarchie_Anno_973_pp.016-023.txt	7.905529834137884E-4	0.09137279114580706	0.03716083873304182	1.333380795002208E-4	0.03128164546235172	0.12593408302007345	4.765222190149698E-5	6.291946454217705E-6	0.20721494208717806	0.029724026551489514	1.0656720036817219E-4	1.2278961333580727E-4	0.0208076536234949	5.6322213075649634E-5	0.018754227299592866	0.033593117599503994	0.03126393804492649	2.5188803989654593E-5	0.3715535453385431	5.048803195795376E-5
10	file:/C:/Users/apovzner/Documents/Hakluyt/CC_ML_FR_trimmed_morphad_lem/01_11_NNE-_0973_The_voyage_of_Edmund_and_Edward_the_sonnes_of_King_Edmund_Ironside_into_Hungary_Anno_1017_pp.024-025.txt	4.204016792241757E-4	0.15651010451893518	0.169501330947458	0.0011686911463970509	0.2546535248146016	0.08193115473427945	4.1766560648816715E-4	5.514810279411871E-5	0.2085650138038427	1.7952762034972286E-4	9.34047828147976E-4	0.0010762351948742264	0.05220253804632375	4.936569659149091E-4	0.0016610514018649265	0.0015481452978156553	6.592667088420814E-4	2.2077663276222071E-4	0.06735919783156501	4.4252111751897716E-4
11	file:/C:/Users/apovzner/Documents/Hakluyt/CC_ML_FR_trimmed_morphad_lem/01_12_NNE-_1249_A_Chronicle_of_the_Kings_of_Man_taken_out_of_M_Camdens_Chorographie_pp.025-041.txt	2.454392522597388E-5	1.7599592120607224E-5	1.607225845033499E-5	6.82306221096973E-5	0.5035357431924886	0.31561602206638517	2.4384187603685244E-5	3.219661048526405E-6	1.674485327334261E-5	1.0481196216894736E-5	0.0027144692787390194	0.01260253878360976	7.764135577996821E-6	0.024348250408493043	0.05215575481282669	0.017949965121901716	3.8489362924655596E-5	1.2889399433794247E-5	0.07081100183748859	2.5835304081905268E-5
12	file:/C:/Users/apovzner/Documents/Hakluyt/CC_ML_FR_trimmed_morphad_lem/01_13_NNE-_1067_The_mariage_of_the_daughter_of_Harald_unto_Jeruslaus_duke_of_Russia_in_his_owne_Countrey_Anno_1067_pp.042-042.txt	4.94415685275595E-4	0.20702831522513773	0.06156043907193618	0.016683614996912816	0.18466789470429576	0.14228308912178317	4.911979120277955E-4	6.485722674781168E-5	3.37310272491285E-4	0.1150299049881577	0.0010984920371540845	0.001265712264454853	0.1609026804233943	5.805679642962168E-4	0.03257182736477597	0.0018207047120702851	7.753342047374001E-4	2.596455617908355E-4	0.07156356689136721	5.204293711928766E-4
13	file:/C:/Users/apovzner/Documents/Hakluyt/CC_ML_FR_trimmed_morphad_lem/01_14_NNE-_1278_The_ancient_state_of_the_shipping_of_the_Cinque_Ports_pp.042-050.txt	5.677609269955013E-5	4.071215441352531E-5	3.7179058657726955E-5	0.008068943735699899	0.36665807601322264	0.22554393989800003	5.6406580571104275E-5	7.447862249792712E-6	3.873493473169355E-5	2.4245566368611575E-5	0.048471815090039304	0.010693493921666776	1.7960341601828337E-5	6.66693665693421E-5	0.03450580346148693	0.13206090755046782	8.903529558688035E-5	2.9816328495011273E-5	0.17347227338012217	5.9763367349368904E-5
14	file:/C:/Users/apovzner/Documents/Hakluyt/CC_ML_FR_trimmed_morphad_lem/01_15_NNE-_1243_The_voyage_of_a_certaine_Englishman_into_Tartaria_and_from_thence_into_Poland_and_Hungary_Anno_1243_pp.050-054.txt	9.298446704804363E-5	6.667591587452273E-5	0.007258855832954515	2.584911734701932E-4	0.10958923088040354	0.2455772696036975	0.02024668468651278	1.2197660476725725E-5	6.34377444962115E-5	3.970792916295879E-5	0.016042118410150498	2.380417609140047E-4	2.9414366372204527E-5	1.0918707547710574E-4	0.2307023101188729	0.0017820121057435055	1.4581664772920697E-4	4.88313880475961E-5	0.34888414324448347	0.018812588988112496
15	file:/C:/Users/apovzner/Documents/Hakluyt/CC_ML_FR_trimmed_morphad_lem/01_16_NNE-_1246_Libellus_historicus_Johannis_de_Plano_Carpini_pp.055-094.txt	6.974011836254856E-6	0.021707419147016762	0.8751194948805675	1.938732952480221E-5	1.3511180723278792E-5	6.348299769422457E-5	6.9286233314301564E-6	9.14847729302472E-7	4.757951462509336E-6	0.0077769787647736345	1.5494849167000013E-5	1.7853584699038667E-5	0.09480182449512631	8.189238277291485E-6	2.755505677001957E-5	2.5682065902147318E-5	1.1890875632673606E-4	3.662446955239651E-6	2.5363882258203237E-4	7.3409495344199375E-6
16	file:/C:/Users/apovzner/Documents/Hakluyt/CC_ML_FR_trimmed_morphad_lem/01_17_NNE-_1246_The_long_and_wonderfull_voyage_of_Frier_John_de_Plano_Carpini_Anno_1246_pp.094-179.txt	3.997785984483123E-6	0.02234662040168689	0.5251736716071905	2.586898209409981E-4	0.01263413230463835	0.11868729379024483	0.016777260577787646	5.244277635332621E-7	0.0023547015271684407	0.008109828366986998	7.077632962896865E-5	0.0010624333267593928	0.12156118797892257	4.6944029888727325E-6	0.1240514811942788	0.005585186918684182	3.15739532723276E-4	2.0994628988804178E-6	0.040995472113190816	4.208129531546936E-6
17	file:/C:/Users/apovzner/Documents/Hakluyt/CC_ML_FR_trimmed_morphad_lem/01_18_NNE-_1253_The_journall_of_Frier_William_de_Rubricis_Anno_1253_pp.179-293.txt	3.0028763663771335E-6	0.015065166402351194	0.15472328659358037	8.347813999188442E-6	2.8476234435937807E-4	0.08403617639455725	0.004698552245277127	3.939159682630322E-7	0.006278304159955626	0.006788936414527833	6.67178626257531E-6	7.687412755617877E-6	0.5242774907545354	3.526129673837126E-6	0.1581270119175677	0.007217129310407553	0.0031195914070430326	1.576979744689544E-6	0.031072072387790046	0.004280312753276856
18	file:/C:/Users/apovzner/Documents/Hakluyt/CC_ML_FR_trimmed_morphad_lem/01_19_NNE-_1278_Part_of_the_great_Charter_graunted_by_King_Edward_the_first_to_the_Barons_of_the_Cinque_Ports_pp.293-296.txt	1.297940396367202E-4	9.30707756098765E-5	8.499387653555797E-5	3.6081955062233664E-4	0.4222426993269087	0.10969352198743504	1.289493095828303E-4	1.70263236178295E-5	8.855071588839785E-5	5.5427026634526334E-5	0.04650646454617248	3.322748705469625E-4	4.1058571996012206E-5	1.524107418389639E-4	5.128299484677413E-4	0.3561563035428599	2.0354078864892044E-4	0.010115572679655268	0.05294806822309264	1.3662315424938217E-4
19	file:/C:/Users/apovzner/Documents/Hakluyt/CC_ML_FR_trimmed_morphad_lem/01_20_NNE-_1345_The_rolle_of_the_huge_Fleete_of_Edward_the_thirde_before_Caleis_pp.297-299.txt	1.771354613459315E-4	1.2701765675544188E-4	1.159947681252834E-4	4.924258289595396E-4	0.14843417532187295	0.0016124277314430186	1.7598262221535688E-4	2.323654997957323E-5	1.2084893848212013E-4	7.564362709890113E-5	0.8203789107810666	4.534696866877111E-4	5.6034384268144566E-5	2.0800143939801282E-4	6.998809018356792E-4	6.523081260407596E-4	0.024959614116876135	9.302382133893329E-5	9.574127909041039E-4	1.8645544530577959E-4
20	file:/C:/Users/apovzner/Documents/Hakluyt/CC_ML_FR_trimmed_morphad_lem/01_21_NNE-_1345_The_summe_of_expences_layde_out_in_the_siege_of_Caleis_pp.299-300.txt	0.001355791275322227	9.721906022227252E-4	8.878216332988149E-4	0.04574996369915125	0.4224361201789811	0.3481890596712615	0.001346967467693834	1.778520884046454E-4	9.24975356041402E-4	5.789748076142276E-4	0.003012295047140897	0.04545179416600955	4.2888605551679034E-4	0.0015920388534713234	0.04733782067420108	0.06796417273128659	0.002126128643463069	7.120024664183716E-4	0.007328018336513066	0.0014271262459875761
21	file:/C:/Users/apovzner/Documents/Hakluyt/CC_ML_FR_trimmed_morphad_lem/01_22_NNE-_1360_A_note_of_Thomas_Walsingham_touching_King_Edward_the_thirde_his_huge_Fleete_of_1100_ships_wherewith__pp.300-301.txt	0.005643485290411779	0.1910845506187032	0.13275131866452106	0.006252938669388623	0.2657175585608112	0.07733198499902363	3.401727891725338E-4	4.4916037264323925E-5	0.16456720617400444	0.005447302508842587	0.05907267132774274	0.006177636804890928	1.0831394910535047E-4	4.020648681171277E-4	0.0013528633422377517	0.05427174634253322	5.369477200698382E-4	1.7981419054904284E-4	0.028356090482785753	3.6041665982483004E-4
22	file:/C:/Users/apovzner/Documents/Hakluyt/CC_ML_FR_trimmed_morphad_lem/01_23_NNE-_1360_The_voyage_of_Nicolaus_de_Linna_a_Franciscan_Frier_and_an_excellent_Mathematician_of_Oxford_to_all_t_pp.301-303.txt	1.8009890884566714E-4	0.10887308697610058	0.03636591678661615	5.006640331031218E-4	0.04775012316320553	0.07692367254022241	1.7892678290367067E-4	2.3625293686881897E-5	0.17578616541591183	0.11439746599724983	0.0031884497538770956	0.0032493624258870977	0.14504889760985182	2.1148126969761425E-4	0.03138295871053626	6.632211350480164E-4	0.2149820104266206	9.458009476192876E-5	0.04000971786125045	1.8957481462350426E-4
23	file:/C:/Users/apovzner/Documents/Hakluyt/CC_ML_FR_trimmed_morphad_lem/01_24_NNE-_1360_A_Testimonie_of_the_learned_Mathematician_Master_John_Dee_touching_the_foresaid_voyage_of_Nicholas_D_pp.303-304.txt	0.048399835943024085	4.4261764113143334E-4	0.057743293968142345	0.020828982473261853	0.29744781436696316	0.1489665362172788	6.132455527427941E-4	8.097226167377489E-5	0.05776020926549451	2.6359487844753474E-4	0.0013714336726862854	0.001580203006207053	1.9526267151008398E-4	7.248213264991353E-4	0.002438870640165361	0.0882817256612863	0.16342872955026144	3.2415953357844095E-4	0.10845795123519919	6.497401344464604E-4
24	file:/C:/Users/apovzner/Documents/Hakluyt/CC_ML_FR_trimmed_morphad_lem/01_25_NNE-_1390_The_voyage_of_Henry_Earle_of_Derby_afterward_King_of_England_into_Prussia_and_Letto_Anno_1390_pp.304-305.txt	2.556626930552951E-4	1.8332679377084667E-4	0.16641144128810906	0.0046689178139869385	0.21027943656117817	0.1091984032962122	0.012128571924658002	3.353771684084139E-5	0.24954045940726877	1.091777629935292E-4	5.680309927102415E-4	6.545006879853872E-4	0.07924469636417462	3.0021209616532343E-4	0.0010101502817204714	9.414876667735279E-4	4.009258539007639E-4	1.342628997101859E-4	0.04888014311510068	0.1150566547836851
25	file:/C:/Users/apovzner/Documents/Hakluyt/CC_ML_FR_trimmed_morphad_lem/01_26_NNE-_1402_The_voyage_of_Thomas_of_Woodstock_duke_of_Glocester_into_Prussia_Anno_1391_pp.306-307.txt	2.940748379615389E-4	0.08216290998858523	0.1413321939851841	8.17510196767154E-4	0.13715646119133723	0.22576856509397325	0.018503725193584668	3.8576604696240554E-5	0.19142205445434937	0.11850074893392648	0.005206266105273372	0.005305727474950497	0.04106904615236071	3.453175841921412E-4	0.0011619207200852803	0.02840028825820353	4.611631212652473E-4	1.544352834771233E-4	0.001589467231508107	3.095475883186453E-4
26	file:/C:/Users/apovzner/Documents/Hakluyt/CC_ML_FR_trimmed_morphad_lem/01_27_NNE-_1402_Certaine_verses_of_Geffrey_Chaucer_concerning_the_long_Voyages_and_valiant_exploits_of_the_English_k_pp.307-308.txt	3.4607031224365115E-4	2.481549419851515E-4	2.2661947708681507E-4	0.0063199437759851144	0.3971542727120763	0.14781321855611898	3.4381800547879897E-4	4.539734757678894E-5	2.3610309057849012E-4	1.4778527941525747E-4	0.006126787824367131	8.859456761092593E-4	1.0947461740699568E-4	4.063733062405943E-4	0.006725249643603382	0.011990195824309961	5.427015329764249E-4	1.8174103961031445E-4	0.323343860521049	0.09680628651578152
27	file:/C:/Users/apovzner/Documents/Hakluyt/CC_ML_FR_trimmed_morphad_lem/01_28_NNE-_0604_A_testimonie_out_of_Cornelius_Tacitus_proving_London_to_have_bene_a_famous_Mart-towne_in_the_raigne__pp.308-309.txt	0.001182101227017621	0.183861537300193	0.11058241930901459	0.021587559024752595	0.20360544033069788	0.10226737162022974	0.0011744078349635884	1.5506750615489157E-4	0.09231342390160124	5.048025038591641E-4	0.0026263907551094564	0.0030261985317664997	3.7394158061435475E-4	0.001388083192747276	0.0046706067014466715	0.004353133078646861	0.0018537508862768535	6.207880257915768E-4	0.26260867919495356	0.0012442974941626018
28	file:/C:/Users/apovzner/Documents/Hakluyt/CC_ML_FR_trimmed_morphad_lem/01_29_NNE-_0604_A_testimony_out_of_venerable_Beda_prooving_London_to_have_bene_a_Citie_of_great_traffique_in_his_tim_pp.309-309.txt	5.891134859107398E-4	4.2243271886299147E-4	0.06423070044854734	0.010758403644890453	0.07410695702098746	0.005362579093039183	0.07355091074197771	7.727964155224713E-5	0.41995429715476973	0.10970002104146412	0.0013088914703268538	0.0015081401874565096	0.05491058151505449	0.11014021394015633	0.011448353473249516	0.05689365650130299	9.238376728361196E-4	3.093767179384465E-4	0.0031841438321802266	6.201096974964916E-4
29	file:/C:/Users/apovzner/Documents/Hakluyt/CC_ML_FR_trimmed_morphad_lem/01_30_NNE-_0795_The_league_betweene_Carolus_Magnus_and_Offa_King_of_Mercia_concerning_the_safe_trade_of_English_Merc_pp.310-312.txt	1.8110888291140122E-4	0.288935971896646	0.0533935092894742	5.034716996921143E-4	0.08166521359648073	0.018472253576200397	0.0057878157185391665	2.3757781629602022E-5	0.17116406857543334	0.0869995662184348	4.0238744777109915E-4	4.636417110733474E-4	5.7291321920081166E-5	0.003016609999809754	7.155803097773977E-4	0.13806013600384556	2.840118464783696E-4	9.511048910721643E-5	0.13556814186949662	0.01421035176527887
30	file:/C:/Users/apovzner/Documents/Hakluyt/CC_ML_FR_trimmed_morphad_lem/01_31_NNE-_0795_An_ancient_testimony_translated_out_of_the_olde_Saxon_Lawes_conteyning_the_advancement_of_Merchants__pp.312-312.txt	0.013918448536256041	0.009980433648426306	0.00911430832854966	0.038692441966273694	0.02696506372177289	0.34218335524089244	0.013827864008530399	0.0018258158055615085	0.00949572557715979	0.005943710665679084	0.030923988340082063	0.035631456564132094	0.004402911126721597	0.01634374793014824	0.2704798353002474	0.05125522023142016	0.021826672471002184	0.007309362338370411	0.07522887036225907	0.01465076783651487
31	file:/C:/Users/apovzner/Documents/Hakluyt/CC_ML_FR_trimmed_morphad_lem/01_32_NNE-_1027_A_testimony_of_certaine_Privileges_obteined_for_the_English_and_Danish_Merchants_by_Canutus_the_King_pp.313-314.txt	0.06260201735101724	0.09577066391566359	0.18717658251231264	7.461684953665565E-4	0.1833652535916962	0.03984346078775162	0.050133549352899584	3.521013829108579E-5	0.0957613165115234	1.1462211788466846E-4	5.963569285847838E-4	6.871385981621917E-4	0.1289076932216893	3.151827380737285E-4	0.0010605233290909006	0.09241105820557814	4.2091877712816303E-4	1.409581722152565E-4	0.055473217267199025	0.004438107987871858
32	file:/C:/Users/apovzner/Documents/Hakluyt/CC_ML_FR_trimmed_morphad_lem/01_33_NNE-_1140_The_flourishing_state_of_Merchandise_in_the_City_of_London_in_the_dayes_of_Wilhelmus_Malmesburiensis_pp.314-315.txt	0.044710714162582196	0.12567260999962776	0.05191877120886634	0.1413997722859374	0.09676402099141605	0.04119676725430212	4.7309132396880044E-4	6.246645297085597E-5	0.12565602673101645	2.0335157667004304E-4	0.00105799931046328	0.0012190554485105602	0.15497146923402416	5.591670081594854E-4	0.12721262927912466	0.009126010320530233	7.467537553717396E-4	2.5007448033146046E-4	0.05418074208642555	0.02261850708970072
33	file:/C:/Users/apovzner/Documents/Hakluyt/CC_ML_FR_trimmed_morphad_lem/01_34_NNE-_1140_A_testimony_of_the_said_Wil_of_Malmesbury_concerning_traffique_to_Bristow_in_his_time_pp.315-315.txt	0.05445545062357126	0.20158336945767352	0.01396419062509824	0.0827907799102537	0.0016765084908017677	0.007877163871588638	8.597247037556485E-4	1.1351709501774116E-4	0.20155323353048185	3.6954043575406235E-4	0.10910283606974715	0.0022153272132328676	0.0538638377341589	0.0010161456490196574	0.003419115441174557	0.0031867090247781086	0.10853722541681542	4.544475825855372E-4	0.15204998972855877	9.108873959326108E-4
34	file:/C:/Users/apovzner/Documents/Hakluyt/CC_ML_FR_trimmed_morphad_lem/01_35_NNE-_1157_The_league_betweene_Henry_the_second_and_Frederick_Barbarossa_Emperour_of_Germany_partly_touching_tr_pp.316-318.txt	1.3382791153083794E-4	0.3916916483661483	0.08089309422129591	0.01280364251854468	0.11628762414180514	0.06959205776749855	1.329569280924934E-4	1.755548511472373E-5	0.07260902223777549	0.022848432900850115	2.9733865559633635E-4	0.002414536490256528	4.233463228391827E-5	1.5714751873246844E-4	5.287682020375964E-4	0.0419315232436803	2.0986663742391423E-4	7.028058434948252E-5	0.1871974722886322	1.4086926835103755E-4
35	file:/C:/Users/apovzner/Documents/Hakluyt/CC_ML_FR_trimmed_morphad_lem/01_36_NNE-_1199_A_generall_safe_conduct_granted_by_King_John_to_all_forreine_Merchants_pp.319-320.txt	2.9541985236807835E-4	0.5078941659288294	0.05507802799445185	8.212492551638761E-4	0.14693120509413668	0.016410290326265252	2.934971906764514E-4	3.87530430798557E-5	2.0154730901400565E-4	1.2615559290244063E-4	6.563633903780355E-4	0.019051138430640942	9.345203609853951E-5	3.4689696829990556E-4	0.001167235013952122	0.2206262000817396	4.632723498077709E-4	0.023023715079724588	0.0061704516917997195	3.10963370670798E-4
36	file:/C:/Users/apovzner/Documents/Hakluyt/CC_ML_FR_trimmed_morphad_lem/01_37_NNE-_1229_The_letters_of_King_Henry_the_third_unto_Haquinus_king_of_Norwey_pp.320-322.txt	2.0334547701376983E-4	0.6392327594620923	0.1008759280955183	5.652880813522012E-4	0.11058135840467101	0.049074185583988815	2.020220569535199E-4	2.667476802131099E-5	1.387304656872923E-4	8.683630775341117E-5	4.517926796080777E-4	5.205677567334559E-4	6.432556480560657E-5	0.006535201696886103	0.007099862568078517	0.07945411661656339	3.188828922762351E-4	1.0678817883262626E-4	0.004247288841970247	2.1404450119377218E-4
37	file:/C:/Users/apovzner/Documents/Hakluyt/CC_ML_FR_trimmed_morphad_lem/01_38_NNE-_1229_A_mandate_for_the_king_of_Norway_his_ship_called_The_Cog_pp.322-323.txt	0.0013011670512658555	9.330214777063488E-4	8.520516968033301E-4	0.0036171654109570816	0.4054163578467026	0.21329202005496242	0.0012926987509000454	1.7068650731355894E-4	8.87708512674956E-4	5.556481715827354E-4	0.0028909310270487805	0.023475785351973824	4.116064281747169E-4	0.0015278963201615422	0.02528582469574344	0.22638413746764285	0.0020404678714053687	6.833162055150605E-4	0.08761188118359525	0.0013696279678702262
38	file:/C:/Users/apovzner/Documents/Hakluyt/CC_ML_FR_trimmed_morphad_lem/01_39_NNE-_1236_A_Charter_granted_for_the_behalfe_of_the_Merchants_of_Colen_in_the_20_yeere_of_Henry_the_thirde_pp.323-324.txt	2.487699403974286E-4	0.4777615172366679	0.06563801058361188	0.01224599596890138	0.2585309081507907	0.009967455442734568	2.4715088727491014E-4	3.2633528653934164E-5	1.6972086218567913E-4	1.062342935844402E-4	5.527166850654132E-4	0.012191285765097804	0.02703903312644671	2.921182765350981E-4	9.829162885399822E-4	0.13186631872670473	3.9011675730533604E-4	1.3064312653260265E-4	0.0013445953798252273	2.618589731443413E-4
39	file:/C:/Users/apovzner/Documents/Hakluyt/CC_ML_FR_trimmed_morphad_lem/01_40_NNE-_1257_The_Charter_of_Lubeck_granted_for_seven_yeeres_in_the_time_of_Henry_the_third_pp.324-325.txt	2.2223590987222212E-4	0.5541080027648944	0.06895902448065222	6.178023378937616E-4	0.12085416976500647	0.10868388710601135	2.2078954644407035E-4	2.9152806489249194E-5	1.5161827900860925E-4	9.490324617457229E-5	4.937634153500815E-4	0.02121297646232208	7.030129527616949E-5	2.6096067262937675E-4	8.780775336559452E-4	0.12124201076745718	3.4850654535530204E-4	1.1670861056260036E-4	0.0012011796005902578	2.3392885435422167E-4
40	file:/C:/Users/apovzner/Documents/Hakluyt/CC_ML_FR_trimmed_morphad_lem/01_41_NNE-_1260_A_Charter_of_the_Merchants_of_Almaine_or_the_Stilyard-merchants_pp.326-327.txt	4.149994703359796E-4	0.43720140784664036	0.045247150681413675	0.001153673333646461	0.16785546688158223	0.010202711229836344	4.1229855644253437E-4	5.443944346708811E-5	2.831293354795959E-4	1.7722067022497606E-4	9.22045208442619E-4	0.001062405451505293	0.045106673289971096	0.006912369686161087	0.014489819240047861	0.24568038963338001	6.507950574424701E-4	2.1793962818598996E-4	0.02151823068443477	4.3683467135946806E-4
41	file:/C:/Users/apovzner/Documents/Hakluyt/CC_ML_FR_trimmed_morphad_lem/01_42_NNE-_1303_A_mandate_of_King_Edward_the_first_concerning_outlandish_Merchants_pp.327-327.txt	0.02384800727375475	0.53866398121209	9.474861831033162E-4	0.13842892192031997	0.07000648466243947	0.08037418551623286	0.0014374881359756498	1.8980433690643657E-4	9.871367588824317E-4	0.023018986170466618	0.00321473123603865	0.0037041003619123045	4.5770861678369414E-4	0.0016990291293341674	0.0057168740885879	0.09493269223902888	0.002269011519460734	7.59851386770427E-4	0.007820485402654072	0.0015230338492576783
42	file:/C:/Users/apovzner/Documents/Hakluyt/CC_ML_FR_trimmed_morphad_lem/01_43_NNE-_1303_King_Edw_the_first_his_great_Charter_granted_to_forreine_Merchants_Anno_Dom_1303_pp.327-339.txt	0.003900383149947362	0.4667379271121798	0.10352006541483585	0.09633180576470492	0.031497318151618374	0.03607394560609347	3.1035576344739285E-5	4.097903030430376E-6	2.1312425108956285E-5	1.3340201062284612E-5	6.940651140482573E-5	7.997206146865414E-5	0.029995750038026178	3.6682284142538266E-5	0.018501863388868542	0.21146704379567097	4.898828621741708E-5	1.640530111837325E-5	0.0011361314745637358	5.165255535926641E-4
43	file:/C:/Users/apovzner/Documents/Hakluyt/CC_ML_FR_trimmed_morphad_lem/01_44_NNE-_1313_The_letters_of_Edward_the_second_unto_Haquinus_King_of_Norway_concerning_certain_English_Merchants_a_pp.339-343.txt	9.559932577061231E-5	0.4707329420642812	0.10366797104474097	0.010626297233520692	0.11415111646223017	0.06895374930788863	0.0015750538445844472	1.2540676465364104E-5	6.522170632125797E-5	4.082457399863069E-5	2.1240244038329777E-4	0.00468496594708458	0.013350931856064938	1.1225757516126863E-4	0.0018577997268800076	0.1853616358876546	1.4991722436652247E-4	5.0204597843006534E-5	0.02419793921956728	1.0062928519253956E-4
44	file:/C:/Users/apovzner/Documents/Hakluyt/CC_ML_FR_trimmed_morphad_lem/01_45_NNE-_1313_Another_letter_of_Edw_the_second_unto_the_said_Haquinus_for_the_merchants_aforesaid_pp.343-344.txt	2.1921886654026093E-4	0.5024639696723082	0.07141681120070321	6.09415140590301E-4	0.1870927646043398	0.052904974814757984	2.177921387377783E-4	2.8757032104826284E-5	1.4955993066180354E-4	9.361485310516648E-5	4.8706015294435747E-4	5.612038943004708E-4	6.93468948182815E-5	2.5741790738629226E-4	8.661568770465575E-4	0.1738994815354968	3.4377526970586446E-4	1.1512419094525409E-4	0.0045788372550955	0.003624717768411279
45	file:/C:/Users/apovzner/Documents/Hakluyt/CC_ML_FR_trimmed_morphad_lem/01_46_NNE-_1313_A_third_letter_of_King_Edward_the_second_to_the_said_Haquinus_in_the_behalfe_of_our_English_merchant_pp.344-349.txt	7.163695519947928E-5	0.47474158458963234	0.09653767874630151	0.0013082356767566943	0.09330228704700948	0.07052472177927505	7.117072509218361E-5	9.397303494337168E-6	4.887361303133619E-5	0.02110328823875257	1.5916288094445746E-4	1.8339178040769865E-4	0.00889537569456158	8.411974475558554E-5	2.830451702263019E-4	0.18437262801581436	1.1233984548535657E-4	0.003364888476325526	0.044750767582665024	7.540613426909326E-5
46	file:/C:/Users/apovzner/Documents/Hakluyt/CC_ML_FR_trimmed_morphad_lem/01_47_NNE-_1320_An_Ordinance_for_the_Staple_to_be_holden_at_one_certaine_place_pp.350-355.txt	6.94046524542815E-5	0.5727735081220641	0.06021904995065729	0.03457785572035714	0.10543826407596421	0.017824233799648505	6.895295069685095E-5	9.104471026381886E-6	4.7350646285558326E-5	2.96384451158971E-5	1.5420315401194705E-4	1.7767704876240687E-4	2.1955214026993904E-5	8.149846169546193E-5	2.7422510649311105E-4	0.197968846542775	1.0883918657580707E-4	3.644829748341144E-5	0.01004588777501157	7.305637889402293E-5
47	file:/C:/Users/apovzner/Documents/Hakluyt/CC_ML_FR_trimmed_morphad_lem/02_01_NNE-_1262_A_Catalogue_of_the_great_Masters_of_Prussia_pp.001-011.txt	3.829552619496267E-5	2.7460385202042567E-5	2.5077308899460736E-5	1.0645923796799022E-4	0.39968509687181236	0.3211045301230309	0.01960356535792596	5.023589865416547E-6	2.612674872727713E-5	1.635365658032025E-5	8.508494337177665E-5	0.0012838262096640108	1.211426675525251E-5	0.004788124686119979	0.03750366424988878	0.028007067052054135	6.005438789997321E-5	2.011114070425215E-5	0.1276793075732525	0.05992265668408268
48	file:/C:/Users/apovzner/Documents/Hakluyt/CC_ML_FR_trimmed_morphad_lem/02_02_NNE-_1388_The_Oration_or_speach_of_the_Ambassadours_sent_from_Conradus_de_Zolner_Master_generall_of_the_land_o_pp.012-018.txt	7.284889412367224E-5	5.22373993242582E-5	4.770411592265157E-5	2.0251550313564004E-4	0.2674422077823266	0.18675881236517558	7.237477643359073E-5	9.556285096158859E-6	4.970044652577611E-5	3.110926823904965E-5	1.6185556505095172E-4	1.864943639336768E-4	2.304475284518735E-5	8.554286488511351E-5	0.026228444143601874	0.32847338398240195	1.1424038733700854E-4	3.825706304208072E-5	0.18987298820122808	7.66818393711479E-5
49	file:/C:/Users/apovzner/Documents/Hakluyt/CC_ML_FR_trimmed_morphad_lem/02_03_NNE-_1390_An_agreement_made_by_the_Ambassadours_of_England_and_Prussia_confirmed_by_king_Richard_the_second_pp.018-024.txt	6.461400996691159E-5	4.633245131838408E-5	4.231161308305027E-5	0.0011799824939745741	0.5273146207773194	0.12563310167349276	6.419348683446144E-5	8.476036704161998E-6	4.408227723710808E-5	2.759265727011359E-5	1.4355931163001595E-4	1.6541292541142003E-4	2.0439759696229825E-5	7.587304640344307E-5	0.0012556562413126482	0.25833068653667574	1.0132658312542156E-4	3.393246091710418E-5	0.08537979198091983	6.801367670725462E-5
50	file:/C:/Users/apovzner/Documents/Hakluyt/CC_ML_FR_trimmed_morphad_lem/02_04_NNE-_1398_The_letters_of_Conradus_de_Jungingen_Master_generall_of_Prussia_unto_Rich_the_second_pp.025-027.txt	1.9653925819381076E-4	1.4093144222250334E-4	1.287010828237522E-4	5.463672062262825E-4	0.3290071764138514	0.04743161329567924	1.9526013460207867E-4	2.5781931304257307E-5	1.3408698937137408E-4	8.39297916077533E-5	4.366706327161274E-4	5.031437249085278E-4	6.217251042636032E-5	2.307863614202808E-4	7.765473509686888E-4	0.3932497517106547	3.082094965624641E-4	1.0321384945390811E-4	0.22623223664389974	2.0688017310677395E-4
51	file:/C:/Users/apovzner/Documents/Hakluyt/CC_ML_FR_trimmed_morphad_lem/02_05_NNE-_1407_A_briefe_relation_of_William_Esturmy_and_John_Kington_concerning_their_Ambassages_into_Prussia_and_t_pp.027-033.txt	7.611088486509433E-5	5.457645903136125E-5	4.9840186570522246E-5	2.115836393670757E-4	0.5940383949094974	0.07846425445722097	7.561553737414904E-5	9.984191571350366E-6	5.1925907850369406E-5	3.2502263234909444E-5	1.6910305124816878E-4	1.9484511373979324E-4	2.4076639071102398E-5	8.937325979510687E-5	3.007221384930062E-4	0.26541016545876717	0.0012977108262402775	3.997011835937092E-5	0.05932912949791677	8.011545978602002E-5
52	file:/C:/Users/apovzner/Documents/Hakluyt/CC_ML_FR_trimmed_morphad_lem/02_06_NNE-_1407_Certaine_Articles_of_complaint_exhibited_by_the_Livonians_pp.033-034.txt	2.888150638656409E-4	0.004678558008263098	1.8912664979463974E-4	0.014217264763605625	0.523720219492175	0.1188869531898849	0.009229853000695738	3.788662990106436E-5	1.970412565649159E-4	1.2333509521807358E-4	6.416888810671705E-4	7.393713010748967E-4	9.136270144954656E-5	0.004810600097285114	0.0011411387975401388	0.23357943048125196	4.52914833665981E-4	1.5167307944376812E-4	0.08651875560609332	3.040110711593668E-4
53	file:/C:/Users/apovzner/Documents/Hakluyt/CC_ML_FR_trimmed_morphad_lem/02_07_NNE-_1407_Other_complaints_exhibited_by_the_Cities_of_the_Hans_pp.034-036.txt	2.3518291689603695E-4	1.6864146109460282E-4	1.5400636160089903E-4	6.537942314299534E-4	0.7869378680603033	0.11137446537975836	2.3365229130937963E-4	3.085118903506386E-5	1.6045124810164124E-4	1.0043211410375386E-4	5.22529056376844E-4	6.020721250776103E-4	7.439690414625341E-5	2.76163704683983E-4	9.292325247743202E-4	0.07368849915938727	3.688098198943036E-4	1.23507814172685E-4	0.023117886569579797	2.475570682740083E-4
54	file:/C:/Users/apovzner/Documents/Hakluyt/CC_ML_FR_trimmed_morphad_lem/02_08_NNE-_1403_Compositions_and_Ordinances_concluded_betweene_the_Ambassadours_of_Prussia_and_the_Chanceller_and_Tr_pp.036-038.txt	2.1064000946405964E-4	1.510425987985464E-4	1.379347696392374E-4	0.003846712560101293	0.5613252186817527	0.028006581724105972	2.0926911487564892E-4	2.7631661500295177E-5	1.4370708920831237E-4	8.995135252388185E-5	4.679996610005448E-4	5.392418794620851E-4	6.663309053348861E-5	2.473441784633473E-4	0.00735455315011659	0.39537437059515845	3.3032205305675124E-4	1.1061894923992278E-4	0.001138504045461613	2.2172283553734026E-4
55	file:/C:/Users/apovzner/Documents/Hakluyt/CC_ML_FR_trimmed_morphad_lem/02_09_NNE-_1403_The_letters_of_the_Chanceller_and_Treasurer_of_England_unto_Conradus_de_Jungingen_master_generall_of_pp.038-041.txt	1.7860489341585964E-4	1.280713352050611E-4	1.1695700590044184E-4	4.965107609073046E-4	0.29068948058262517	0.14541494495879598	1.7744249087671025E-4	2.3429309416193275E-5	1.2185144416039085E-4	7.627113087877803E-5	3.968240876191318E-4	4.57231456890561E-4	5.649921903717756E-5	2.097269210340459E-4	0.0034708625770394036	0.31865293567807434	2.8008513306288733E-4	9.379550299603381E-5	0.23877047332050672	1.8800219155784697E-4
56	file:/C:/Users/apovzner/Documents/Hakluyt/CC_ML_FR_trimmed_morphad_lem/02_10_NNE-_1404_The_letters_of_king_Henry_the_fourth_unto_Conradus_de_Jungingen_the_master_generall_of_Prussia_for_e_pp.041-043.txt	1.60817362314646E-4	1.1531651749225764E-4	1.0530908103023666E-4	0.012896001305063515	0.27916779047329937	0.1558307285562591	1.5977072520007043E-4	2.1095949103661718E-5	1.0971607479128774E-4	6.867517375417593E-5	3.5730377736760286E-4	0.0029014828456472032	5.0872376476497536E-5	1.8883990019543542E-4	0.005614981890733466	0.34667271476222916	0.002741978791772423	8.44542671833549E-5	0.19258287140074562	1.6927876934093596E-4
57	file:/C:/Users/apovzner/Documents/Hakluyt/CC_ML_FR_trimmed_morphad_lem/02_11_NNE-_1404_The_letters_of_Conradus_de_Jungingen_unto_king_Henry_the_fourth_pp.044-046.txt	1.5615194004603577E-4	1.11971106021111E-4	1.0225399217257913E-4	4.340929136184825E-4	0.21788268018658458	0.10054126855497224	1.5513566659388576E-4	2.0483941113298552E-5	1.0653313601410344E-4	6.668285973831402E-5	3.4693814908221985E-4	3.997515279567169E-4	4.939653385195425E-5	1.833615248328911E-4	6.16972794675935E-4	0.34145061552379957	0.005079989406571693	8.200419081644199E-5	0.3320493481757021	1.6436787583591162E-4
58	file:/C:/Users/apovzner/Documents/Hakluyt/CC_ML_FR_trimmed_morphad_lem/02_12_NNE-_1405_An_agreement_made_betweene_king_Henry_the_fourth_and_Conradus_de_Jungingen_pp.047-055.txt	5.484762352848776E-5	3.932931648049797E-5	3.5916226627175576E-5	0.007794872229587654	0.5495098441444656	0.06078930451868259	5.449066232974065E-5	7.19488653314643E-6	3.741925547443152E-5	2.3422036163314717E-5	1.218603687083364E-4	0.005235343593180214	1.73502967143761E-5	6.440486029618935E-5	2.1670874892574697E-4	0.31863527705434497	8.601110328142631E-5	2.8803580566033882E-5	0.057189866062355287	5.773343175478639E-5
59	file:/C:/Users/apovzner/Documents/Hakluyt/CC_ML_FR_trimmed_morphad_lem/02_13_NNE-_1405_An_agreement_betweene_king_Henry_the_fourth_and_the_Hans-townes_pp.055-067.txt	3.098413689135633E-5	2.2217643122537383E-5	2.0289544210778463E-5	0.10370111386395989	0.6668416107260172	0.02426699127385977	3.078248486096091E-5	4.064485112012138E-6	2.113862478271696E-5	4.929303940488732E-4	0.040363554893378714	5.590188794513492E-4	9.801408592017826E-6	3.638314441918048E-5	0.020749477767507008	0.14258469755777226	4.858879249096572E-5	1.627151781253869E-5	1.6746849416546605E-4	3.26143675444565E-5
60	file:/C:/Users/apovzner/Documents/Hakluyt/CC_ML_FR_trimmed_morphad_lem/02_14_NNE-_1405_A_testimonie_out_of_Albertus_Krantzius_concerning_the_surprise_of_Bergen_in_Norway_wherein_21_houses_pp.068-071.txt	1.1124055892759447E-4	7.976672216725073E-5	7.284437989372483E-5	0.18114397711092126	0.491052651311814	0.10606896988689427	1.1051657927798453E-4	1.4592486380966425E-5	7.589278488006316E-5	4.750397968794724E-5	0.05191422128341917	2.847776555895184E-4	3.5189431736533403E-5	1.306243041374536E-4	0.038328705782680855	0.07102130609377087	1.7444553815600336E-4	5.841869155219441E-5	0.05915726193613356	1.170934819787559E-4
61	file:/C:/Users/apovzner/Documents/Hakluyt/CC_ML_FR_trimmed_morphad_lem/02_15_NNE-_1407_The_grievances_and_offences_whereat_the_merchants_of_the_Hans_found_themselves_agrieved_pp.072-083.txt	3.6980011433443014E-5	2.6517075482092704E-5	2.4215861798081876E-5	0.08941710909925497	0.26286181590514596	0.06445971359284271	3.673933684516104E-5	4.851021231938799E-6	5.977568600426249E-4	1.5791881386875744E-5	6.546897430365539E-4	9.466943587135405E-5	1.1698121624868645E-5	4.342380429455317E-5	0.002436222361525882	0.515411027881447	5.799142019522774E-5	1.9420289706860125E-5	0.06375044058175204	3.8925715081802885E-5
62	file:/C:/Users/apovzner/Documents/Hakluyt/CC_ML_FR_trimmed_morphad_lem/02_16_NNE-_1407_A_letter_of_Henry_the_fourth_king_of_England_unto_Conradus_de_Jungingen_Master_generall_of_Prussia_pp.083-085.txt	2.404356492999468E-4	1.724080121648317E-4	1.5744604258056347E-4	0.019280619968690554	0.35037561177422133	0.29998421170524864	2.388708376987464E-4	3.154024010425892E-5	1.6403487348257752E-4	1.0267523204407245E-4	0.015423978337500331	6.155192061948328E-4	7.605853431190166E-5	2.8233172938374717E-4	9.499866248512688E-4	0.1013914201788232	3.770470648328691E-4	1.2626632021641996E-4	0.20975645149510735	2.5308617324260865E-4
63	file:/C:/Users/apovzner/Documents/Hakluyt/CC_ML_FR_trimmed_morphad_lem/02_17_NNE-_1408_A_letter_of_Werneherus_de_Tettingen_commander_in_Elbing_unto_sir_William_Sturmy_Ambassadour_unto_kin_pp.085-090.txt	8.674088729171336E-5	6.21988627515118E-5	5.680110031008609E-5	2.4113440078433508E-4	0.48362271213431407	0.12299618003069272	8.61763572516478E-5	1.137863049844209E-5	5.9178123186351746E-5	3.704168144913848E-5	1.927207748931229E-4	0.001564987715696435	2.7439295177443702E-5	1.0185554758062889E-4	3.4272239992190424E-4	0.27830585826691556	0.0014789551943281646	4.5552532174496873E-5	0.1105890613048922	9.130475989000112E-5
64	file:/C:/Users/apovzner/Documents/Hakluyt/CC_ML_FR_trimmed_morphad_lem/02_18_NNE-_1408_The_letters_of_Ulricus_de_Jungingen_master_generall_of_Prussia_signifying_unto_king_Henry_the_4_that_pp.091-095.txt	1.0423911103025746E-4	7.474622825226712E-5	6.825957615526373E-5	2.897784004911165E-4	0.4585321040137421	0.06550241020803707	1.0356069844579303E-4	1.3674039601537378E-5	7.11161154328391E-5	4.451409324807595E-5	0.001845436877097369	2.6685383412406187E-4	3.2974619304670304E-5	1.224028490462439E-4	4.118597285945519E-4	0.2360042964167634	0.0017773045621713099	5.4741836373864036E-5	0.23457000313925352	1.0972365283464267E-4
