0	file:/C:/Users/apovzner/Documents/Hakluyt/CC_ML_FR_trimmed_morphad_lem/01_01_NNE-_0517_The_voyage_of_Arthur_K_of_Britaine_to_Island_and_the_most_Northeastern_parts_of_Europe_Anno_517_pp.003-004.txt	0.02524424256946123	0.14270072550830934	4.7004902996219126E-4	6.207185733784013E-4	6.252892314685654E-4	7.926813803236955E-5	0.2773177500283663	0.09996088959897644	0.001965041445804459	7.906242317286072E-4	1.1038077766430026E-4	0.008024968848644464	0.2543183461681025	5.052022928890654E-4	0.11170237156455882	0.00171185799184513	1.5307594737908254E-4	5.746683775135064E-4	5.333732334150254E-4	0.071586534408192	0.0010046220343082545
1	file:/C:/Users/apovzner/Documents/Hakluyt/CC_ML_FR_trimmed_morphad_lem/01_02_NNE-_0517_Two_testimonies_of_Galfridus_Monumetensis_in_his_history_of_the_Kings_of_Brittaine_concerning_the_co_pp.004-004.txt	0.0015065013659220422	2.742782870741957E-4	4.7004902996219126E-4	6.207185733784013E-4	6.252892314685654E-4	7.926813803236955E-5	0.33270581283662437	0.028747665988358866	0.00987762184698419	7.906242317286072E-4	1.1038077766430026E-4	0.13462625526752015	0.32553156977872005	5.052022928890654E-4	9.262459480426022E-4	0.00962443839302486	0.10301662116271558	5.746683775135064E-4	5.333732334150254E-4	0.03202363240229334	0.016829782836667716
2	file:/C:/Users/apovzner/Documents/Hakluyt/CC_ML_FR_trimmed_morphad_lem/01_03_NNE-_0580_A_testimony_of_M_Lambard_in_his_touching_the_right_and_appendances_of_the_Crowne_of_the_kingdome_of__pp.005-007.txt	0.0025689295103859997	0.0971871125589088	1.281996328576026E-4	1.692927506337087E-4	1.705393369507229E-4	2.1619332336188297E-5	0.27417545094933926	0.06826597960355699	0.07606773314337177	2.156322633919367E-4	3.0104891764670132E-5	3.0652457050222414E-5	0.18373866964726643	1.3778721864909872E-4	0.03262339021850742	4.668865417646983E-4	0.11873456885137114	0.0023147844332050385	1.4547046869850723E-4	0.12742684003171192	0.015380356158277812
3	file:/C:/Users/apovzner/Documents/Hakluyt/CC_ML_FR_trimmed_morphad_lem/01_04_NNE-_0580_The_voyage_of_Malgo_king_of_Britaine_to_Island_Gotland_Orkney_Denmark_and_Norway_Anno_580_pp.007-008.txt	0.03453515780451293	3.7522393077927895E-4	6.430463255506959E-4	8.49168432161549E-4	8.554212796367688E-4	1.0844205954230066E-4	0.37938204059281067	0.0609774526914448	0.06763666164666929	0.0010816063318869458	1.510054248897523E-4	0.010978486076643331	0.3587426481652241	6.911374290640084E-4	0.0012671423946836464	0.0023418918481953846	0.0759825527064414	7.861698780656233E-4	7.296764295465387E-4	5.107044613791422E-4	0.0013743640908718633
4	file:/C:/Users/apovzner/Documents/Hakluyt/CC_ML_FR_trimmed_morphad_lem/01_05_NNE-_0624_The_conquest_of_the_Isles_of_Anglesey_and_Man_by_Edwin_the_Saxon_king_of_Northumberland_Anno_624_pp.008-010.txt	7.790833384587062E-4	1.4184231650511328E-4	2.430846567988912E-4	3.2100302683429167E-4	3.2336673100634785E-4	4.0993315378686334E-5	0.4339440917099987	0.05578648983660846	0.07876366080683257	4.088693046384849E-4	5.70831375992402E-5	0.004150092169217841	0.2460952655497295	2.612640770492164E-4	0.02912280112139206	8.852829937114941E-4	0.06964266593085158	2.9718828551200855E-4	0.020735686458594402	0.05748064751092599	5.195377223564721E-4
5	file:/C:/Users/apovzner/Documents/Hakluyt/CC_ML_FR_trimmed_morphad_lem/01_06_NNE-_0624_The_voyage_of_Bertus_into_Ireland_Anno_684_pp.010-010.txt	0.0013960386827202335	2.5416711013167214E-4	4.3558316205091194E-4	0.02257240044336045	5.794405333872728E-4	7.345588228701367E-5	0.3009780984088987	0.1732877420934225	0.00182095677677167	7.326525126072919E-4	1.0228721920460495E-4	0.08076053091905216	0.2723327040104662	4.681588476625311E-4	0.030187923809859515	0.0015863377425329507	1.4185180894572426E-4	5.325314021563551E-4	4.942641825745782E-4	0.11033191530833672	9.309591435710602E-4
6	file:/C:/Users/apovzner/Documents/Hakluyt/CC_ML_FR_trimmed_morphad_lem/01_07_NNE-_0890_The_voyage_of_Octher_to_the_North_parts_beyond_Norway_about_the_yeere_890_pp.011-014.txt	3.5897434994333713E-4	6.535597778616712E-5	1.1200490672565741E-4	1.479069660450595E-4	0.02465967699219325	1.8888285775946035E-5	8.993675091877123E-5	0.08226757290075239	0.3964100054742189	0.15479422613049798	2.630191303147657E-5	2.6780307527368873E-5	2.6587032378942054E-4	0.011433003307942788	0.307546939005422	0.02114771436339558	3.647546556901707E-5	1.369339662859478E-4	1.2709401668889198E-4	8.89537865132212E-5	2.3938480897681477E-4
7	file:/C:/Users/apovzner/Documents/Hakluyt/CC_ML_FR_trimmed_morphad_lem/01_08_NNE-_0890_The_second_voyage_of_Octher_into_the_Sound_of_Denmarke_pp.014-015.txt	0.001483032143771786	2.7000540807391925E-4	4.627263116724914E-4	6.110486305420125E-4	6.155480840567826E-4	7.803324931404421E-5	3.715560527931532E-4	0.012721190303843666	0.06424893492861662	0.3512974043711909	0.21042011938421024	1.1063758981512356E-4	0.001098391114342741	4.973319350448323E-4	0.2735377806254155	0.07178900899133284	1.5069123436376984E-4	5.657158334802408E-4	0.008314377277211403	3.6749512807849233E-4	9.88971402829542E-4
8	file:/C:/Users/apovzner/Documents/Hakluyt/CC_ML_FR_trimmed_morphad_lem/01_09_NNE-_0890_Wolstans_Navigation_into_the_East_sea_or_the_Sound_of_Denmarke_pp.015-016.txt	0.01486211147650888	2.3519697294485095E-4	4.03072770222109E-4	5.32273739443888E-4	0.04803213183504471	6.797339415768118E-5	3.2365595755905175E-4	0.05179201024399651	0.19166880178404255	0.0685293109124497	0.48862430806788754	9.637446303041162E-5	0.007741923325330463	4.332171214856804E-4	7.942671857328704E-4	0.001467939085110704	1.31264489939323E-4	0.08191439433644754	0.007242508146304288	3.2011855730081806E-4	0.03478714613506055
9	file:/C:/Users/apovzner/Documents/Hakluyt/CC_ML_FR_trimmed_morphad_lem/01_10_NNE-_0973_The_voyage_of_King_Edgar_with_4000_shippes_round_about_his_large_Monarchie_Anno_973_pp.016-023.txt	0.02833171352272501	0.027426948544832967	4.6505526458906217E-5	0.002409967734099487	6.186462059259972E-5	7.84259993241367E-6	0.27246976013762864	0.3590417826906989	0.01585145198928666	7.822246996374961E-5	1.0920810062377242E-5	1.1119444109196356E-5	0.09874971553017887	4.998350619071022E-5	0.047845598802268824	0.0017350706831791955	0.00784366271295249	0.0016225598633986577	0.0024013259951322654	0.1033733687104519	0.03063061410585617
10	file:/C:/Users/apovzner/Documents/Hakluyt/CC_ML_FR_trimmed_morphad_lem/01_11_NNE-_0973_The_voyage_of_Edmund_and_Edward_the_sonnes_of_King_Edmund_Ironside_into_Hungary_Anno_1017_pp.024-025.txt	0.021647245576594604	0.095227074374145	4.03072770222109E-4	5.32273739443888E-4	5.361931344446365E-4	6.797339415768118E-5	0.31243982456150243	0.07893254664433941	0.008470181081727984	6.779699115924344E-4	9.465286171529576E-5	9.637446303041162E-5	0.340213494229531	4.332171214856804E-4	7.942671857328704E-4	0.008253073185196429	1.31264489939323E-4	4.927851354188421E-4	4.5737404621856275E-4	0.1292376664589296	8.614756346319236E-4
11	file:/C:/Users/apovzner/Documents/Hakluyt/CC_ML_FR_trimmed_morphad_lem/01_12_NNE-_1249_A_Chronicle_of_the_Kings_of_Man_taken_out_of_M_Camdens_Chorographie_pp.025-041.txt	0.019681030120713042	1.3868861930817516E-5	2.3767995515798355E-5	0.002431980955949177	3.1617705180281484E-5	4.008187719163231E-6	4.19184084600278E-4	0.18029790392030406	0.07811867906733984	0.006841661893962116	5.581396112585211E-6	5.6829137921722445E-6	0.6210101616103998	2.5545517736573557E-5	4.683555998695234E-5	0.06610290503529537	7.740274309629504E-6	2.905806532759101E-5	2.6969979325507582E-5	1.8876433727480665E-5	0.02485694042077188
12	file:/C:/Users/apovzner/Documents/Hakluyt/CC_ML_FR_trimmed_morphad_lem/01_13_NNE-_1067_The_mariage_of_the_daughter_of_Harald_unto_Jeruslaus_duke_of_Russia_in_his_owne_Countrey_Anno_1067_pp.042-042.txt	0.0015307253405809826	0.11283605257997197	4.7760724135703766E-4	6.306994942935637E-4	6.353436468446393E-4	8.05427398418291E-5	0.2415778564470312	0.10960803477571243	0.050235508858557876	8.033371716484567E-4	1.12155659002916E-4	1.1419561137770936E-4	0.3388058065493158	5.133257555140681E-4	9.411396340895429E-4	0.0017393840237175146	1.55537350968939E-4	5.839088286203407E-4	5.419496741553197E-4	0.1370561126390897	0.0010207759783081671
13	file:/C:/Users/apovzner/Documents/Hakluyt/CC_ML_FR_trimmed_morphad_lem/01_14_NNE-_1278_The_ancient_state_of_the_shipping_of_the_Cinque_Ports_pp.042-050.txt	0.14135165558409896	3.3063904795851386E-5	5.6663823235296694E-5	0.02487497054368312	7.537783555413198E-5	9.55567499419917E-6	4.5499436635401994E-5	0.34780595190641495	0.03648324715326035	9.530876324926264E-5	1.3306264826559876E-5	1.3548286912417037E-5	0.39598295252423904	6.0901505157100725E-5	1.1165779169146983E-4	0.0526682047742101	1.8453114188027575E-5	6.927555486064783E-5	6.42974768378921E-5	4.500215019545073E-5	1.2110593095981065E-4
14	file:/C:/Users/apovzner/Documents/Hakluyt/CC_ML_FR_trimmed_morphad_lem/01_15_NNE-_1243_The_voyage_of_a_certaine_Englishman_into_Tartaria_and_from_thence_into_Poland_and_Hungary_Anno_1243_pp.050-054.txt	0.0032576665761002038	5.1553463232558404E-5	8.835061514402829E-5	0.022425450076876772	0.003092033569352782	1.4899272863183904E-5	7.094302830135276E-5	0.3638311482753152	0.26212569674889824	0.003123110006164039	2.0747217811515473E-5	2.1124580279189584E-5	0.29319835932409666	0.02091648561774738	1.7409758146040634E-4	3.2176155459974796E-4	2.8772220029439667E-5	1.0801491210655806E-4	1.0025305929759566E-4	7.016765593210694E-5	0.026959364644391
15	file:/C:/Users/apovzner/Documents/Hakluyt/CC_ML_FR_trimmed_morphad_lem/01_16_NNE-_1246_Libellus_historicus_Johannis_de_Plano_Carpini_pp.055-094.txt	2.2643262976769006E-5	0.8464215221347885	7.0650077312706816E-6	9.329625720564628E-6	9.398324372589505E-6	1.191428919845168E-6	0.017845016816940985	1.9422994884983567E-4	2.953528700610767E-5	1.1883369507521052E-5	1.659063199523417E-6	1.206181979855164E-4	1.6770478615624865E-5	7.5933740473924985E-6	1.3921813187244515E-5	2.572984768885952E-5	0.10870336911141937	8.637474542552027E-6	8.016793520525085E-6	0.026526768804734535	1.509983424487357E-5
16	file:/C:/Users/apovzner/Documents/Hakluyt/CC_ML_FR_trimmed_morphad_lem/01_17_NNE-_1246_The_long_and_wonderfull_voyage_of_Frier_John_de_Plano_Carpini_Anno_1246_pp.094-179.txt	1.4691375714543143E-4	0.5003584422734028	0.0016137091969794799	5.2615898498104145E-6	5.300333540180866E-6	6.719251660449818E-7	0.011673703991182756	0.09870518147040375	0.14536138963164308	0.007854110088382089	9.356549075237826E-7	0.004092336474310544	0.043740314342992984	0.007985834408838592	7.851426536383002E-6	1.4510754181538379E-5	0.12877927950362847	0.010199794810377362	4.521197385511826E-6	0.027167269975517435	0.01228266719362834
17	file:/C:/Users/apovzner/Documents/Hakluyt/CC_ML_FR_trimmed_morphad_lem/01_18_NNE-_1253_The_journall_of_Frier_William_de_Rubricis_Anno_1253_pp.179-293.txt	9.510918114931476E-6	0.16020449705700093	0.0077958055200974315	3.918750860345757E-6	5.390169620083842E-5	5.004394864836555E-7	0.01583782926266484	0.09239674064335984	0.1640616361678256	4.991407573699147E-6	6.968613249049938E-7	0.006244970741026699	0.0063012594491888875	3.1894678277989515E-6	0.006999420170583681	2.1062374416391875E-4	0.5063356189799705	0.007846420097718184	3.367317987529159E-6	0.016687022743167128	0.00899807856385575
18	file:/C:/Users/apovzner/Documents/Hakluyt/CC_ML_FR_trimmed_morphad_lem/01_19_NNE-_1278_Part_of_the_great_Charter_graunted_by_King_Edward_the_first_to_the_Barons_of_the_Cinque_Ports_pp.293-296.txt	0.48348383278674206	7.156261025081654E-5	1.2264162755566284E-4	1.619531819888651E-4	1.6314572342911288E-4	2.06820413231758E-5	9.847773487962448E-5	0.10866065554707685	0.0046416846311431205	0.0022707741386376627	2.8799715265231846E-5	2.9323541241299223E-5	0.26454589812392976	1.3181355027953436E-4	2.416690671479949E-4	0.06651033975515665	3.993941510251759E-5	1.4993811417650938E-4	1.3916369840377455E-4	9.740142172469084E-5	0.06839030357454501
19	file:/C:/Users/apovzner/Documents/Hakluyt/CC_ML_FR_trimmed_morphad_lem/01_20_NNE-_1345_The_rolle_of_the_huge_Fleete_of_Edward_the_thirde_before_Caleis_pp.297-299.txt	5.660045308265889E-4	1.030485313210025E-4	1.7660115462717128E-4	0.8355954362107826	2.3492613156156808E-4	2.978166916499851E-5	1.4180569869652807E-4	0.0018822685405086434	7.38281681481668E-4	0.02705241763307183	4.147093503358249E-5	4.222523252653787E-5	0.05690277187517714	0.003162627829043163	3.479979607791549E-4	0.027398532475030324	5.7511849465934516E-5	2.1590747459849363E-4	2.0039256091199212E-4	1.402558322303853E-4	0.04496973419316062
20	file:/C:/Users/apovzner/Documents/Hakluyt/CC_ML_FR_trimmed_morphad_lem/01_21_NNE-_1345_The_summe_of_expences_layde_out_in_the_siege_of_Caleis_pp.299-300.txt	0.21685161630268346	8.179031189675025E-4	0.001401695233606755	0.0018509947053516388	0.049055557895646654	2.3637910978306227E-4	0.0011255213612890906	0.13291702541318887	0.005859791325695083	0.0023576566412170474	3.291575986154075E-4	3.351445085131892E-4	0.35725925799783903	0.0015065229386959193	0.0027620832035826484	0.1702730603045085	4.564754145718738E-4	0.0017136721369896263	0.001590529224305388	0.0011132199669810772	0.05018673559796816
21	file:/C:/Users/apovzner/Documents/Hakluyt/CC_ML_FR_trimmed_morphad_lem/01_22_NNE-_1360_A_note_of_Thomas_Walsingham_touching_King_Edward_the_thirde_his_huge_Fleete_of_1100_ships_wherewith__pp.300-301.txt	0.02976466770715292	0.07474817729381948	3.4066365796036507E-4	4.498600067061815E-4	4.5317254860081463E-4	5.744884499386418E-5	0.12643406064034163	0.11832227581706568	0.0014241454918550022	5.729975506479292E-4	7.999744088537933E-5	8.145248088034987E-5	0.25312968117832996	3.6614065796369377E-4	6.712881268078347E-4	0.07579004979992005	1.1094036761250443E-4	4.164855560145415E-4	3.865572848175549E-4	0.24685701939680738	0.06954291815081699
22	file:/C:/Users/apovzner/Documents/Hakluyt/CC_ML_FR_trimmed_morphad_lem/01_23_NNE-_1360_The_voyage_of_Nicolaus_de_Linna_a_Franciscan_Frier_and_an_excellent_Mathematician_of_Oxford_to_all_t_pp.301-303.txt	5.593531079355033E-4	0.02654279462969189	1.7452581971639968E-4	2.3046833612394305E-4	2.3216538855673594E-4	2.9431688793411166E-5	0.27923913063161643	0.05767994726664446	0.024232678694655358	0.02379662604076067	4.098358782773193E-5	0.099929789089628	0.035668888038125623	0.006063346212402434	0.1913063762279903	0.07114481941609836	0.09113124370634888	2.1337023003473784E-4	1.9803764042238624E-4	0.09121301532018149	3.730089264452011E-4
23	file:/C:/Users/apovzner/Documents/Hakluyt/CC_ML_FR_trimmed_morphad_lem/01_24_NNE-_1360_A_Testimonie_of_the_learned_Mathematician_Master_John_Dee_touching_the_foresaid_voyage_of_Nicholas_D_pp.303-304.txt	0.1427877562201245	0.040597927829808776	5.977527254705658E-4	7.893564188761017E-4	7.95168840892608E-4	1.0080383647560591E-4	0.020604545001113046	0.15730527878151032	0.002498907145892242	0.031192272200729114	1.4036920934333853E-4	1.4292232618553342E-4	0.25297599075258936	6.424564848324616E-4	0.2527349722585499	0.0021769383936954476	1.946638731648813E-4	7.307952298679925E-4	6.782809529306434E-4	4.7473249059922136E-4	0.09183810902734832
24	file:/C:/Users/apovzner/Documents/Hakluyt/CC_ML_FR_trimmed_morphad_lem/01_25_NNE-_1390_The_voyage_of_Henry_Earle_of_Derby_afterward_King_of_England_into_Prussia_and_Letto_Anno_1390_pp.304-305.txt	8.123233734610698E-4	0.13241116225185148	2.534560023298044E-4	3.346988040651919E-4	3.3716335702393865E-4	4.2742318560741525E-5	0.1495330142537245	0.0453669811330329	0.009592687687965262	4.2631394672833196E-4	5.951862222351323E-5	6.060118155069018E-5	0.4613897982039202	2.7241105791413504E-4	0.004765999819085742	0.005189611134740094	0.11527958036660736	3.098679932211411E-4	2.8760116258928954E-4	0.01726752175069338	0.05600694557871128
25	file:/C:/Users/apovzner/Documents/Hakluyt/CC_ML_FR_trimmed_morphad_lem/01_26_NNE-_1402_The_voyage_of_Thomas_of_Woodstock_duke_of_Glocester_into_Prussia_Anno_1391_pp.306-307.txt	0.020705465045187443	0.07428890021745001	2.9353185520893327E-4	0.005328795337065181	3.904748152972456E-4	4.95006310670842E-5	0.306588533084059	0.19583436711958904	0.006168285606356372	4.937216816107516E-4	6.892956347513999E-5	7.018329447680907E-5	0.15387318545378223	3.154840385469198E-4	5.784134721660235E-4	0.05048075282825383	0.06927203814145724	3.5886357428503864E-4	3.3307596600229764E-4	0.10399779170382362	0.010509706570839848
26	file:/C:/Users/apovzner/Documents/Hakluyt/CC_ML_FR_trimmed_morphad_lem/01_27_NNE-_1402_Certaine_verses_of_Geffrey_Chaucer_concerning_the_long_Voyages_and_valiant_exploits_of_the_English_k_pp.307-308.txt	0.001055505619639945	1.921686099334162E-4	0.06131135713134837	0.011522537246680637	0.011525739603750302	5.553792850387003E-5	2.6444437052927373E-4	0.175368556045679	0.001376774250451851	5.539379774158418E-4	7.733649219334677E-5	7.87431333054453E-5	0.5717952546700245	3.539617495620565E-4	0.10598154765845305	0.006743205840705403	1.0725016674076558E-4	4.026320291609107E-4	3.7369925973516855E-4	2.6155412376337563E-4	0.05059825609242353
27	file:/C:/Users/apovzner/Documents/Hakluyt/CC_ML_FR_trimmed_morphad_lem/01_28_NNE-_0604_A_testimonie_out_of_Cornelius_Tacitus_proving_London_to_have_bene_a_famous_Mart-towne_in_the_raigne__pp.308-309.txt	0.0037055156599768426	6.746376146317078E-4	0.001156171564713972	0.020989209632834654	0.0015380132349256388	1.949744842324631E-4	0.23447763805598518	0.01232282636139082	0.02429581762438531	0.0019446849090869775	2.7150171214425063E-4	2.764399432364038E-4	0.3919932239391718	0.0012426374446802277	0.0995904651640472	0.0042106278427144084	3.765182913271477E-4	0.0014135019856862019	0.0013119290255818696	9.182261880020322E-4	0.19709543932124488
28	file:/C:/Users/apovzner/Documents/Hakluyt/CC_ML_FR_trimmed_morphad_lem/01_29_NNE-_0604_A_testimony_out_of_venerable_Beda_prooving_London_to_have_bene_a_Citie_of_great_traffique_in_his_tim_pp.309-309.txt	0.0018596530729061412	0.09801292609232043	5.80237192450693E-4	7.662264558828109E-4	7.718685605332602E-4	9.785005165609148E-5	0.43023306237363584	0.006184343560429712	0.012193118596680737	9.759611343918591E-4	0.14664778394158284	1.387343725101921E-4	0.14788885905268084	6.236310285954268E-4	0.0011433750824978823	0.011880584271246329	1.8895977286904133E-4	7.093812447298374E-4	6.584057571823432E-4	4.6082173409342514E-4	0.13798421665112423
29	file:/C:/Users/apovzner/Documents/Hakluyt/CC_ML_FR_trimmed_morphad_lem/01_30_NNE-_0795_The_league_betweene_Carolus_Magnus_and_Offa_King_of_Mercia_concerning_the_safe_trade_of_English_Merc_pp.310-312.txt	0.06424902282121876	0.023263187760559096	0.008858058432696107	2.2713190011190744E-4	2.2880438471492248E-4	2.900561314225294E-5	0.1767546472076172	0.1408101669696683	7.190434063459699E-4	2.893033843818345E-4	0.02320321476420865	0.10427383510765484	0.13648987504431234	1.848624507886823E-4	0.017711048132753607	6.263991043369476E-4	5.601319548149868E-5	0.006000987440832499	1.951706959806627E-4	0.26361372955095863	0.03221649263223522
30	file:/C:/Users/apovzner/Documents/Hakluyt/CC_ML_FR_trimmed_morphad_lem/01_31_NNE-_0795_An_ancient_testimony_translated_out_of_the_olde_Saxon_Lawes_conteyning_the_advancement_of_Merchants__pp.312-312.txt	0.27171584751590966	0.007912210454300838	0.013559683810825125	0.017906105648584324	0.018037957167382268	0.002286678238817404	0.010888040007198318	0.37278044032979757	0.05668630075126069	0.022807439037325038	0.003184196431681372	0.003242112448852187	0.032187139212539524	0.01457376340640594	0.026719770462085377	0.04938262100087965	0.004415840291532611	0.016577678068583217	0.015386421282152016	0.010769039090843813	0.028980715343043185
31	file:/C:/Users/apovzner/Documents/Hakluyt/CC_ML_FR_trimmed_morphad_lem/01_32_NNE-_1027_A_testimony_of_certaine_Privileges_obteined_for_the_English_and_Danish_Merchants_by_Canutus_the_King_pp.313-314.txt	0.10545943575409837	0.13965699189684463	2.5898078375694353E-4	3.419944992524729E-4	3.445127740260022E-4	4.3674006765268523E-5	0.12663515253679433	0.037636764061523095	0.014161345670252335	4.3560664981433055E-4	6.081599681952494E-5	6.192215355062836E-5	0.21859268075018046	2.7834901771574575E-4	0.013589005222713939	9.431746395568551E-4	0.07855639370401235	0.004676180995039893	0.013372545923650708	0.12227332113632858	0.12262115182730363
32	file:/C:/Users/apovzner/Documents/Hakluyt/CC_ML_FR_trimmed_morphad_lem/01_33_NNE-_1140_The_flourishing_state_of_Merchandise_in_the_City_of_London_in_the_dayes_of_Wilhelmus_Malmesburiensis_pp.314-315.txt	0.09208565527321119	2.6184697559117044E-4	4.487446607170487E-4	5.925853003757206E-4	0.13656810002270756	7.56754113711692E-5	0.21187100886611498	0.03499866775429823	0.1302931768409834	7.547902027375076E-4	1.0537791052698186E-4	1.0729458526940115E-4	0.06149682510158737	0.008036257492848323	0.01599217073024722	0.0016342702245510448	0.1436712420456525	5.486222705594308E-4	5.091987758886195E-4	0.05323406088483711	0.10671442866992409
33	file:/C:/Users/apovzner/Documents/Hakluyt/CC_ML_FR_trimmed_morphad_lem/01_34_NNE-_1140_A_testimony_of_the_said_Wil_of_Malmesbury_concerning_traffique_to_Bristow_in_his_time_pp.315-315.txt	0.002705177852206	4.925130267505569E-4	8.440524874840603E-4	0.01532298072501142	0.001122812510134296	1.4233934083394032E-4	0.299053637799795	0.12266317163049954	0.06036206649071532	0.00141969945030922	1.9820734438165229E-4	2.018124548724419E-4	0.0020035596180827562	0.015115551717233711	0.22899724083179043	0.05990743280256291	2.748737385325236E-4	0.015240289814295106	9.577617987161473E-4	0.17117084988808423	0.0018039686777087593
34	file:/C:/Users/apovzner/Documents/Hakluyt/CC_ML_FR_trimmed_morphad_lem/01_35_NNE-_1157_The_league_betweene_Henry_the_second_and_Frederick_Barbarossa_Emperour_of_Germany_partly_touching_tr_pp.316-318.txt	0.006914877354312508	0.07376693432659533	1.2875535416674168E-4	1.700266028836166E-4	1.7127859291797854E-4	2.1713048077807652E-5	0.1323151534143651	0.22461513241919098	5.382621624115048E-4	2.1656698871863004E-4	3.023539081127454E-5	3.078532968940695E-5	0.05232337570942037	1.3838450034034473E-4	2.5371635187786123E-4	0.01130594045068921	4.193040845289824E-5	1.5741257987731598E-4	1.4610105583440024E-4	0.35555684234340496	0.14115657561596182
35	file:/C:/Users/apovzner/Documents/Hakluyt/CC_ML_FR_trimmed_morphad_lem/01_36_NNE-_1199_A_generall_safe_conduct_granted_by_King_John_to_all_forreine_Merchants_pp.319-320.txt	0.22374484377414947	0.06051909045711891	2.758148155307732E-4	3.642245125506574E-4	0.009652775672877015	4.6512864563563656E-5	2.214714434328938E-4	0.02615439074505897	0.0011530447024398198	4.6392155440875047E-4	6.47691025595162E-5	6.594716067761868E-5	0.06565579652382325	2.9644200569912743E-4	5.435015051856305E-4	0.0010044820138733665	8.982172389964519E-5	0.009623072427884152	3.129721169624589E-4	0.5620141371647918	0.03773296771251269
36	file:/C:/Users/apovzner/Documents/Hakluyt/CC_ML_FR_trimmed_morphad_lem/01_37_NNE-_1229_The_letters_of_King_Henry_the_third_unto_Haquinus_king_of_Norwey_pp.320-322.txt	6.46757665353849E-4	0.06805691282310024	2.0179723702681325E-4	2.66481335125959E-4	2.684435690956016E-4	3.403068662960306E-5	1.6203743544048932E-4	0.10745651730709803	0.004240572089421029	3.394237096970779E-4	4.738768624906734E-5	4.8249601055320985E-5	4.790138067749404E-4	2.1688892082773694E-4	3.976476095213151E-4	7.349195316165265E-4	6.571719388261559E-5	2.467114777329401E-4	0.003625941122897084	0.621803599907544	0.19066094928390975
37	file:/C:/Users/apovzner/Documents/Hakluyt/CC_ML_FR_trimmed_morphad_lem/01_38_NNE-_1229_A_mandate_for_the_king_of_Norway_his_ship_called_The_Cog_pp.322-323.txt	0.15502877747658927	7.473653792884208E-4	0.001280809995239677	0.001691360905644072	0.04482490014118866	2.1599326245618197E-4	0.001028453956917192	0.1645750576440896	0.005354430207097804	0.0021543272167972418	3.007703330993705E-4	3.0624091889707426E-4	0.11084301986107543	0.001376597131585114	0.002523875154893182	0.0046645449445189245	4.171079843515092E-4	0.0015658813335423139	0.0014533585328454343	0.0010172134615460647	0.49862991415833746
38	file:/C:/Users/apovzner/Documents/Hakluyt/CC_ML_FR_trimmed_morphad_lem/01_39_NNE-_1236_A_Charter_granted_for_the_behalfe_of_the_Merchants_of_Colen_in_the_20_yeere_of_Henry_the_thirde_pp.323-324.txt	0.07695209926958643	0.08033756292629954	2.382108966672415E-4	3.145670313464391E-4	3.168833440981215E-4	4.017141411684702E-5	1.9127656730409282E-4	0.026598493161730335	9.958414015470351E-4	4.0067162181372726E-4	5.593864117612445E-5	0.012086740760325775	0.12487322527192163	2.560258260656992E-4	4.6940183630498066E-4	8.675333873941024E-4	7.757564926001817E-5	2.912297670411366E-4	2.7030226229871995E-4	0.4493011471936869	0.22506510177001515
39	file:/C:/Users/apovzner/Documents/Hakluyt/CC_ML_FR_trimmed_morphad_lem/01_40_NNE-_1257_The_Charter_of_Lubeck_granted_for_seven_yeeres_in_the_time_of_Henry_the_third_pp.324-325.txt	0.11905566785292508	0.07039940676888741	0.003918193917544356	2.9013518475273336E-4	2.922715937250212E-4	3.705137377773683E-5	1.7642046579421306E-4	0.09850232531468515	9.184962193449541E-4	3.6955218899616896E-4	5.159398911889641E-5	5.253241060884922E-5	5.215328092756129E-4	2.3614076792820169E-4	4.3294425330170426E-4	0.004498638080222673	7.155049031689762E-5	0.007665579335121726	2.493083794428245E-4	0.5623441250285219	0.12991653357570782
40	file:/C:/Users/apovzner/Documents/Hakluyt/CC_ML_FR_trimmed_morphad_lem/01_41_NNE-_1260_A_Charter_of_the_Merchants_of_Almaine_or_the_Stilyard-merchants_pp.326-327.txt	0.1849993703958997	0.07241494646094754	3.898469510163322E-4	5.148085153802817E-4	0.039893581242639135	6.574301818503209E-5	3.1303600132338296E-4	0.04353008869789168	0.021317247371594586	6.557240340732534E-4	9.15470661149974E-5	9.321217741287492E-5	0.02061288556186697	4.190021912078068E-4	7.682053056564873E-4	0.001419772355976237	0.03293944232362865	0.013601609609696273	4.423664672115065E-4	0.44655940996189697	0.11895815429038038
41	file:/C:/Users/apovzner/Documents/Hakluyt/CC_ML_FR_trimmed_morphad_lem/01_42_NNE-_1303_A_mandate_of_King_Edward_the_first_concerning_outlandish_Merchants_pp.327-327.txt	0.07900724157780524	8.58412401433365E-4	0.0014711186981130506	0.0019426711712105305	0.07624930024538107	2.480865454257079E-4	0.1745300229510422	0.08997195242799469	0.006150016337067151	0.002474427168950385	3.4546018730699843E-4	3.517436181722671E-4	0.0034920506255855894	0.051109354482292625	0.0028988842575135717	0.0053576247152774545	4.790838275718839E-4	0.001798547261000431	0.0016693052995194455	0.3478658688151079	0.15172882738622845
42	file:/C:/Users/apovzner/Documents/Hakluyt/CC_ML_FR_trimmed_morphad_lem/01_43_NNE-_1303_King_Edw_the_first_his_great_Charter_granted_to_forreine_Merchants_Anno_Dom_1303_pp.327-339.txt	0.1489611724145585	0.09840142732292155	3.059949399321575E-5	4.0407857578384134E-5	0.1071809306385246	5.160238100629611E-6	2.4570522399067943E-5	0.0858322799611413	1.2792128072714048E-4	5.146846368689728E-5	7.185624749352037E-6	0.007218677635161453	7.263518727528272E-5	3.288791921953595E-5	6.0297236068436936E-5	1.114394137626809E-4	0.024734632379500576	3.741005819590779E-5	3.4721805623847196E-5	0.4764892459452667	0.05054492860154486
43	file:/C:/Users/apovzner/Documents/Hakluyt/CC_ML_FR_trimmed_morphad_lem/01_44_NNE-_1313_The_letters_of_Edward_the_second_unto_Haquinus_King_of_Norway_concerning_certain_English_Merchants_a_pp.339-343.txt	0.06794539149921049	0.09384447190053957	9.13391917884463E-5	1.2061706163933783E-4	1.215052247654919E-4	1.5403260513129906E-5	7.334277025131064E-5	0.11782809889936458	3.8184377809484326E-4	1.5363286323612013E-4	2.144901994936216E-5	2.1839147202607168E-5	0.0048294960438712954	9.817011881902798E-5	1.799866628771462E-4	0.029546290104760165	0.023093149062049612	1.116686596559586E-4	1.0364425188929206E-4	0.48747913690218003	0.1739395235773422
44	file:/C:/Users/apovzner/Documents/Hakluyt/CC_ML_FR_trimmed_morphad_lem/01_45_NNE-_1313_Another_letter_of_Edw_the_second_unto_the_said_Haquinus_for_the_merchants_aforesaid_pp.343-344.txt	6.718628550435796E-4	0.06364104210295433	2.0963039956327877E-4	2.7682534003767447E-4	2.7886374203540926E-4	3.53516556553672E-5	0.0036971450573909242	0.06222420708977153	8.76360543655469E-4	3.5259911846857674E-4	4.9227133875234074E-5	5.0122505625048706E-5	4.976076837821891E-4	2.253078971934863E-4	4.130830951776601E-4	7.634469001136999E-4	6.826813793272936E-5	2.5628807616989957E-4	2.3787144938080895E-4	0.49067216385864093	0.37450272535753215
45	file:/C:/Users/apovzner/Documents/Hakluyt/CC_ML_FR_trimmed_morphad_lem/01_46_NNE-_1313_A_third_letter_of_King_Edward_the_second_to_the_said_Haquinus_in_the_behalfe_of_our_English_merchant_pp.344-349.txt	0.03633630331170334	0.10022899078250404	6.920618628296547E-5	9.13895412612117E-5	9.206248768820269E-5	1.1670794273127731E-5	5.557059703656134E-5	0.12422590510240011	0.0037842681308461116	1.1640506494660264E-4	1.625156563286304E-5	0.03496606167625301	1.6427736688671383E-4	7.438186606846997E-5	1.3637290056578644E-4	2.5204001183269447E-4	2.2537654275364265E-5	8.460948592602825E-5	7.852952563913806E-5	0.4532336681504824	0.24595949779749526
46	file:/C:/Users/apovzner/Documents/Hakluyt/CC_ML_FR_trimmed_morphad_lem/01_47_NNE-_1320_An_Ordinance_for_the_Staple_to_be_holden_at_one_certaine_place_pp.350-355.txt	0.19196055837961024	0.049960984474380896	6.740022241005993E-5	8.900469362339608E-5	8.966007923681214E-5	1.1366240100192914E-5	5.412045946889532E-5	0.06992794019571769	2.8176684143537014E-4	1.1336742693752006E-4	1.582747434872407E-5	1.6115353660135554E-5	0.003563739738789809	0.0034761900980100117	1.3281419367998642E-4	0.0013800460099108666	2.1949524924688555E-5	8.240156661860173E-5	7.648026539409548E-5	0.5696142380052833	0.10906402875645871
47	file:/C:/Users/apovzner/Documents/Hakluyt/CC_ML_FR_trimmed_morphad_lem/02_01_NNE-_1262_A_Catalogue_of_the_great_Masters_of_Prussia_pp.001-011.txt	1.1904179182057894E-4	2.1673115928977512E-5	0.018169157237744406	0.036938319402785	4.940954731532757E-5	6.263665867889133E-6	2.982450412287554E-5	0.2511178723644522	0.045797932403986406	6.247410545435401E-5	8.722146459963581E-6	8.88078993406448E-6	0.40086821316587756	6.651623143035798E-4	7.319075827990189E-5	0.02201873466820157	1.2095863616748693E-5	4.5409552828359484E-5	4.214646388720643E-5	2.9498536977448585E-5	0.2239159776001556
48	file:/C:/Users/apovzner/Documents/Hakluyt/CC_ML_FR_trimmed_morphad_lem/02_02_NNE-_1388_The_Oration_or_speach_of_the_Ambassadours_sent_from_Conradus_de_Zolner_Master_generall_of_the_land_o_pp.012-018.txt	0.014135739154393865	4.019519146974571E-5	6.888518577625334E-5	9.096564723339907E-5	9.163547231885029E-5	1.1616661383040576E-5	5.5312842769708724E-5	0.4019489650851694	0.016522098212487013	1.158651408901182E-4	1.6176185654811883E-5	1.6470407530328426E-5	0.02567428085964115	7.403685909755343E-5	1.35740359278156E-4	0.014165833949671358	2.2433117400395974E-5	8.421703997121347E-5	7.816528049176124E-5	5.470830063251816E-5	0.5265966590467394
49	file:/C:/Users/apovzner/Documents/Hakluyt/CC_ML_FR_trimmed_morphad_lem/02_03_NNE-_1390_An_agreement_made_by_the_Ambassadours_of_England_and_Prussia_confirmed_by_king_Richard_the_second_pp.018-024.txt	0.0846278916268997	3.613118198654171E-5	6.192042113624219E-5	8.176839653039942E-5	8.237049770660119E-5	1.0442137259691617E-5	4.972033507564125E-5	0.19349263233711234	0.017978616989628413	1.0415038063814553E-4	1.4540662362113909E-5	1.4805136388483736E-5	1.469828679648263E-4	6.655122495881401E-5	1.2201607815922756E-4	0.005437199863093412	2.0164975403320056E-5	7.570211973882709E-5	7.026223464074397E-5	4.9176916293974145E-5	0.6974569536170225
50	file:/C:/Users/apovzner/Documents/Hakluyt/CC_ML_FR_trimmed_morphad_lem/02_04_NNE-_1398_The_letters_of_Conradus_de_Jungingen_Master_generall_of_Prussia_unto_Rich_the_second_pp.025-027.txt	0.08356477889181091	1.065322435442189E-4	1.825714250727765E-4	2.410928802894263E-4	2.4286816649969417E-4	3.078848375583147E-5	1.4659965586930878E-4	0.28469134052695705	7.632404158273583E-4	3.070858218670751E-4	4.287292302344198E-5	4.3652720689592105E-5	0.0219466166896128	1.9622528009516352E-4	3.5976256076015084E-4	0.003738221591651895	5.945612494852379E-5	2.2320655493181284E-4	2.0716713600725563E-4	1.4499739381165937E-4	0.602760922512974
51	file:/C:/Users/apovzner/Documents/Hakluyt/CC_ML_FR_trimmed_morphad_lem/02_05_NNE-_1407_A_briefe_relation_of_William_Esturmy_and_John_Kington_concerning_their_Ambassages_into_Prussia_and_t_pp.027-033.txt	0.0334700004516033	4.266910397922134E-5	7.312489496976956E-5	9.656435305851343E-5	9.72754041861221E-5	1.2331637549666815E-5	5.871720853235567E-5	0.1780361129182411	3.0569885304784756E-4	1.2299634765836978E-4	1.717178902386563E-5	1.7484119512671143E-5	1.7357935532503243E-4	7.859364077183861E-5	0.0013750443193019748	0.01134485679774915	2.3813819114558652E-5	0.0013203498698298956	8.297615607524462E-5	5.8075458353580665E-5	0.773192563502116
52	file:/C:/Users/apovzner/Documents/Hakluyt/CC_ML_FR_trimmed_morphad_lem/02_06_NNE-_1407_Certaine_Articles_of_complaint_exhibited_by_the_Livonians_pp.033-034.txt	8.798977871874019E-4	1.6019690610929348E-4	2.74540143599657E-4	3.625412572045681E-4	3.652108279268383E-4	4.629790641209202E-5	2.2044791816669502E-4	0.21089261403026108	0.005769193312689688	4.6177755143883505E-4	6.446977361709761E-5	6.564238736625465E-5	0.033002028083481044	2.950720056752298E-4	5.409897252732775E-4	9.998398229673722E-4	8.940661483438697E-5	3.356448558088297E-4	3.115257234032646E-4	2.1803853096266784E-4	0.7446446248356144
53	file:/C:/Users/apovzner/Documents/Hakluyt/CC_ML_FR_trimmed_morphad_lem/02_07_NNE-_1407_Other_complaints_exhibited_by_the_Cities_of_the_Hans_pp.034-036.txt	7.543878734380712E-4	1.373461839442146E-4	2.3537933396281793E-4	3.108278393679711E-4	3.131166185983444E-4	3.969390498695984E-5	1.8900290307719974E-4	0.11345210965872696	9.840040447695218E-4	3.9590892272262107E-4	5.527371034253749E-5	5.627906074285895E-5	5.587289125405522E-4	2.5298250105160647E-4	4.638221556452591E-4	8.57221200928431E-4	7.665352387327335E-5	2.8776798020304923E-4	2.670892362971616E-4	1.8693719440557665E-4	0.8801254672403751
54	file:/C:/Users/apovzner/Documents/Hakluyt/CC_ML_FR_trimmed_morphad_lem/02_08_NNE-_1403_Compositions_and_Ordinances_concluded_betweene_the_Ambassadours_of_Prussia_and_the_Chanceller_and_Tr_pp.036-038.txt	0.06812309717791676	1.1695610617544072E-4	2.0043549506727637E-4	2.6468310031947244E-4	2.666320929961704E-4	3.380104516087857E-5	1.6094399542066515E-4	0.0696170060313262	0.027830202768061148	3.3713325461272623E-4	4.7067910806739805E-5	4.792400935121249E-5	4.7578138789005617E-4	2.1542533912363978E-4	3.949642554626925E-4	0.004103995436828381	6.527372963260166E-5	2.4504665131570006E-4	0.003601473016977461	1.5918495679441538E-4	0.8236929722387603
55	file:/C:/Users/apovzner/Documents/Hakluyt/CC_ML_FR_trimmed_morphad_lem/02_09_NNE-_1403_The_letters_of_the_Chanceller_and_Treasurer_of_England_unto_Conradus_de_Jungingen_master_generall_of_pp.038-041.txt	0.037220935527837784	9.781440915546748E-5	1.6763108968744167E-4	2.2136356893029884E-4	2.2299357845569784E-4	2.8268975168248856E-5	1.3460299195988774E-4	0.3601579977209689	0.01763171150218805	2.8195612170207695E-4	3.936451063818214E-5	4.008049525877851E-5	0.01732884152362071	1.8016761118813497E-4	3.303221742664759E-4	0.0034323123602279927	5.459066231060425E-5	2.049409320964916E-4	1.902140641257501E-4	1.33131847531993E-4	0.5619007583326809
56	file:/C:/Users/apovzner/Documents/Hakluyt/CC_ML_FR_trimmed_morphad_lem/02_10_NNE-_1404_The_letters_of_king_Henry_the_fourth_unto_Conradus_de_Jungingen_the_master_generall_of_Prussia_for_e_pp.041-043.txt	0.01076167800403871	8.902223869896684E-5	1.525633596150922E-4	2.0146602778376801E-4	2.0294952186510548E-4	2.572798299280376E-5	1.225040337441782E-4	0.4048301031506729	0.013478684492566673	2.566121431956144E-4	3.5826182385158244E-5	3.6477809832993786E-5	0.0029303240497838895	1.6397302020728182E-4	3.0063075265704083E-4	5.556160948589666E-4	4.968371237846055E-5	1.865195601936817E-4	0.005309473590608904	1.2116512497243943E-4	0.5601889991469473
57	file:/C:/Users/apovzner/Documents/Hakluyt/CC_ML_FR_trimmed_morphad_lem/02_11_NNE-_1404_The_letters_of_Conradus_de_Jungingen_unto_king_Henry_the_fourth_pp.044-046.txt	0.03500507523210854	8.550861635137698E-5	1.4654183019052158E-4	0.01006077449033481	1.9493929896036307E-4	2.4712524189216335E-5	1.1766891707081553E-4	0.420920442833695	6.126185812819918E-4	2.464839081144458E-4	3.4412157340438904E-5	3.50380656781231E-5	0.032416447371190045	1.5750116242632494E-4	0.01508965534534645	0.007934131560715749	4.772274392074177E-5	1.791578121121121E-4	1.6628369556588823E-4	1.1638285374365913E-4	0.47640850099966336
58	file:/C:/Users/apovzner/Documents/Hakluyt/CC_ML_FR_trimmed_morphad_lem/02_12_NNE-_1405_An_agreement_made_betweene_king_Henry_the_fourth_and_Conradus_de_Jungingen_pp.047-055.txt	0.061014908819845025	3.013225152284888E-5	5.163965310553524E-5	6.81922305168923E-5	6.869436366300064E-5	8.708408887988776E-6	4.1465171077370176E-5	0.1883142673771579	2.1587973196647982E-4	8.685809024343606E-5	1.2126447891110771E-5	1.2347010780163353E-5	9.918562215686679E-4	5.550159555698007E-5	1.0175751123489164E-4	1.8806496180181708E-4	1.6816945292053502E-5	6.313314946720606E-5	5.8596459079056175E-5	4.101197717362431E-5	0.748558041622168
59	file:/C:/Users/apovzner/Documents/Hakluyt/CC_ML_FR_trimmed_morphad_lem/02_13_NNE-_1405_An_agreement_betweene_king_Henry_the_fourth_and_the_Hans-townes_pp.055-067.txt	0.07975794434121593	1.747701017661615E-5	2.9951520289083228E-5	3.955218234542342E-5	0.017686477937512976	5.0509650977161625E-6	2.405021796478792E-5	0.023511952011209057	0.025334690300153635	5.037856948575124E-5	7.033462236913882E-6	7.16139093993937E-6	7.109706735213762E-5	3.219148591110874E-5	5.9020384123993654E-5	0.06162020559333326	9.753998096887921E-6	3.661786424700165E-5	3.398653800768198E-5	2.3787360923994238E-5	0.7916416197993761
60	file:/C:/Users/apovzner/Documents/Hakluyt/CC_ML_FR_trimmed_morphad_lem/02_14_NNE-_1405_A_testimonie_out_of_Albertus_Krantzius_concerning_the_surprise_of_Bergen_in_Norway_wherein_21_houses_pp.068-071.txt	0.028006867052147204	6.390999848155875E-5	1.095268353597942E-4	0.03148791411608954	0.03517642378410838	1.847038872571894E-5	8.794693017157422E-5	0.08413487482242976	0.07051932566838745	1.8422454795187694E-4	2.571999194019463E-5	2.6187802116734204E-5	0.06663399176833286	1.1771795031914428E-4	0.0020595482952128507	0.10733477752952042	3.566845800635281E-5	0.013039960629982479	1.242821037759987E-4	8.698571352706668E-5	0.560725675613413
61	file:/C:/Users/apovzner/Documents/Hakluyt/CC_ML_FR_trimmed_morphad_lem/02_15_NNE-_1407_The_grievances_and_offences_whereat_the_merchants_of_the_Hans_found_themselves_agrieved_pp.072-083.txt	0.3411705088451827	2.0278434040557437E-5	3.4752507577596966E-5	6.308991581135385E-4	0.10300747603778673	5.860594091330232E-6	2.790527405611482E-5	0.13082698152173766	0.007750375003609971	5.8453848115355686E-5	8.160869542711731E-6	8.309304185707328E-6	0.004177542912338871	6.223586013691402E-4	6.848087598576301E-5	1.2656415403761824E-4	1.1317485373105227E-5	4.2487412740219635E-5	3.943430611362825E-5	2.7600283150349792E-5	0.4113342525708513
62	file:/C:/Users/apovzner/Documents/Hakluyt/CC_ML_FR_trimmed_morphad_lem/02_16_NNE-_1407_A_letter_of_Henry_the_fourth_king_of_England_unto_Conradus_de_Jungingen_Master_generall_of_Prussia_pp.083-085.txt	0.039136466603194184	1.3312633158355297E-4	2.2814749096907748E-4	3.012779010001965E-4	3.0349635930747635E-4	3.847434129867322E-5	1.8319593906976751E-4	0.4748163223713994	9.537713024247634E-4	3.8374493567776356E-4	5.357546951506593E-5	5.454993132323102E-5	5.415624106921151E-4	2.452098147372761E-4	4.4957158848554996E-4	8.308837607137377E-4	7.429840526436432E-5	0.004119452207453721	2.588831317522136E-4	1.811936976555815E-4	0.4767127960064822
